   3.7000000476837158       -55.075234045107436       0.66778858238501859     
   3.7010000476837157       -55.080163516416796       0.66694842049535941     
   3.7020000476837156       -55.085104789196741       0.66610314847832963     
   3.7030000476837155       -55.090057929803400       0.66525271059909763     
   3.7040000476837154       -55.095023005356303       0.66439704013601342     
   3.7050000476837153       -55.100000083751972       0.66353607223973432     
   3.7060000476837152       -55.104989233678673       0.66266974078787366     
   3.7070000476837150       -55.109990524631279       0.66179797835071241     
   3.7080000476837149       -55.115004026926727       0.66092071278905384     
   3.7090000476837148       -55.120029811719178       0.66003788045483636     
   3.7100000476837147       -55.125067951016931       0.65914940662246402     
   3.7110000476837146       -55.130118517698008       0.65825521826204569     
   3.7120000476837145       -55.135181585527974       0.65735524084489971     
   3.7130000476837144       -55.140257229176790       0.65644939830110050     
   3.7140000476837143       -55.145345524237449       0.65553760945433104     
   3.7150000476837142       -55.150446547243355       0.65461980181252744     
   3.7160000476837141       -55.155560375688083       0.65369589112160709     
   3.7170000476837139       -55.160687088044625       0.65276579468960472     
   3.7180000476837138       -55.165826763785283       0.65182942804672872     
   3.7190000476837137       -55.170979483402441       0.65088670135829518     
   3.7200000476837136       -55.176145328429556       0.64993753324681325     
   3.7210000476837135       -55.181324381463035       0.64898183029082157     
   3.7220000476837134       -55.186516726184927       0.64801950035951006     
   3.7230000476837133       -55.191722447385395       0.64705044925977373     
   3.7240000476837132       -55.196941630986949       0.64607457703626181     
   3.7250000476837131       -55.202174364069165       0.64509179216883272     
   3.7260000476837130       -55.207420734893269       0.64410199050501327     
   3.7270000476837128       -55.212680832928505       0.64310506893584851     
   3.7280000476837127       -55.217954748879265       0.64210091839269301     
   3.7290000476837126       -55.223242574711932       0.64108943769316928     
   3.7300000476837125       -55.228544403684062       0.64007051297654194     
   3.7310000476837124       -55.233860330373560       0.63904403102092078     
   3.7320000476837123       -55.239190450708911       0.63800987586599034     
   3.7330000476837122       -55.244534862000485       0.63696792488895149     
   3.7340000476837121       -55.249893662973200       0.63591806371971016     
   3.7350000476837120       -55.255266953799527       0.63486016407567847     
   3.7360000476837119       -55.260654836134066       0.63379409448607127     
   3.7370000476837117       -55.266057413149369       0.63271973072688681     
   3.7380000476837116       -55.271474789572515       0.63163693502058793     
   3.7390000476837115       -55.276907071723464       0.63054556943369000     
   3.7400000476837114       -55.282354367554063       0.62944548870581296     
   3.7410000476837113       -55.287816786689369       0.62833655472131100     
   3.7420000476837112       -55.293294440469275       0.62721861494138498     
   3.7430000476837111       -55.298787441992623       0.62609151625550663     
   3.7440000476837110       -55.304295906162196       0.62495509744849642     
   3.7450000476837109       -55.309819949731320       0.62380920450304311     
   3.7460000476837108       -55.315359691353258       0.62265366776439246     
   3.7470000476837106       -55.320915251630851       0.62148831265378279     
   3.7480000476837105       -55.326486753168759       0.62031297112333406     
   3.7490000476837104       -55.332074320628138       0.61912745910862466     
   3.7500000476837103       -55.337678080782375       0.61793158698877659     
   3.7510000476837102       -55.343298162575913       0.61672517110327163     
   3.7520000476837101       -55.348934697184681       0.61550801113926201     
   3.7530000476837100       -55.354587818078748       0.61427990049752090     
   3.7540000476837099       -55.360257661089150       0.61304063805302345     
   3.7550000476837098       -55.365944364474437       0.61179000511613357     
   3.7560000476837097       -55.371648068992862       0.61052777586097007     
   3.7570000476837095       -55.377368917975694       0.60925372952798151     
   3.7580000476837094       -55.383107057403997       0.60796762264412862     
   3.7590000476837093       -55.388862635989220       0.60666921930951301     
   3.7600000476837092       -55.394635805256684       0.60535826480073318     
   3.7610000476837091       -55.400426719631952       0.60403449554436184     
   3.7620000476837090       -55.406235536533082       0.60269765148360011     
   3.7630000476837089       -55.412062416464366       0.60134744784695637     
   3.7640000476837088       -55.417907523116384       0.59998360598299427     
   3.7650000476837087       -55.423771023468923       0.59860582208941737     
   3.7660000476837086       -55.429653087900114       0.59721379723816981     
   3.7670000476837084       -55.435553890299289       0.59580720663532327     
   3.7680000476837083       -55.441473608185795       0.59438572916823362     
   3.7690000476837082       -55.447412422834056       0.59294901685364743     
   3.7700000476837081       -55.453370519403094       0.59149672422787047     
   3.7710000476837080       -55.459348087073877       0.59002847764385724     
   3.7720000476837079       -55.465345319192700       0.58854390482342434     
   3.7730000476837078       -55.471362413422185       0.58704260365547178     
   3.7740000476837077       -55.477399571899475       0.58552417224006692     
   3.7750000476837076       -55.483457001403089       0.58398817681938653     
   3.7760000476837075       -55.489534913528800       0.58243418266472169     
   3.7770000476837073       -55.495633524873419       0.58086172073703812     
   3.7780000476837072       -55.501753057230722       0.57927031559541542     
   3.7790000476837071       -55.507893737796437       0.57765947137549234     
   3.7800000476837070       -55.514055799385169       0.57602865898033662     
   3.7810000476837069       -55.520239480659846       0.57437733915618827     
   3.7820000476837068       -55.526445026374688       0.57270494865205590     
   3.7830000476837067       -55.532672687631042       0.57101088670108002     
   3.7840000476837066       -55.538922722150474       0.56929453817754483     
   3.7850000476837065       -55.545195394562420       0.56755525518124550     
   3.7860000476837063       -55.551490976711108       0.56579236356126728     
   3.7870000476837062       -55.557809747980897       0.56400514435988935     
   3.7880000476837061       -55.564151995642604       0.56219285671412489     
   3.7890000476837060       -55.570518015222611       0.56035471865596798     
   3.7900000476837059       -55.576908110896014       0.55848990882416272     
   3.7910000476837058       -55.583322595906566       0.55659756368911961     
   3.7920000476837057       -55.589761793015683       0.55467677452412334     
   3.7930000476837056       -55.596226034982450       0.55272658409511577     
   3.7940000476837055       -55.602715665078691       0.55074598303527089     
   3.7950000476837054       -55.609231037641521       0.54873390586757498     
   3.7960000476837052       -55.615772518666283       0.54668922663412733     
   3.7970000476837051       -55.622340486446205       0.54461075408230297     
   3.7980000476837050       -55.628935332261001       0.54249722635243136     
   3.7990000476837049       -55.635557461120136       0.54034730063490333     
   3.8000000476837048       -55.642207292567448       0.53815956430956813     
   3.8010000476837047       -55.648885261552586       0.53593250153553018     
   3.8020000476837046       -55.655591819376589       0.53366449789510695     
   3.8030000476837045       -55.662327434721128       0.53135384509714478     
   3.8040000476837044       -55.669092594769502       0.52899869976478386     
   3.8050000476837043       -55.675887806431447       0.52659710765632983     
   3.8060000476837041       -55.682713597683311       0.52414695516864429     
   3.8070000476837040       -55.689570519039279       0.52164598658297157     
   3.8080000476837039       -55.696459145169278       0.51909176951880187     
   3.8090000476837038       -55.703380076683757       0.51648168105057801     
   3.8100000476837037       -55.710333942107418       0.51381288657554536     
   3.8110000476837036       -55.717321400068940       0.51108231560438766     
   3.8120000476837035       -55.724343141737599       0.50828663391371054     
   3.8130000476837034       -55.731399893543887       0.50542220655706727     
   3.8140000476837033       -55.738492420228383       0.50248507943156928     
   3.8150000476837032       -55.745621528270767       0.49947090272004546     
   3.8160000476837030       -55.752788069762673       0.49637491284345026     
   3.8170000476837029       -55.759992946800537       0.49319185321635012     
   3.8180000476837028       -55.767237116492595       0.48991590267696861     
   3.8190000476837027       -55.774521596693319       0.48654060924990555     
   3.8200000476837026       -55.781847472608050       0.48305875381151137     
   3.8210000476837025       -55.789215904444724       0.47946225425688738     
   3.8220000476837024       -55.796628136335784       0.47574201315589709     
   3.8230000476837023       -55.804085506815355       0.47188770104971711     
   3.8240000476837022       -55.811589461216464       0.46788755090367684     
   3.8250000476837021       -55.819141566467088       0.46372805838302483     
   3.8260000476837019       -55.826743528916147       0.45939359557869103     
   3.8270000476837018       -55.834397216033594       0.45486591876082788     
   3.8280000476837017       -55.842104683142352       0.45012355911123492     
   3.8290000476837016       -55.849868206784947       0.44514092835798263     
   3.8300000476837015       -55.857690327005088       0.43988719505045176     
   3.8310000476837014       -55.865573901859271       0.43432461736820288     
   3.8320000476837013       -55.873522179120286       0.42840627362687850     
   3.8330000476837012       -55.881538892839323       0.42207259447768192     
   3.8340000476837011       -55.889628397083811       0.41524615708546525     
   3.8350000476837010       -55.897795857570514       0.40782328742354906     
   3.8360000476837008       -55.906047538081481       0.39965990650823863     
   3.8370000476837007       -55.914391252181979       0.39054581902537966     
   3.8380000476837006       -55.922837128180610       0.38015343017548214     
   3.8390000476837005       -55.931399039742779       0.36792096942322977     
   3.8400000476837004       -55.940097715402977       0.35272590101932022     
   3.8410000476837003       -55.948969549681998       0.33155214625291429     
   3.8420000476837002       -55.960057685251755        2.1334229140893926E-006
   3.8430000476837001       -55.970706988468507        1.7509488966690097E-006
   3.8440000476837000       -55.981359815840335        1.4799867500599657E-006
   3.8450000476836999       -55.992016165894647        1.2847678941089551E-006
   3.8460000476836997       -56.002676037157727        1.1322704365768210E-006
   3.8470000476836996       -56.013339428154787        9.9264242577519935E-007
   3.8480000476836995       -56.024006337410100        8.7640282520062840E-007
   3.8490000476836994       -56.034676763446797        7.6476306611524458E-007
   3.8500000476836993       -56.045350704787076        6.6774873778522681E-007
   3.8510000476836992       -56.056028159951900        5.7681488494868794E-007
   3.8520000476836991       -56.066709127461394        4.9294399919371423E-007
   3.8530000476836990       -56.077393605834565        4.2317376873028206E-007
   3.8540000476836989       -56.088081593589436        3.5975135437293915E-007
   3.8550000476836987       -56.098773089242954        3.0286502885242445E-007
   3.8560000476836986       -56.109468091311136        2.5249880062731361E-007
   3.8570000476836985       -56.120166598308877        2.0846517127341238E-007
   3.8580000476836984       -56.130868608750106        1.7044024018068407E-007
   3.8590000476836983       -56.141574121147762        1.3799892069806438E-007
   3.8600000476836982       -56.152283134013743        1.1311796405122365E-007
   3.8610000476836981       -56.162995645859020        9.1912971437550325E-008
   3.8620000476836980       -56.173711655193472        7.4030696406435226E-008
   3.8630000476836979       -56.184431160525982        5.9106750531038678E-008
   3.8640000476836978       -56.195154160364531        4.6779198070723282E-008
   3.8650000476836976       -56.205880653216056        3.6699446315235917E-008
   3.8660000476836975       -56.216610637586506        2.8540260284722525E-008
   3.8670000476836974       -56.227344111980834        2.2001300818234409E-008
   3.8680000476836973       -56.238081074903008        1.6812438718982747E-008
   3.8690000476836972       -56.248821524856140        1.2735230425775512E-008
   3.8700000476836971       -56.259565460342195        9.5625941239537351E-009
   3.8710000476836970       -56.270312879862310        7.1176742832967932E-009
   3.8720000476836969       -56.281063781916480        5.2516166600587626E-009
   3.8730000476836968       -56.291818165004031        3.8409765368285775E-009
   3.8740000476836967       -56.302576027623005        2.7847677682342939E-009
   3.8750000476836965       -56.313337368270687        2.0013716239830615E-009
   3.8760000476836964       -56.324102185443351        1.4258330997366879E-009
   3.8770000476836963       -56.334870477636400        1.0069417151944056E-009
   3.8780000476836962       -56.345642243344116        7.0491483021110446E-010
   3.8790000476836961       -56.356417481059999        4.8916145208484829E-010
   3.8800000476836960       -56.367196189276548        3.3650660036244062E-010
   3.8810000476836959       -56.377978366485294        2.2946204195998612E-010
   3.8820000476836958       -56.388764011177045        1.5510256042479872E-010
   3.8830000476836957       -56.399553121841265        1.0394320589431534E-010
   3.8840000476836956       -56.410345696966885        6.9047730496170815E-011
   3.8850000476836954       -56.421141735041722        4.5467389112966807E-011
   3.8860000476836953       -56.431941234552781        2.9673393372083488E-011
   3.8870000476836952       -56.442744193985973        1.9204674887400113E-011
   3.8880000476836951       -56.453550611826508        1.2314390248254389E-011
   3.8890000476836950       -56.464360486558597        7.8100674076135111E-012
   3.8900000476836949       -56.475173816665496        4.9347378035709726E-012
   3.8910000476836948       -56.485990600629599        3.0652517561217487E-012
   3.8920000476836947       -56.496810836932383        1.8984813721090177E-012
   3.8930000476836946       -56.507634524054531        1.1545024195906233E-012
   3.8940000476836945       -56.518461660475708        6.9598031042043352E-013
   3.8950000476836943       -56.529292244674743        4.1953477728876959E-013
   3.8960000476836942       -56.540126275129445        2.6123547769429933E-013
   3.8970000476836941       -56.550963750317052        1.4932499681208355E-013
   3.8980000476836940       -56.561804668713705        9.8957878928255624E-014
   3.8990000476836939       -56.572649028794501        4.8276197854117221E-014
