   3.7000000476837158       -55.608574838489467       0.62138709852171614     
   3.7010000476837157       -55.614078628371978       0.62038637467321311     
   3.7020000476837156       -55.619595862201976       0.61937895377529462     
   3.7030000476837155       -55.625126620415436       0.61836475453518114     
   3.7040000476837154       -55.630670984447406       0.61734368066662892     
   3.7050000476837153       -55.636229036751132       0.61631563746884666     
   3.7060000476837152       -55.641800860819664       0.61528052438628655     
   3.7070000476837150       -55.647386541206266       0.61423824984815423     
   3.7080000476837149       -55.652986163546430       0.61318870926891778     
   3.7090000476837148       -55.658599814580434       0.61213179934249695     
   3.7100000476837147       -55.664227582175627       0.61106741063071068     
   3.7110000476837146       -55.669869555351184       0.60999544245147674     
   3.7120000476837145       -55.675525824301538       0.60891578079604558     
   3.7130000476837144       -55.681196480421988       0.60782831265135862     
   3.7140000476837143       -55.686881616334347       0.60673291848178390     
   3.7150000476837142       -55.692581325913643       0.60562948743729994     
   3.7160000476837141       -55.698295704315747       0.60451789478441531     
   3.7170000476837139       -55.704024848004870       0.60339801651618497     
   3.7180000476837138       -55.709768854783604       0.60226972158540426     
   3.7190000476837137       -55.715527823822740       0.60113288772430284     
   3.7200000476837136       -55.721301855691571       0.59998737795523038     
   3.7210000476837135       -55.727091052390868       0.59883305180046842     
   3.7220000476837134       -55.732895517385330       0.59766977693966716     
   3.7230000476837133       -55.738715355637282       0.59649740631211867     
   3.7240000476837132       -55.744550673642699       0.59531578895224146     
   3.7250000476837131       -55.750401579466654       0.59412478154778336     
   3.7260000476837130       -55.756268182781291       0.59292422581255233     
   3.7270000476837128       -55.762150594904682       0.59171395909989100     
   3.7280000476837127       -55.768048928840450       0.59049382601852018     
   3.7290000476837126       -55.773963299319675       0.58926365576376716     
   3.7300000476837125       -55.779893822843178       0.58802327265301602     
   3.7310000476837124       -55.785840617726535       0.58677250796070179     
   3.7320000476837123       -55.791803804145410       0.58551117689150611     
   3.7330000476837122       -55.797783504183364       0.58423908917942025     
   3.7340000476837121       -55.803779841881095       0.58295606131598399     
   3.7350000476837120       -55.809792943287114       0.58166189282902325     
   3.7360000476837119       -55.815822936510870       0.58035637709274546     
   3.7370000476837117       -55.821869951777785       0.57903931414186893     
   3.7380000476837116       -55.827934121485299       0.57771048175408246     
   3.7390000476837115       -55.834015580262893       0.57636966728909533     
   3.7400000476837114       -55.840114465032329       0.57501663598827601     
   3.7410000476837113       -55.846230915071907       0.57365116160206153     
   3.7420000476837112       -55.852365072082151       0.57227299959818634     
   3.7430000476837111       -55.858517080254671       0.57088189732584727     
   3.7440000476837110       -55.864687086343260       0.56947760699437755     
   3.7450000476837109       -55.870875239738488       0.56805985635422784     
   3.7460000476837108       -55.877081692544557       0.56662838110995528     
   3.7470000476837106       -55.883306599659974       0.56518289194694349     
   3.7480000476837105       -55.889550118861266       0.56372310667541692     
   3.7490000476837104       -55.895812410890230       0.56224871728806880     
   3.7500000476837103       -55.902093639544823       0.56075942214136509     
   3.7510000476837102       -55.908393971774437       0.55925489272468809     
   3.7520000476837101       -55.914713577778478       0.55773480618874227     
   3.7530000476837100       -55.921052631110172       0.55619881149708450     
   3.7540000476837099       -55.927411308784571       0.55464655844724142     
   3.7550000476837098       -55.933789791391099       0.55307768373842470     
   3.7560000476837097       -55.940188263212328       0.55149179904990930     
   3.7570000476837095       -55.946606912346923       0.54988851848454467     
   3.7580000476837094       -55.953045930839409       0.54826742499628944     
   3.7590000476837093       -55.959505514816009       0.54662809905551768     
   3.7600000476837092       -55.965985864626120       0.54497010481260355     
   3.7610000476837091       -55.972487184991984       0.54329297709321167     
   3.7620000476837090       -55.979009685164932       0.54159624565858733     
   3.7630000476837089       -55.985553579089853       0.53987942143483547     
   3.7640000476837088       -55.992119085578196       0.53814198278988901     
   3.7650000476837087       -55.998706428489108       0.53638340027317810     
   3.7660000476837086       -56.005315836921504       0.53460311801051830     
   3.7670000476837084       -56.011947545414877       0.53280055686562922     
   3.7680000476837083       -56.018601794162684       0.53097511733701486     
   3.7690000476837082       -56.025278829235560       0.52912616104585297     
   3.7700000476837081       -56.031978902818494       0.52725303492301923     
   3.7710000476837080       -56.038702273460764       0.52535505225330636     
   3.7720000476837079       -56.045449206340784       0.52343149521955212     
   3.7730000476837078       -56.052219973546023       0.52148161294954931     
   3.7740000476837077       -56.059014854369686       0.51950461940612636     
   3.7750000476837076       -56.065834135625884       0.51749969110290384     
   3.7760000476837075       -56.072678111983706       0.51546596462925187     
   3.7770000476837073       -56.079547086322286       0.51340253396455438     
   3.7780000476837072       -56.086441370109355       0.51130844755902338     
   3.7790000476837071       -56.093361283803397       0.50918270515679021     
   3.7800000476837070       -56.100307157283069       0.50702424967806858     
   3.7810000476837069       -56.107279330305794       0.50483198186274825     
   3.7820000476837068       -56.114278152997542       0.50260472875885998     
   3.7830000476837067       -56.121303986377448       0.50034125261520079     
   3.7840000476837066       -56.128357202919474       0.49804025983526340     
   3.7850000476837065       -56.135438187156161       0.49570036362786007     
   3.7860000476837063       -56.142547336326480       0.49332011415311977     
   3.7870000476837062       -56.149685061073740       0.49089795578964318     
   3.7880000476837061       -56.156851786197883       0.48843225607240143     
   3.7890000476837060       -56.164047951467751       0.48592126075203551     
   3.7900000476837059       -56.171274012499467       0.48336311737449300     
   3.7910000476837058       -56.178530441708801       0.48075584634228391     
   3.7920000476837057       -56.185817729344286       0.47809733441851149     
   3.7930000476837056       -56.193136384611648       0.47538532211443302     
   3.7940000476837055       -56.200486936898656       0.47261738953135191     
   3.7950000476837054       -56.207869937113763       0.46979094042059327     
   3.7960000476837052       -56.215285959150968       0.46690317916551088     
   3.7970000476837051       -56.222735601497412       0.46395111014955615     
   3.7980000476837050       -56.230219489002387       0.46093148013590929     
   3.7990000476837049       -56.237738274827876       0.45784078626145508     
   3.8000000476837048       -56.245292642606685       0.45467522596623716     
   3.8010000476837047       -56.252883308836239       0.45143066718126817     
   3.8020000476837046       -56.260511025543281       0.44810260310548128     
   3.8030000476837045       -56.268176583258501       0.44468612531626200     
   3.8040000476837044       -56.275880814350941       0.44117583487393525     
   3.8050000476837043       -56.283624596777827       0.43756581322763766     
   3.8060000476837041       -56.291408858320786       0.43384952229275564     
   3.8070000476837040       -56.299234581391261       0.43001974081994726     
   3.8080000476837039       -56.307102808506777       0.42606841783437349     
   3.8090000476837038       -56.315014648564691       0.42198660142491012     
   3.8100000476837037       -56.322971284068117       0.41776422887133507     
   3.8110000476837036       -56.330973979497521       0.41338997473610034     
   3.8120000476837035       -56.339024091073036       0.40885101548821828     
   3.8130000476837034       -56.347123078218381       0.40413272773664360     
   3.8140000476837033       -56.355272517127545       0.39921834487379537     
   3.8150000476837032       -56.363474116955999       0.39408850189683547     
   3.8160000476837030       -56.371729739328579       0.38872062926274392     
   3.8170000476837029       -56.380041422087956       0.38308822242448698     
   3.8180000476837028       -56.388411408549729       0.37715980595706178     
   3.8190000476837027       -56.396842184018276       0.37089758977508680     
   3.8200000476837026       -56.405336522058192       0.36425559327240253     
   3.8210000476837025       -56.413897544146558       0.35717700112565964     
   3.8220000476837024       -56.422528798133186       0.34959038265107800     
   3.8230000476837023       -56.431234363889430       0.34140396697118008     
   3.8240000476837022       -56.440018999607759       0.33249686474395401     
   3.8250000476837021       -56.448888351385968       0.32270470523865868     
   3.8260000476837019       -56.457849266370587       0.31179505170087585     
   3.8270000476837018       -56.466910286398843       0.29942183034145103     
   3.8280000476837017       -56.476082483382974       0.28503237766982592     
   3.8290000476837016       -56.485381019984594       0.26764997242945499     
   3.8300000476837015       -56.494828535796984       0.24524440515447454     
   3.8310000476837014       -56.504464707315393       0.21203543328280661     
   3.8320000476837013       -56.514418639106822        9.9695539296433086E-005
   3.8330000476837012       -56.524850051486112        9.5110495085444970E-006
   3.8340000476837011       -56.535284880568256        4.9922394972738244E-006
   3.8350000476837010       -56.545723125122827        3.3744084258121219E-006
   3.8360000476837008       -56.556164783905118        2.5562534704537399E-006
   3.8370000476837007       -56.566609855669064        2.0528002332986794E-006
   3.8380000476837006       -56.577058339167543        1.7170397711615177E-006
   3.8390000476837005       -56.587510233152493        1.4691734141851025E-006
   3.8400000476837004       -56.597965536374652        1.2857016513471524E-006
   3.8410000476837003       -56.608424247583820        1.1347635019420821E-006
   3.8420000476837002       -56.618886365528688        1.0063284827851089E-006
   3.8430000476837001       -56.629351888957125        8.9089180677071056E-007
   3.8440000476837000       -56.639820816615654        7.8010494669600305E-007
   3.8450000476836999       -56.650293147250053        6.8378882001063346E-007
   3.8460000476836997       -56.660768879604959        5.9337742105055235E-007
   3.8470000476836996       -56.671248012424037        5.0977728309013293E-007
   3.8480000476836995       -56.681730544449870        4.3358149148797764E-007
   3.8490000476836994       -56.692216474424086        3.7083868163293826E-007
   3.8500000476836993       -56.702705801087383        3.1429474064056012E-007
   3.8510000476836992       -56.713198523179287        2.6395345096667339E-007
   3.8520000476836991       -56.723694639438463        2.1966257209478832E-007
   3.8530000476836990       -56.734194148602498        1.8114387528855858E-007
   3.8540000476836989       -56.744697049407968        1.4802339522631178E-007
   3.8550000476836987       -56.755203340590597        1.1986065686272104E-007
   3.8560000476836986       -56.765713020884938        9.6175147697626543E-008
   3.8570000476836985       -56.776226089024625        7.8242168595939646E-008
   3.8580000476836984       -56.786742543742371        6.3132857959965108E-008
   3.8590000476836983       -56.797262383769848        5.0525069387556222E-008
   3.8600000476836982       -56.807785607837694        4.0104738178540579E-008
   3.8610000476836981       -56.818312214675657        3.1573434366993780E-008
   3.8620000476836980       -56.828842203012485        2.4653911171827286E-008
   3.8630000476836979       -56.839375571575921        1.9093626346666781E-008
   3.8640000476836978       -56.849912319092780        1.4666598805816259E-008
   3.8650000476836976       -56.860452444288896        1.1174008699802821E-008
   3.8660000476836975       -56.870995945889064        8.4435933245252670E-009
   3.8670000476836974       -56.881542822617270        6.3282684648058307E-009
   3.8680000476836973       -56.892093073196435        4.7041549914676279E-009
   3.8690000476836972       -56.902646696348597        3.4683386903229993E-009
   3.8700000476836971       -56.913203690794617        2.5363041666892627E-009
   3.8710000476836970       -56.923764055254736        1.8395825603552869E-009
   3.8720000476836969       -56.934327788448016        1.3233615869800985E-009
   3.8730000476836968       -56.944894889092666        9.4423117473022943E-010
   3.8740000476836967       -56.955465355905858        6.6824051847547139E-010
   3.8750000476836965       -56.966039187604004        4.6905634931704299E-010
   3.8760000476836964       -56.976616382902328        3.2656568190366403E-010
   3.8770000476836963       -56.987196940515346        2.2550487403331468E-010
   3.8780000476836962       -56.997780859156556        1.5444253283665907E-010
   3.8790000476836961       -57.008368137538397        1.0492356983249351E-010
   3.8800000476836960       -57.018958774372592        7.0696855776949022E-011
   3.8810000476836959       -57.029552768369776        4.7241340469147040E-011
   3.8820000476836958       -57.040150118239794        3.1306697974760787E-011
   3.8830000476836957       -57.050750822691498        2.0584830136745797E-011
   3.8840000476836956       -57.061354880432781        1.3416157074175317E-011
   3.8850000476836954       -57.071962290170667        8.6741354839621944E-012
   3.8860000476836953       -57.082573050611309        5.5797588771611117E-012
   3.8870000476836952       -57.093187160459934        3.5404827218125470E-012
   3.8880000476836951       -57.103804618420710        2.2267188093394452E-012
   3.8890000476836950       -57.114425423197126        1.3965865501101387E-012
   3.8900000476836949       -57.125049573491630        8.5735122704970002E-013
   3.8910000476836948       -57.135677068005819        5.2232292565198201E-013
   3.8920000476836947       -57.146307905440317        3.2448118266377907E-013
   3.8930000476836946       -57.156942084494993        1.9508468914371710E-013
   3.8940000476836945       -57.167579603868788        1.0832075976926110E-013
   3.8950000476836943       -57.178220462259560        6.7409041311824084E-014
   3.8960000476836942       -57.188864658364544        2.5590640717609858E-014
   3.8970000476836941       -57.199512190879972        2.4350891673445101E-014
   3.8980000476836940       -57.210163058501095        2.0779674277567512E-014
   3.8990000476836939       -57.220817259922519        2.0021021877406991E-014
