0.50    1.44    0.347  0     342.982    5.838      1.0            0.0            5.74    -0.00524
0.93    1.87    0.497  11    459.054    6.129      2.39789534     1.041     6.4       2.0236
1.39    2.20    0.632  78    560.083    6.328      4.35670900     1.892     8.00    6.942
1.94    2.56    0.758  253   652.382    6.481      5.53338957     2.403     
2.35    2.81    0.836  395   708.802    6.564      5.97888565     2.597     2.85052490
2.86    3.12    0.917  656   765.762    6.641      6.48616076     2.817     
3.31    3.37    0.982  920   811.620    6.700      6.82437372     2.964     2.90935278
3.80    3.66    1.038  1266  850.445    6.746      7.14361763     3.102     
4.38    3.93    1.115  1708  902.683    6.806      7.44307852     3.232     2.95553517
4.80    4.14    1.159  2060  933.151    6.839      7.63046122     3.314
5.29    4.41    1.200  2590  960.185    6.868      7.85941315     3.413     2.98235488
VL      IL      r      R       T         log(T)       log(R)      log10(R)