   2.0000000000000000       -6.3184613126960762     
   2.0009999999999999       -6.3209676424736569     
   2.0019999999999998       -6.3234741762128275     
   2.0029999999999997       -6.3259809136491523     
   2.0039999999999996       -6.3284878545186949     
   2.0049999999999994       -6.3309949985580047     
   2.0059999999999993       -6.3335023455041259     
   2.0069999999999992       -6.3360098950945876     
   2.0079999999999991       -6.3385176470674107     
   2.0089999999999990       -6.3410256011611041     
   2.0099999999999989       -6.3435337571146579     
   2.0109999999999988       -6.3460421146675516     
   2.0119999999999987       -6.3485506735597452     
   2.0129999999999986       -6.3510594335316828     
   2.0139999999999985       -6.3535683943242915     
   2.0149999999999983       -6.3560775556789757     
   2.0159999999999982       -6.3585869173376182     
   2.0169999999999981       -6.3610964790425841     
   2.0179999999999980       -6.3636062405367113     
   2.0189999999999979       -6.3661162015633170     
   2.0199999999999978       -6.3686263618661885     
   2.0209999999999977       -6.3711367211895897     
   2.0219999999999976       -6.3736472792782592     
   2.0229999999999975       -6.3761580358774026     
   2.0239999999999974       -6.3786689907326952     
   2.0249999999999972       -6.3811801435902868     
   2.0259999999999971       -6.3836914941967908     
   2.0269999999999970       -6.3862030422992859     
   2.0279999999999969       -6.3887147876453243     
   2.0289999999999968       -6.3912267299829146     
   2.0299999999999967       -6.3937388690605346     
   2.0309999999999966       -6.3962512046271200     
   2.0319999999999965       -6.3987637364320733     
   2.0329999999999964       -6.4012764642252531     
   2.0339999999999963       -6.4037893877569791     
   2.0349999999999961       -6.4063025067780295     
   2.0359999999999960       -6.4088158210396395     
   2.0369999999999959       -6.4113293302934995     
   2.0379999999999958       -6.4138430342917570     
   2.0389999999999957       -6.4163569327870125     
   2.0399999999999956       -6.4188710255323160     
   2.0409999999999955       -6.4213853122811759     
   2.0419999999999954       -6.4238997927875490     
   2.0429999999999953       -6.4264144668058378     
   2.0439999999999952       -6.4289293340908991     
   2.0449999999999950       -6.4314443943980342     
   2.0459999999999949       -6.4339596474829932     
   2.0469999999999948       -6.4364750931019712     
   2.0479999999999947       -6.4389907310116063     
   2.0489999999999946       -6.4415065609689810     
   2.0499999999999945       -6.4440225827316224     
   2.0509999999999944       -6.4465387960574967     
   2.0519999999999943       -6.4490552007050113     
   2.0529999999999942       -6.4515717964330133     
   2.0539999999999941       -6.4540885830007886     
   2.0549999999999939       -6.4566055601680583     
   2.0559999999999938       -6.4591227276949850     
   2.0569999999999937       -6.4616400853421592     
   2.0579999999999936       -6.4641576328706147     
   2.0589999999999935       -6.4666753700418118     
   2.0599999999999934       -6.4691932966176466     
   2.0609999999999933       -6.4717114123604444     
   2.0619999999999932       -6.4742297170329621     
   2.0629999999999931       -6.4767482103983882     
   2.0639999999999930       -6.4792668922203358     
   2.0649999999999928       -6.4817857622628470     
   2.0659999999999927       -6.4843048202903928     
   2.0669999999999926       -6.4868240660678653     
   2.0679999999999925       -6.4893434993605847     
   2.0689999999999924       -6.4918631199342922     
   2.0699999999999923       -6.4943829275551535     
   2.0709999999999922       -6.4969029219897552     
   2.0719999999999921       -6.4994231030051042     
   2.0729999999999920       -6.5019434703686283     
   2.0739999999999919       -6.5044640238481710     
   2.0749999999999917       -6.5069847632119977     
   2.0759999999999916       -6.5095056882287876     
   2.0769999999999915       -6.5120267986676366     
   2.0779999999999914       -6.5145480942980551     
   2.0789999999999913       -6.5170695748899670     
   2.0799999999999912       -6.5195912402137122     
   2.0809999999999911       -6.5221130900400395     
   2.0819999999999910       -6.5246351241401079     
   2.0829999999999909       -6.5271573422854905     
   2.0839999999999907       -6.5296797442481669     
   2.0849999999999906       -6.5322023298005236     
   2.0859999999999905       -6.5347250987153584     
   2.0869999999999904       -6.5372480507658732     
   2.0879999999999903       -6.5397711857256740     
   2.0889999999999902       -6.5422945033687734     
   2.0899999999999901       -6.5448180034695884     
   2.0909999999999900       -6.5473416858029356     
   2.0919999999999899       -6.5498655501440366     
   2.0929999999999898       -6.5523895962685117     
   2.0939999999999896       -6.5549138239523819     
   2.0949999999999895       -6.5574382329720677     
   2.0959999999999894       -6.5599628231043861     
   2.0969999999999893       -6.5624875941265532     
   2.0979999999999892       -6.5650125458161819     
   2.0989999999999891       -6.5675376779512771     
   2.0999999999999890       -6.5700629903102419     
   2.1009999999999889       -6.5725884826718701     
   2.1019999999999888       -6.5751141548153518     
   2.1029999999999887       -6.5776400065202658     
   2.1039999999999885       -6.5801660375665829     
   2.1049999999999884       -6.5826922477346619     
   2.1059999999999883       -6.5852186368052568     
   2.1069999999999882       -6.5877452045595026     
   2.1079999999999881       -6.5902719507789280     
   2.1089999999999880       -6.5927988752454398     
   2.1099999999999879       -6.5953259777413438     
   2.1109999999999878       -6.5978532580493150     
   2.1119999999999877       -6.6003807159524248     
   2.1129999999999876       -6.6029083512341220     
   2.1139999999999874       -6.6054361636782364     
   2.1149999999999873       -6.6079641530689841     
   2.1159999999999872       -6.6104923191909579     
   2.1169999999999871       -6.6130206618291290     
   2.1179999999999870       -6.6155491807688493     
   2.1189999999999869       -6.6180778757958514     
   2.1199999999999868       -6.6206067466962413     
   2.1209999999999867       -6.6231357932564991     
   2.1219999999999866       -6.6256650152634871     
   2.1229999999999865       -6.6281944125044365     
   2.1239999999999863       -6.6307239847669530     
   2.1249999999999862       -6.6332537318390168     
   2.1259999999999861       -6.6357836535089785     
   2.1269999999999860       -6.6383137495655609     
   2.1279999999999859       -6.6408440197978562     
   2.1289999999999858       -6.6433744639953272     
   2.1299999999999857       -6.6459050819478040     
   2.1309999999999856       -6.6484358734454849     
   2.1319999999999855       -6.6509668382789373     
   2.1329999999999854       -6.6534979762390911     
   2.1339999999999852       -6.6560292871172422     
   2.1349999999999851       -6.6585607707050540     
   2.1359999999999850       -6.6610924267945508     
   2.1369999999999849       -6.6636242551781208     
   2.1379999999999848       -6.6661562556485139     
   2.1389999999999847       -6.6686884279988439     
   2.1399999999999846       -6.6712207720225782     
   2.1409999999999845       -6.6737532875135512     
   2.1419999999999844       -6.6762859742659524     
   2.1429999999999843       -6.6788188320743291     
   2.1439999999999841       -6.6813518607335887     
   2.1449999999999840       -6.6838850600389916     
   2.1459999999999839       -6.6864184297861566     
   2.1469999999999838       -6.6889519697710549     
   2.1479999999999837       -6.6914856797900129     
   2.1489999999999836       -6.6940195596397123     
   2.1499999999999835       -6.6965536091171822     
   2.1509999999999834       -6.6990878280198087     
   2.1519999999999833       -6.7016222161453269     
   2.1529999999999831       -6.7041567732918192     
   2.1539999999999830       -6.7066914992577225     
   2.1549999999999829       -6.7092263938418180     
   2.1559999999999828       -6.7117614568432362     
   2.1569999999999827       -6.7142966880614567     
   2.1579999999999826       -6.7168320872963001     
   2.1589999999999825       -6.7193676543479386     
   2.1599999999999824       -6.7219033890168847     
   2.1609999999999823       -6.7244392911039963     
   2.1619999999999822       -6.7269753604104752     
   2.1629999999999820       -6.7295115967378640     
   2.1639999999999819       -6.7320479998880485     
   2.1649999999999818       -6.7345845696632560     
   2.1659999999999817       -6.7371213058660500     
   2.1669999999999816       -6.7396582082993381     
   2.1679999999999815       -6.7421952767663642     
   2.1689999999999814       -6.7447325110707110     
   2.1699999999999813       -6.7472699110162955     
   2.1709999999999812       -6.7498074764073754     
   2.1719999999999811       -6.7523452070485419     
   2.1729999999999809       -6.7548831027447216     
   2.1739999999999808       -6.7574211633011734     
   2.1749999999999807       -6.7599593885234919     
   2.1759999999999806       -6.7624977782176039     
   2.1769999999999805       -6.7650363321897675     
   2.1779999999999804       -6.7675750502465730     
   2.1789999999999803       -6.7701139321949402     
   2.1799999999999802       -6.7726529778421192     
   2.1809999999999801       -6.7751921869956888     
   2.1819999999999800       -6.7777315594635574     
   2.1829999999999798       -6.7802710950539584     
   2.1839999999999797       -6.7828107935754538     
   2.1849999999999796       -6.7853506548369333     
   2.1859999999999795       -6.7878906786476083     
   2.1869999999999794       -6.7904308648170195     
   2.1879999999999793       -6.7929712131550266     
   2.1889999999999792       -6.7955117234718161     
   2.1899999999999791       -6.7980523955778960     
   2.1909999999999790       -6.8005932292840967     
   2.1919999999999789       -6.8031342244015685     
   2.1929999999999787       -6.8056753807417838     
   2.1939999999999786       -6.8082166981165333     
   2.1949999999999785       -6.8107581763379281     
   2.1959999999999784       -6.8132998152183974     
   2.1969999999999783       -6.8158416145706857     
   2.1979999999999782       -6.8183835742078589     
   2.1989999999999781       -6.8209256939432956     
   2.1999999999999780       -6.8234679735906916     
   2.2009999999999779       -6.8260104129640560     
   2.2019999999999778       -6.8285530118777160     
   2.2029999999999776       -6.8310957701463071     
   2.2039999999999775       -6.8336386875847799     
   2.2049999999999774       -6.8361817640083995     
   2.2059999999999773       -6.8387249992327401     
   2.2069999999999772       -6.8412683930736877     
   2.2079999999999771       -6.8438119453474338     
   2.2089999999999770       -6.8463556558704877     
   2.2099999999999769       -6.8488995244596618     
   2.2109999999999768       -6.8514435509320775     
   2.2119999999999767       -6.8539877351051643     
   2.2129999999999765       -6.8565320767966593     
   2.2139999999999764       -6.8590765758246031     
   2.2149999999999763       -6.8616212320073426     
   2.2159999999999762       -6.8641660451635325     
   2.2169999999999761       -6.8667110151121280     
   2.2179999999999760       -6.8692561416723903     
   2.2189999999999759       -6.8718014246638797     
   2.2199999999999758       -6.8743468639064620     
   2.2209999999999757       -6.8768924592203060     
   2.2219999999999756       -6.8794382104258753     
   2.2229999999999754       -6.8819841173439400     
   2.2239999999999753       -6.8845301797955640     
   2.2249999999999752       -6.8870763976021170     
   2.2259999999999751       -6.8896227705852588     
   2.2269999999999750       -6.8921692985669551     
   2.2279999999999749       -6.8947159813694618     
   2.2289999999999748       -6.8972628188153342     
   2.2299999999999747       -6.8998098107274233     
   2.2309999999999746       -6.9023569569288732     
   2.2319999999999744       -6.9049042572431256     
   2.2329999999999743       -6.9074517114939136     
   2.2339999999999742       -6.9099993195052649     
   2.2349999999999741       -6.9125470811014971     
   2.2359999999999740       -6.9150949961072223     
   2.2369999999999739       -6.9176430643473434     
   2.2379999999999738       -6.9201912856470509     
   2.2389999999999737       -6.9227396598318309     
   2.2399999999999736       -6.9252881867274532     
   2.2409999999999735       -6.9278368661599830     
   2.2419999999999733       -6.9303856979557636     
   2.2429999999999732       -6.9329346819414353     
   2.2439999999999731       -6.9354838179439220     
   2.2449999999999730       -6.9380331057904323     
   2.2459999999999729       -6.9405825453084615     
   2.2469999999999728       -6.9431321363257892     
   2.2479999999999727       -6.9456818786704835     
   2.2489999999999726       -6.9482317721708906     
   2.2499999999999725       -6.9507818166556428     
   2.2509999999999724       -6.9533320119536546     
   2.2519999999999722       -6.9558823578941231     
   2.2529999999999721       -6.9584328543065261     
   2.2539999999999720       -6.9609835010206220     
   2.2549999999999719       -6.9635342978664490     
   2.2559999999999718       -6.9660852446743267     
   2.2569999999999717       -6.9686363412748529     
   2.2579999999999716       -6.9711875874989016     
   2.2589999999999715       -6.9737389831776291     
   2.2599999999999714       -6.9762905281424654     
   2.2609999999999713       -6.9788422222251159     
   2.2619999999999711       -6.9813940652575655     
   2.2629999999999710       -6.9839460570720746     
   2.2639999999999709       -6.9864981975011746     
   2.2649999999999708       -6.9890504863776757     
   2.2659999999999707       -6.9916029235346588     
   2.2669999999999706       -6.9941555088054779     
   2.2679999999999705       -6.9967082420237627     
   2.2689999999999704       -6.9992611230234099     
   2.2699999999999703       -7.0018141516385928     
   2.2709999999999702       -7.0043673277037515     
   2.2719999999999700       -7.0069206510535968     
   2.2729999999999699       -7.0094741215231116     
   2.2739999999999698       -7.0120277389475465     
   2.2749999999999697       -7.0145815031624181     
   2.2759999999999696       -7.0171354140035165     
   2.2769999999999695       -7.0196894713068936     
   2.2779999999999694       -7.0222436749088715     
   2.2789999999999693       -7.0247980246460369     
   2.2799999999999692       -7.0273525203552447     
   2.2809999999999691       -7.0299071618736093     
   2.2819999999999689       -7.0324619490385158     
   2.2829999999999688       -7.0350168816876106     
   2.2839999999999687       -7.0375719596588029     
   2.2849999999999686       -7.0401271827902656     
   2.2859999999999685       -7.0426825509204347     
   2.2869999999999684       -7.0452380638880063     
   2.2879999999999683       -7.0477937215319386     
   2.2889999999999682       -7.0503495236914517     
   2.2899999999999681       -7.0529054702060234     
   2.2909999999999680       -7.0554615609153917     
   2.2919999999999678       -7.0580177956595556     
   2.2929999999999677       -7.0605741742787700     
   2.2939999999999676       -7.0631306966135492     
   2.2949999999999675       -7.0656873625046632     
   2.2959999999999674       -7.0682441717931432     
   2.2969999999999673       -7.0708011243202709     
   2.2979999999999672       -7.0733582199275871     
   2.2989999999999671       -7.0759154584568877     
   2.2999999999999670       -7.0784728397502228     
   2.3009999999999668       -7.0810303636498952     
   2.3019999999999667       -7.0835880299984666     
   2.3029999999999666       -7.0861458386387444     
   2.3039999999999665       -7.0887037894137936     
   2.3049999999999664       -7.0912618821669300     
   2.3059999999999663       -7.0938201167417203     
   2.3069999999999662       -7.0963784929819820     
   2.3079999999999661       -7.0989370107317855     
   2.3089999999999660       -7.1014956698354466     
   2.3099999999999659       -7.1040544701375365     
   2.3109999999999657       -7.1066134114828694     
   2.3119999999999656       -7.1091724937165113     
   2.3129999999999655       -7.1117317166837752     
   2.3139999999999654       -7.1142910802302222     
   2.3149999999999653       -7.1168505842016589     
   2.3159999999999652       -7.1194102284441394     
   2.3169999999999651       -7.1219700128039616     
   2.3179999999999650       -7.1245299371276705     
   2.3189999999999649       -7.1270900012620553     
   2.3199999999999648       -7.1296502050541513     
   2.3209999999999646       -7.1322105483512344     
   2.3219999999999645       -7.1347710310008239     
   2.3229999999999644       -7.1373316528506860     
   2.3239999999999643       -7.1398924137488242     
   2.3249999999999642       -7.1424533135434869     
   2.3259999999999641       -7.1450143520831624     
   2.3269999999999640       -7.1475755292165788     
   2.3279999999999639       -7.1501368447927067     
   2.3289999999999638       -7.1526982986607557     
   2.3299999999999637       -7.1552598906701732     
   2.3309999999999635       -7.1578216206706475     
   2.3319999999999634       -7.1603834885121023     
   2.3329999999999633       -7.1629454940447008     
   2.3339999999999632       -7.1655076371188464     
   2.3349999999999631       -7.1680699175851723     
   2.3359999999999630       -7.1706323352945542     
   2.3369999999999629       -7.1731948900981024     
   2.3379999999999628       -7.1757575818471588     
   2.3389999999999627       -7.1783204103933063     
   2.3399999999999626       -7.1808833755883539     
   2.3409999999999624       -7.1834464772843525     
   2.3419999999999623       -7.1860097153335820     
   2.3429999999999622       -7.1885730895885578     
   2.3439999999999621       -7.1911365999020234     
   2.3449999999999620       -7.1937002461269595     
   2.3459999999999619       -7.1962640281165733     
   2.3469999999999618       -7.1988279457243056     
   2.3479999999999617       -7.2013919988038300     
   2.3489999999999616       -7.2039561872090463     
   2.3499999999999615       -7.2065205107940828     
   2.3509999999999613       -7.2090849694133023     
   2.3519999999999612       -7.2116495629212913     
   2.3529999999999611       -7.2142142911728682     
   2.3539999999999610       -7.2167791540230741     
   2.3549999999999609       -7.2193441513271832     
   2.3559999999999608       -7.2219092829406923     
   2.3569999999999607       -7.2244745487193267     
   2.3579999999999606       -7.2270399485190335     
   2.3589999999999605       -7.2296054821959919     
   2.3599999999999604       -7.2321711496066001     
   2.3609999999999602       -7.2347369506074850     
   2.3619999999999601       -7.2373028850554935     
   2.3629999999999600       -7.2398689528076972     
   2.3639999999999599       -7.2424351537213925     
   2.3649999999999598       -7.2450014876540978     
   2.3659999999999597       -7.2475679544635527     
   2.3669999999999596       -7.2501345540077189     
   2.3679999999999595       -7.2527012861447790     
   2.3689999999999594       -7.2552681507331371     
   2.3699999999999593       -7.2578351476314182     
   2.3709999999999591       -7.2604022766984651     
   2.3719999999999590       -7.2629695377933414     
   2.3729999999999589       -7.2655369307753297     
   2.3739999999999588       -7.2681044555039316     
   2.3749999999999587       -7.2706721118388646     
   2.3759999999999586       -7.2732398996400667     
   2.3769999999999585       -7.2758078187676913     
   2.3779999999999584       -7.2783758690821081     
   2.3789999999999583       -7.2809440504439076     
   2.3799999999999581       -7.2835123627138891     
   2.3809999999999580       -7.2860808057530724     
   2.3819999999999579       -7.2886493794226892     
   2.3829999999999578       -7.2912180835841909     
   2.3839999999999577       -7.2937869180992374     
   2.3849999999999576       -7.2963558828297037     
   2.3859999999999575       -7.2989249776376806     
   2.3869999999999574       -7.3014942023854701     
   2.3879999999999573       -7.3040635569355850     
   2.3889999999999572       -7.3066330411507527     
   2.3899999999999570       -7.3092026548939115     
   2.3909999999999569       -7.3117723980282099     
   2.3919999999999568       -7.3143422704170087     
   2.3929999999999567       -7.3169122719238748     
   2.3939999999999566       -7.3194824024125911     
   2.3949999999999565       -7.3220526617471471     
   2.3959999999999564       -7.3246230497917386     
   2.3969999999999563       -7.3271935664107746     
   2.3979999999999562       -7.3297642114688699     
   2.3989999999999561       -7.3323349848308466     
   2.3999999999999559       -7.3349058863617351     
   2.4009999999999558       -7.3374769159267732     
   2.4019999999999557       -7.3400480733914044     
   2.4029999999999556       -7.3426193586212767     
   2.4039999999999555       -7.3451907714822475     
   2.4049999999999554       -7.3477623118403761     
   2.4059999999999553       -7.3503339795619285     
   2.4069999999999552       -7.3529057745133741     
   2.4079999999999551       -7.3554776965613886     
   2.4089999999999550       -7.3580497455728455     
   2.4099999999999548       -7.3606219214148290     
   2.4109999999999547       -7.3631942239546229     
   2.4119999999999546       -7.3657666530597092     
   2.4129999999999545       -7.3683392085977797     
   2.4139999999999544       -7.3709118904367212     
   2.4149999999999543       -7.3734846984446261     
   2.4159999999999542       -7.3760576324897853     
   2.4169999999999541       -7.3786306924406899     
   2.4179999999999540       -7.3812038781660325     
   2.4189999999999539       -7.3837771895347037     
   2.4199999999999537       -7.3863506264157950     
   2.4209999999999536       -7.3889241886785939     
   2.4219999999999535       -7.3914978761925880     
   2.4229999999999534       -7.3940716888274665     
   2.4239999999999533       -7.3966456264531084     
   2.4249999999999532       -7.3992196889395956     
   2.4259999999999531       -7.4017938761572060     
   2.4269999999999530       -7.4043681879764112     
   2.4279999999999529       -7.4069426242678844     
   2.4289999999999528       -7.4095171849024872     
   2.4299999999999526       -7.4120918697512819     
   2.4309999999999525       -7.4146666786855224     
   2.4319999999999524       -7.4172416115766620     
   2.4329999999999523       -7.4198166682963409     
   2.4339999999999522       -7.4223918487163987     
   2.4349999999999521       -7.4249671527088648     
   2.4359999999999520       -7.4275425801459640     
   2.4369999999999519       -7.4301181309001132     
   2.4379999999999518       -7.4326938048439199     
   2.4389999999999517       -7.4352696018501856     
   2.4399999999999515       -7.4378455217918997     
   2.4409999999999514       -7.4404215645422473     
   2.4419999999999513       -7.4429977299746017     
   2.4429999999999512       -7.4455740179625245     
   2.4439999999999511       -7.4481504283797717     
   2.4449999999999510       -7.4507269611002851     
   2.4459999999999509       -7.4533036159981974     
   2.4469999999999508       -7.4558803929478294     
   2.4479999999999507       -7.4584572918236889     
   2.4489999999999505       -7.4610343125004750     
   2.4499999999999504       -7.4636114548530745     
   2.4509999999999503       -7.4661887187565563     
   2.4519999999999502       -7.4687661040861819     
   2.4529999999999501       -7.4713436107173958     
   2.4539999999999500       -7.4739212385258309     
   2.4549999999999499       -7.4764989873873047     
   2.4559999999999498       -7.4790768571778212     
   2.4569999999999497       -7.4816548477735658     
   2.4579999999999496       -7.4842329590509156     
   2.4589999999999494       -7.4868111908864261     
   2.4599999999999493       -7.4893895431568387     
   2.4609999999999492       -7.4919680157390776     
   2.4619999999999491       -7.4945466085102526     
   2.4629999999999490       -7.4971253213476556     
   2.4639999999999489       -7.4997041541287581     
   2.4649999999999488       -7.5022831067312170     
   2.4659999999999487       -7.5048621790328713     
   2.4669999999999486       -7.5074413709117387     
   2.4679999999999485       -7.5100206822460205     
   2.4689999999999483       -7.5126001129140967     
   2.4699999999999482       -7.5151796627945320     
   2.4709999999999481       -7.5177593317660651     
   2.4719999999999480       -7.5203391197076179     
   2.4729999999999479       -7.5229190264982924     
   2.4739999999999478       -7.5254990520173672     
   2.4749999999999477       -7.5280791961443025     
   2.4759999999999476       -7.5306594587587332     
   2.4769999999999475       -7.5332398397404745     
   2.4779999999999474       -7.5358203389695193     
   2.4789999999999472       -7.5384009563260381     
   2.4799999999999471       -7.5409816916903756     
   2.4809999999999470       -7.5435625449430566     
   2.4819999999999469       -7.5461435159647809     
   2.4829999999999468       -7.5487246046364218     
   2.4839999999999467       -7.5513058108390316     
   2.4849999999999466       -7.5538871344538352     
   2.4859999999999465       -7.5564685753622358     
   2.4869999999999464       -7.5590501334458065     
   2.4879999999999463       -7.5616318085862995     
   2.4889999999999461       -7.5642136006656369     
   2.4899999999999460       -7.5667955095659156     
   2.4909999999999459       -7.5693775351694077     
   2.4919999999999458       -7.5719596773585538     
   2.4929999999999457       -7.5745419360159714     
   2.4939999999999456       -7.5771243110244475     
   2.4949999999999455       -7.5797068022669443     
   2.4959999999999454       -7.5822894096265889     
   2.4969999999999453       -7.5848721329866873     
   2.4979999999999452       -7.5874549722307112     
   2.4989999999999450       -7.5900379272423040     
   2.4999999999999449       -7.5926209979052812     
