  0.10000000000000001       -8.8245782169477387       0.98608302986790619     
  0.10100000000000001       -8.8250726258453582       0.98579842094199155     
  0.10200000000000001       -8.8255719693619401       0.98551078142019533     
  0.10300000000000001       -8.8260762479266006       0.98522010517804004     
  0.10400000000000001       -8.8265854619717317       0.98492638601992988     
  0.10500000000000001       -8.8270996119329439       0.98462961767778201     
  0.10600000000000001       -8.8276186982489993       0.98432979380835994     
  0.10700000000000001       -8.8281427213618784       0.98402690800157355     
  0.10800000000000001       -8.8286716817166404       0.98372095376739632     
  0.10900000000000001       -8.8292055797614690       0.98341192454361748     
  0.11000000000000001       -8.8297444159476566       0.98309981369342814     
  0.11100000000000002       -8.8302881907294761       0.98278461450494814     
  0.11200000000000002       -8.8308369045642596       0.98246632019081193     
  0.11300000000000002       -8.8313905579123180       0.98214492388766805     
  0.11400000000000002       -8.8319491512368931       0.98182041865573977     
  0.11500000000000002       -8.8325126850041862       0.98149279747833273     
  0.11600000000000002       -8.8330811596832639       0.98116205326135297     
  0.11700000000000002       -8.8336545757460847       0.98082817883281725     
  0.11800000000000002       -8.8342329336674030       0.98049116694234817     
  0.11900000000000002       -8.8348162339247960       0.98015101026067142     
  0.12000000000000002       -8.8354044769986153       0.97980770137908402     
  0.12100000000000002       -8.8359976633719270       0.97946123280894049     
  0.12200000000000003       -8.8365957935305222       0.97911159698111383     
  0.12300000000000003       -8.8371988679628508       0.97875878624544566     
  0.12400000000000003       -8.8378068871600064       0.97840279287019261     
  0.12500000000000003       -8.8384198516156935       0.97804360904147680     
  0.12600000000000003       -8.8390377618261819       0.97768122686268877     
  0.12700000000000003       -8.8396606182903152       0.97731563835393342     
  0.12800000000000003       -8.8402884215093600       0.97694683545141214     
  0.12900000000000003       -8.8409211719871532       0.97657481000683810     
  0.13000000000000003       -8.8415588702299210       0.97619955378682022     
  0.13100000000000003       -8.8422015167462877       0.97582105847224199     
  0.13200000000000003       -8.8428491120472881       0.97543931565762054     
  0.13300000000000003       -8.8435016566462679       0.97505431685047728     
  0.13400000000000004       -8.8441591510588324       0.97466605346691915     
  0.13500000000000004       -8.8448215958029550       0.97427451684554156     
  0.13600000000000004       -8.8454889913986996       0.97387969822554465     
  0.13700000000000004       -8.8461613383684679       0.97348158875978474     
  0.13800000000000004       -8.8468386372367149       0.97308017951074277     
  0.13900000000000004       -8.8475208885300738       0.97267546144980976     
  0.14000000000000004       -8.8482080927772468       0.97226742545655731     
  0.14100000000000004       -8.8489002505089527       0.97185606231801647     
  0.14200000000000004       -8.8495973622579900       0.97144136272792569     
  0.14300000000000004       -8.8502994285590866       0.97102331728597324     
  0.14400000000000004       -8.8510064499489083       0.97060191649702265     
  0.14500000000000005       -8.8517184269660412       0.97017715077033673     
  0.14600000000000005       -8.8524353601509045       0.96974901041877715     
  0.14700000000000005       -8.8531572500457667       0.96931748565798992     
  0.14800000000000005       -8.8538840971946637       0.96888256660559335     
  0.14900000000000005       -8.8546159021433972       0.96844424328031531     
  0.15000000000000005       -8.8553526654394510       0.96800250560118561     
  0.15100000000000005       -8.8560943876320053       0.96755734338662314     
  0.15200000000000005       -8.8568410692718729       0.96710874635358957     
  0.15300000000000005       -8.8575927109114119       0.96665670411666937     
  0.15400000000000005       -8.8583493131045472       0.96620120618718530     
  0.15500000000000005       -8.8591108764067581       0.96574224197225400     
  0.15600000000000006       -8.8598774013749306       0.96527980077385211     
  0.15700000000000006       -8.8606488885674182       0.96481387178786682     
  0.15800000000000006       -8.8614253385439401       0.96434444410310483     
  0.15900000000000006       -8.8622067518655836       0.96387150669467669     
  0.16000000000000006       -8.8629931290947184       0.96339504844489632     
  0.16100000000000006       -8.8637844707949949       0.96291505811031963     
  0.16200000000000006       -8.8645807775312466       0.96243152434141677     
  0.16300000000000006       -8.8653820498695399       0.96194443567647614     
  0.16400000000000006       -8.8661882883770264       0.96145378054053277     
  0.16500000000000006       -8.8669994936220053       0.96095954724425470     
  0.16600000000000006       -8.8678156661737617       0.96046172398287299     
  0.16700000000000007       -8.8686368066026056       0.95996029883498968     
  0.16800000000000007       -8.8694629154798506       0.95945525976148405     
  0.16900000000000007       -8.8702939933776896       0.95894659460431697     
  0.17000000000000007       -8.8711300408691880       0.95843429108533873     
  0.17100000000000007       -8.8719710585282758       0.95791833680508465     
  0.17200000000000007       -8.8728170469295922       0.95739871924154984     
  0.17300000000000007       -8.8736680066486002       0.95687542574893447     
  0.17400000000000007       -8.8745239382613939       0.95634844355635362     
  0.17500000000000007       -8.8753848423447792       0.95581775976656591     
  0.17600000000000007       -8.8762507194760616       0.95528336135464675     
  0.17700000000000007       -8.8771215702332178       0.95474523516664367     
  0.17800000000000007       -8.8779973951946420       0.95420336791821558     
  0.17900000000000008       -8.8788781949392401       0.95365774619324473     
  0.18000000000000008       -8.8797639700463016       0.95310835643542002     
  0.18100000000000008       -8.8806547210954907       0.95255518497401592     
  0.18200000000000008       -8.8815504486668004       0.95199821798275008     
  0.18300000000000008       -8.8824511533404831       0.95143744150403387     
  0.18400000000000008       -8.8833568356970130       0.95087284144119033     
  0.18500000000000008       -8.8842674963170225       0.95030440355693924     
  0.18600000000000008       -8.8851831357812738       0.94973211347179343     
  0.18700000000000008       -8.8861037546706054       0.94915595666249097     
  0.18800000000000008       -8.8870293535658700       0.94857591846037370     
  0.18900000000000008       -8.8879599330478989       0.94799198404972107     
  0.19000000000000009       -8.8888954936974205       0.94740413846607840     
  0.19100000000000009       -8.8898360360950530       0.94681236659455537     
  0.19200000000000009       -8.8907815608212086       0.94621665316807468     
  0.19300000000000009       -8.8917320684561112       0.94561698276560591     
  0.19400000000000009       -8.8926875595796151       0.94501333981036950     
  0.19500000000000009       -8.8936480347713225       0.94440570856797557     
  0.19600000000000009       -8.8946134946103701       0.94379407314459129     
  0.19700000000000009       -8.8955839396754772       0.94317841748502129     
  0.19800000000000009       -8.8965593705448658       0.94255872537076646     
  0.19900000000000009       -8.8975397877961644       0.94193498040915324     
  0.20000000000000009       -8.8985251920064297       0.94130716606590692     
  0.20100000000000010       -8.8995155837520219       0.94067526561269199     
  0.20200000000000010       -8.9005109636086015       0.94003926215774714     
  0.20300000000000010       -8.9015113321510011       0.93939913863577362     
  0.20400000000000010       -8.9025166899532859       0.93875487780580946     
  0.20500000000000010       -8.9035270375885780       0.93810646224901384     
  0.20600000000000010       -8.9045423756290152       0.93745387436642003     
  0.20700000000000010       -8.9055627046458028       0.93679709637668296     
  0.20800000000000010       -8.9065880252090306       0.93613611031374067     
  0.20900000000000010       -8.9076183378876266       0.93547089802443883     
  0.21000000000000010       -8.9086536432494032       0.93480144116614494     
  0.21100000000000010       -8.9096939418608780       0.93412772120427046     
  0.21200000000000011       -8.9107392342872433       0.93344971940979304     
  0.21300000000000011       -8.9117895210923539       0.93276741685668474     
  0.21400000000000011       -8.9128448028385865       0.93208079441933300     
  0.21500000000000011       -8.9139050800868684       0.93138983275984755     
  0.21600000000000011       -8.9149703533965479       0.93069451236429868     
  0.21700000000000011       -8.9160406233253191       0.92999481348327451     
  0.21800000000000011       -8.9171158904292298       0.92929071616581538     
  0.21900000000000011       -8.9181961552625530       0.92858220024762517     
  0.22000000000000011       -8.9192814183777234       0.92786924534817650     
  0.22100000000000011       -8.9203716803253350       0.92715183086772290     
  0.22200000000000011       -8.9214669416539820       0.92642993598428769     
  0.22300000000000011       -8.9225672029102512       0.92570353965058527     
  0.22400000000000012       -8.9236724646386616       0.92497262059086438     
  0.22500000000000012       -8.9247827273815474       0.92423715729773215     
  0.22600000000000012       -8.9258979916790508       0.92349712802884953     
  0.22700000000000012       -8.9270182580689372       0.92275251080363374     
  0.22800000000000012       -8.9281435270866822       0.92200328339983884     
  0.22900000000000012       -8.9292737992652818       0.92124942335011495     
  0.23000000000000012       -8.9304090751352359       0.92049090792619026     
  0.23100000000000012       -8.9315493552244263       0.91972771418276489     
  0.23200000000000012       -8.9326946400581182       0.91895981888473055     
  0.23300000000000012       -8.9338449301587914       0.91818719854816666     
  0.23400000000000012       -8.9350002260461281       0.91740982942564031     
  0.23500000000000013       -8.9361605282369556       0.91662768750229673     
  0.23600000000000013       -8.9373258372450497       0.91584074849186059     
  0.23700000000000013       -8.9384961535812337       0.91504898783259658     
  0.23800000000000013       -8.9396714777531336       0.91425238068313597     
  0.23900000000000013       -8.9408518102652117       0.91345090191823763     
  0.24000000000000013       -8.9420371516186368       0.91264452612448621     
  0.24100000000000013       -8.9432275023111796       0.91183322759584651     
  0.24200000000000013       -8.9444228628371718       0.91101698032918588     
  0.24300000000000013       -8.9456232336874137       0.91019575800560415     
  0.24400000000000013       -8.9468286153490801       0.90936953404013388     
  0.24500000000000013       -8.9480390083056189       0.90853828149783022     
  0.24600000000000014       -8.9492544130367033       0.90770197314007861     
  0.24700000000000014       -8.9504748300181109       0.90686058140715153     
  0.24800000000000014       -8.9517002597216315       0.90601407841310311     
  0.24900000000000014       -8.9529307026149976       0.90516243594049772     
  0.25000000000000011       -8.9541661591617778       0.90430562543514936     
  0.25100000000000011       -8.9554066298212884       0.90344361800060424     
  0.25200000000000011       -8.9566521150484952       0.90257638439261589     
  0.25300000000000011       -8.9579026152939285       0.90170389501341619     
  0.25400000000000011       -8.9591581310035799       0.90082611989123629     
  0.25500000000000012       -8.9604186626187534       0.89994302873117094     
  0.25600000000000012       -8.9616842105760881       0.89905459082653749     
  0.25700000000000012       -8.9629547753073275       0.89816077510603720     
  0.25800000000000012       -8.9642303572392805       0.89726155011447895     
  0.25900000000000012       -8.9655109567937270       0.89635688400624969     
  0.26000000000000012       -8.9667965743872493       0.89544674453868167     
  0.26100000000000012       -8.9680872104312179       0.89453109906525641     
  0.26200000000000012       -8.9693828653315766       0.89360991452865468     
  0.26300000000000012       -8.9706835394888618       0.89268315745365179     
  0.26400000000000012       -8.9719892332979203       0.89175079393984924     
  0.26500000000000012       -8.9732999471479680       0.89081278963660615     
  0.26600000000000013       -8.9746156814223408       0.88986910980348166     
  0.26700000000000013       -8.9759364364984702       0.88891971920366997     
  0.26800000000000013       -8.9772622127477018       0.88796458215983587     
  0.26900000000000013       -8.9785930105352136       0.88700366253049590     
  0.27000000000000013       -8.9799288302198388       0.88603692370162634     
  0.27100000000000013       -8.9812696721540224       0.88506432857812889     
  0.27200000000000013       -8.9826155366836407       0.88408583957506592     
  0.27300000000000013       -8.9839664241478410       0.88310141860868385     
  0.27400000000000013       -8.9853223348789832       0.88211102706880240     
  0.27500000000000013       -8.9866832692024801       0.88111462588050538     
  0.27600000000000013       -8.9880492274365640       0.88011217539137965     
  0.27700000000000014       -8.9894202098923763       0.87910363542822090     
  0.27800000000000014       -8.9907962168735800       0.87808896527075830     
  0.27900000000000014       -8.9921772486763363       0.87706812364126296     
  0.28000000000000014       -8.9935633055891628       0.87604106869394949     
  0.28100000000000014       -8.9949543878927738       0.87500775800405717     
  0.28200000000000014       -8.9963504958598897       0.87396814853790095     
  0.28300000000000014       -8.9977516297551041       0.87292219671373950     
  0.28400000000000014       -8.9991577898347916       0.87186985828527219     
  0.28500000000000014       -9.0005689763468375       0.87081108839713384     
  0.28600000000000014       -9.0019851895305294       0.86974584155616630     
  0.28700000000000014       -9.0034064296164189       0.86867407161875954     
  0.28800000000000014       -9.0048326968261119       0.86759573177781379     
  0.28900000000000015       -9.0062639913720943       0.86651077454937253     
  0.29000000000000015       -9.0077003134575673       0.86541915173791750     
  0.29100000000000015       -9.0091416632762815       0.86432081450320120     
  0.29200000000000015       -9.0105880410123333       0.86321571322871082     
  0.29300000000000015       -9.0120394468399780       0.86210379758227917     
  0.29400000000000015       -9.0134958809234469       0.86098501648258441     
  0.29500000000000015       -9.0149573434167571       0.85985931808353167     
  0.29600000000000015       -9.0164238344635468       0.85872664975812607     
  0.29700000000000015       -9.0178953541967424       0.85758695805964136     
  0.29800000000000015       -9.0193719027385075       0.85644018879060058     
  0.29900000000000015       -9.0208534801999569       0.85528628686105135     
  0.30000000000000016       -9.0223400866809271       0.85412519635064765     
  0.30100000000000016       -9.0238317222698186       0.85295686047085639     
  0.30200000000000016       -9.0253283870432863       0.85178122154601255     
  0.30300000000000016       -9.0268300810660520       0.85059822097157622     
  0.30400000000000016       -9.0283368043907331       0.84940779927947907     
  0.30500000000000016       -9.0298485570574396       0.84820989599416929     
  0.30600000000000016       -9.0313653390937301       0.84700444969071420     
  0.30700000000000016       -9.0328871505141493       0.84579139795374225     
  0.30800000000000016       -9.0344139913201484       0.84457067735500346     
  0.30900000000000016       -9.0359458614997283       0.84334222340646248     
  0.31000000000000016       -9.0374827610271868       0.84210597062741854     
  0.31100000000000017       -9.0390246898628508       0.84086185238876476     
  0.31200000000000017       -9.0405716479527527       0.83960980097196125     
  0.31300000000000017       -9.0421236352284300       0.83834974752263780     
  0.31400000000000017       -9.0436806516065449       0.83708162200060143     
  0.31500000000000017       -9.0452426969885931       0.83580535324075145     
  0.31600000000000017       -9.0468097712606284       0.83452086879689835     
  0.31700000000000017       -9.0483818742929287       0.83322809499421913     
  0.31800000000000017       -9.0499590059396287       0.83192695687922402     
  0.31900000000000017       -9.0515411660384117       0.83061737816442749     
  0.32000000000000017       -9.0531283544102070       0.82929928128766917     
  0.32100000000000017       -9.0547205708587821       0.82797258724698353     
  0.32200000000000017       -9.0563178151703827       0.82663721565067005     
  0.32300000000000018       -9.0579200871133683       0.82529308466144524     
  0.32400000000000018       -9.0595273864378196       0.82394011093351660     
  0.32500000000000018       -9.0611397128751925       0.82257820967476769     
  0.32600000000000018       -9.0627570661378805       0.82120729446378105     
  0.32700000000000018       -9.0643794459187355       0.81982727730152416     
  0.32800000000000018       -9.0660068518907817       0.81843806852181322     
  0.32900000000000018       -9.0676392837066686       0.81703957684545081     
  0.33000000000000018       -9.0692767409982107       0.81563170919574790     
  0.33100000000000018       -9.0709192233760358       0.81421437074170977     
  0.33200000000000018       -9.0725667304289797       0.81278746480267849     
  0.33300000000000018       -9.0742192617236608       0.81135089289794760     
  0.33400000000000019       -9.0758768168039872       0.80990455455336896     
  0.33500000000000019       -9.0775393951905965       0.80844834733915028     
  0.33600000000000019       -9.0792069963803392       0.80698216676533341     
  0.33700000000000019       -9.0808796198457227       0.80550590633038865     
  0.33800000000000019       -9.0825572650343265       0.80401945731110513     
  0.33900000000000019       -9.0842399313682840       0.80252270879791732     
  0.34000000000000019       -9.0859276182435558       0.80101554757750726     
  0.34100000000000019       -9.0876203250294409       0.79949785818437991     
  0.34200000000000019       -9.0893180510678189       0.79796952266478338     
  0.34300000000000019       -9.0910207956725522       0.79643042058333813     
  0.34400000000000019       -9.0927285581287993       0.79488042903663758     
  0.34500000000000020       -9.0944413376922597       0.79331942241585474     
  0.34600000000000020       -9.0961591335884915       0.79174727240062870     
  0.34700000000000020       -9.0978819450121335       0.79016384796426431     
  0.34800000000000020       -9.0996097711261239       0.78856901512821609     
  0.34900000000000020       -9.1013426110609075       0.78696263694464685     
  0.35000000000000020       -9.1030804639135354       0.78534457349459874     
  0.35100000000000020       -9.1048233287469227       0.78371468162782509     
  0.35200000000000020       -9.1065712045888532       0.78207281493481728     
  0.35300000000000020       -9.1083240904310738       0.78041882373948757     
  0.35400000000000020       -9.1100819852283301       0.77875255481713657     
  0.35500000000000020       -9.1118448878974476       0.77707385135651053     
  0.35600000000000021       -9.1136127973161454       0.77538255294886682     
  0.35700000000000021       -9.1153857123221460       0.77367849524340704     
  0.35800000000000021       -9.1171636317119038       0.77196151006141689     
  0.35900000000000021       -9.1189465542395851       0.77023142506093600     
  0.36000000000000021       -9.1207344786157929       0.76848806366977884     
  0.36100000000000021       -9.1225274035063464       0.76673124505492274     
  0.36200000000000021       -9.1243253275309879       0.76496078373436416     
  0.36300000000000021       -9.1261282492620879       0.76317648968066309     
  0.36400000000000021       -9.1279361672231634       0.76137816789758672     
  0.36500000000000021       -9.1297490798875049       0.75956561850079884     
  0.36600000000000021       -9.1315669856766100       0.75773863628421734     
  0.36700000000000021       -9.1333898829586886       0.75589701078175298     
  0.36800000000000022       -9.1352177700469195       0.75404052581623338     
  0.36900000000000022       -9.1370506451978368       0.75216895954544394     
  0.37000000000000022       -9.1388885066094847       0.75028208398644303     
  0.37100000000000022       -9.1407313524196159       0.74837966504907094     
  0.37200000000000022       -9.1425791807036720       0.74646146202766483     
  0.37300000000000022       -9.1444319894728867       0.74452722759123624     
  0.37400000000000022       -9.1462897766720399       0.74257670740524051     
  0.37500000000000022       -9.1481525401773052       0.74060963976982286     
  0.37600000000000022       -9.1500202777939279       0.73862575555076915     
  0.37700000000000022       -9.1518929872538433       0.73662477760537448     
  0.37800000000000022       -9.1537706662130223       0.73460642070515547     
  0.37900000000000023       -9.1556533122489707       0.73257039108483324     
  0.38000000000000023       -9.1575409228578177       0.73051638598397850     
  0.38100000000000023       -9.1594334954514434       0.72844409348427019     
  0.38200000000000023       -9.1613310273543771       0.72635319196616244     
  0.38300000000000023       -9.1632335158006573       0.72424334976266924     
  0.38400000000000023       -9.1651409579303049       0.72211422457836738     
  0.38500000000000023       -9.1670533507858796       0.71996546323590993     
  0.38600000000000023       -9.1689706913086315       0.71779670103909821     
  0.38700000000000023       -9.1708929763346170       0.71560756128934511     
  0.38800000000000023       -9.1728202025904686       0.71339765473517491     
  0.38900000000000023       -9.1747523666890434       0.71116657898973568     
  0.39000000000000024       -9.1766894651247295       0.70891391795085656     
  0.39100000000000024       -9.1786314942685951       0.70663924100024156     
  0.39200000000000024       -9.1805784503631109       0.70434210253206564     
  0.39300000000000024       -9.1825303295167284       0.70202204103220933     
  0.39400000000000024       -9.1844871276980182       0.69967857848626780     
  0.39500000000000024       -9.1864488407295148       0.69731121932621520     
  0.39600000000000024       -9.1884154642811318       0.69491944969950092     
  0.39700000000000024       -9.1903869938632319       0.69250273649564575     
  0.39800000000000024       -9.1923634248191757       0.69006052635021453     
  0.39900000000000024       -9.1943447523175124       0.68759224454409307     
  0.40000000000000024       -9.1963309713434942       0.68509729403100172     
  0.40100000000000025       -9.1983220766901983       0.68257505400197749     
  0.40200000000000025       -9.2003180629488472       0.68002487870951578     
  0.40300000000000025       -9.2023189244987318       0.67744609622416219     
  0.40400000000000025       -9.2043246554961087       0.67483800668705429     
  0.40500000000000025       -9.2063352498625441       0.67219988106871176     
  0.40600000000000025       -9.2083507012723285       0.66953095917007954     
  0.40700000000000025       -9.2103710031389276       0.66683044812506698     
  0.40800000000000025       -9.2123961486003552       0.66409752031790670     
  0.40900000000000025       -9.2144261305036075       0.66133131137852796     
  0.41000000000000025       -9.2164609413876715       0.65853091798972163     
  0.41100000000000025       -9.2185005734652528       0.65569539553872691     
  0.41200000000000025       -9.2205450186029605       0.65282375560190997     
  0.41300000000000026       -9.2225942682998898       0.64991496325050191     
  0.41400000000000026       -9.2246483136643374       0.64696793412180842     
  0.41500000000000026       -9.2267071453883922       0.64398153149935378     
  0.41600000000000026       -9.2287707537204717       0.64095456271305928     
  0.41700000000000026       -9.2308391284350648       0.63788577589797957     
  0.41800000000000026       -9.2329122587998320       0.63477385604997161     
  0.41900000000000026       -9.2349901335395099       0.63161742104291407     
  0.42000000000000026       -9.2370727407962683       0.62841501734438654     
  0.42100000000000026       -9.2391600680860151       0.62516511546877562     
  0.42200000000000026       -9.2412521022503533       0.62186610512211171     
  0.42300000000000026       -9.2433488294033381       0.61851629027853705     
  0.42400000000000027       -9.2454502348725267       0.61511388375296205     
  0.42500000000000027       -9.2475563031335000       0.61165700175920579     
  0.42600000000000027       -9.2496670177369342       0.60814365823581562     
  0.42700000000000027       -9.2517823612271730       0.60457175930427853     
  0.42800000000000027       -9.2539023150509649       0.60093909752806307     
  0.42900000000000027       -9.2560268594551474       0.59724334656642908     
  0.43000000000000027       -9.2581559733712293       0.59348205648112395     
  0.43100000000000027       -9.2602896342850975       0.58965264965044240     
  0.43200000000000027       -9.2624278180893729       0.58575241820031132     
  0.43300000000000027       -9.2645704989155764       0.58177852361316051     
  0.43400000000000027       -9.2667176489427163       0.57772799928910312     
  0.43500000000000028       -9.2688692381783451       0.57359775733593488     
  0.43600000000000028       -9.2710252342072685       0.56938460187766626     
  0.43700000000000028       -9.2731856019022718       0.56508525063025639     
  0.43800000000000028       -9.2753503030902262       0.56069636915599896     
  0.43900000000000028       -9.2775192961655062       0.55621462120378218     
  0.44000000000000028       -9.2796925356414626       0.55163674298776799     
  0.44100000000000028       -9.2818699716293462       0.54695964857253598     
  0.44200000000000028       -9.2840515492322133       0.54218057952312437     
  0.44300000000000028       -9.2862372078404363       0.53729731316084084     
  0.44400000000000028       -9.2884268803149421       0.53230845083439626     
  0.44500000000000028       -9.2906204920446989       0.52721381173412030     
  0.44600000000000029       -9.2928179598689962       0.52201496428820660     
  0.44700000000000029       -9.2950191908632682       0.51671593086231804     
  0.44800000000000029       -9.2972240810033000       0.51132409986806560     
  0.44900000000000029       -9.2994325137514835       0.50585136529397623     
  0.45000000000000029       -9.3016443586555297       0.50031547392204123     
  0.45100000000000029       -9.3038594701196580       0.49474148156095460     
  0.45200000000000029       -9.3060776866004087       0.48916308317901808     
  0.45300000000000029       -9.3082988305822649       0.48362339429185303     
  0.45400000000000029       -9.3105227097625036       0.47817457447386491     
  0.45500000000000029       -9.3127491198531782       0.47287563912106262     
  0.45600000000000029       -9.3149778492087218       0.46778809475219174     
  0.45700000000000029       -9.3172086850744247       0.46296976701742704     
  0.45800000000000030       -9.3194414207195955       0.45846814033838068     
  0.45900000000000030       -9.3216758623109204       0.45431510133720709     
  0.46000000000000030       -9.3239118343546856       0.45052462712266250     
  0.46100000000000030       -9.3261491829504131       0.44709379177348740     
  0.46200000000000030       -9.3283877767362799       0.44400623467323164     
  0.46300000000000030       -9.3306275059488026       0.44123665803312984     
  0.46400000000000030       -9.3328682802725940       0.43875509956397585     
  0.46500000000000030       -9.3351100261342932       0.43653028301938956     
  0.46600000000000030       -9.3373526839249994       0.43453187573117147     
  0.46700000000000030       -9.3395962054380437       0.43273179250269639     
  0.46800000000000030       -9.3418405516525898       0.43110480055354272     
  0.46900000000000031       -9.3440856908916334       0.42962866943942601     
  0.47000000000000031       -9.3463315973299395       0.42828405724488744     
  0.47100000000000031       -9.3485782498034702       0.42705426247873024     
  0.47200000000000031       -9.3508256308682292       0.42592492421341033     
  0.47300000000000031       -9.3530737260589270       0.42488371622897980     
  0.47400000000000031       -9.3553225233057713       0.42392005990986337     
  0.47500000000000031       -9.3575720124751260       0.42302486668551886     
  0.47600000000000031       -9.3598221850066476       0.42219031374985261     
  0.47700000000000031       -9.3620730336254052       0.42140965123698249     
  0.47800000000000031       -9.3643245521127554       0.42067703878840751     
  0.47900000000000031       -9.3665767351229157       0.41998740767966258     
  0.48000000000000032       -9.3688295780352071       0.41933634499648709     
  0.48100000000000032       -9.3710830768347755       0.41871999624989109     
  0.48200000000000032       -9.3733372280154477       0.41813498393481296     
  0.48300000000000032       -9.3755920285003356       0.41757833901009511     
  0.48400000000000032       -9.3778474755767061       0.41704744311485864     
  0.48500000000000032       -9.3801035668420791       0.41653998018683042     
  0.48600000000000032       -9.3823603001595295       0.41605389521937669     
  0.48700000000000032       -9.3846176736204949       0.41558735968610006     
  0.48800000000000032       -9.3868756855134823       0.41513874185366179     
  0.48900000000000032       -9.3891343342978910       0.41470658161264407     
  0.49000000000000032       -9.3913936185817288       0.41428956911990933     
  0.49100000000000033       -9.3936535371029368       0.41388652616861332     
  0.49200000000000033       -9.3959140887131483       0.41349639059084720     
  0.49300000000000033       -9.3981752723641971       0.41311820225492779     
  0.49400000000000033       -9.4004370870961882       0.41275109155138601     
  0.49500000000000033       -9.4026995320274320       0.41239426915330119     
  0.49600000000000033       -9.4049626063457463       0.41204701682208994     
  0.49700000000000033       -9.4072263093007020       0.41170867998824306     
  0.49800000000000033       -9.4094906401971929       0.41137866077331026     
  0.49900000000000033       -9.4117555983895809       0.41105641209503241     
  0.50000000000000033       -9.4140211832766862       0.41074143244532546     
  0.50100000000000033       -9.4162873942973828       0.41043326124220242     
  0.50200000000000033       -9.4185542309266612       0.41013147496561153     
  0.50300000000000034       -9.4208216926722432       0.40983568322511232     
  0.50400000000000034       -9.4230897790715478       0.40954552591681664     
  0.50500000000000034       -9.4253584896889731       0.40926067019776990     
  0.50600000000000034       -9.4276278241135341       0.40898080801535264     
  0.50700000000000034       -9.4298977819567362       0.40870565381023211     
  0.50800000000000034       -9.4321683628506943       0.40843494269963276     
  0.50900000000000034       -9.4344395664463399       0.40816842834010042     
  0.51000000000000034       -9.4367113924120485       0.40790588169327485     
  0.51100000000000034       -9.4389838404321686       0.40764708919455550     
  0.51200000000000034       -9.4412569102057873       0.40739185182332693     
  0.51300000000000034       -9.4435306014457261       0.40713998354189718     
  0.51400000000000035       -9.4458049138773958       0.40689131056509398     
  0.51500000000000035       -9.4480798472380201       0.40664567020196180     
  0.51600000000000035       -9.4503554012757149       0.40640291002955653     
  0.51700000000000035       -9.4526315757488160       0.40616288709897652     
  0.51800000000000035       -9.4549083704251728       0.40592546721322620     
  0.51900000000000035       -9.4571857850815153       0.40569052427002139     
  0.52000000000000035       -9.4594638195029059       0.40545793961426829     
  0.52100000000000035       -9.4617424734822428       0.40522760168268546     
  0.52200000000000035       -9.4640217468197232       0.40499940521786704     
  0.52300000000000035       -9.4663016393225323       0.40477325095196492     
  0.52400000000000035       -9.4685821508043340       0.40454904533125213     
  0.52500000000000036       -9.4708632810849114       0.40432669979920910     
  0.52600000000000036       -9.4731450299899276       0.40410613082006808     
  0.52700000000000036       -9.4754273973505097       0.40388725917829127     
  0.52800000000000036       -9.4777103830030374       0.40367001005465308     
  0.52900000000000036       -9.4799939867888501       0.40345431237343293     
  0.53000000000000036       -9.4822782085539856       0.40324009887991130     
  0.53100000000000036       -9.4845630481489867       0.40302730576048806     
  0.53200000000000036       -9.4868485054286626       0.40281587228625260     
  0.53300000000000036       -9.4891345802519371       0.40260574089498430     
  0.53400000000000036       -9.4914212724816167       0.40239685681463555     
  0.53500000000000036       -9.4937085819842491       0.40218916793842685     
  0.53600000000000037       -9.4959965086299878       0.40198262471126694     
  0.53700000000000037       -9.4982850522923759       0.40177717979345812     
  0.53800000000000037       -9.5005742128482762       0.40157278820412112     
  0.53900000000000037       -9.5028639901777314       0.40136940700368984     
  0.54000000000000037       -9.5051543841638289       0.40116699522130850     
  0.54100000000000037       -9.5074453946925725       0.40096551374292377     
  0.54200000000000037       -9.5097370216528443       0.40076492520703388     
  0.54300000000000037       -9.5120292649362117       0.40056519390723244     
  0.54400000000000037       -9.5143221244368963       0.40036628570122856     
  0.54500000000000037       -9.5166156000516686       0.40016816792583998     
  0.54600000000000037       -9.5189096916797933       0.39997080927047440     
  0.54700000000000037       -9.5212043992229134       0.39977417988929420     
  0.54800000000000038       -9.5234997225849636       0.39957825105237438     
  0.54900000000000038       -9.5257956616721735       0.39938299526568338     
  0.55000000000000038       -9.5280922163929276       0.39918838616343622     
  0.55100000000000038       -9.5303893866577436       0.39899439845044099     
  0.55200000000000038       -9.5326871723792070       0.39880100780092431     
  0.55300000000000038       -9.5349855734718734       0.39860819099409478     
  0.55400000000000038       -9.5372845898523071       0.39841592558843597     
  0.55500000000000038       -9.5395842214389344       0.39822419006066290     
  0.55600000000000038       -9.5418844681520483       0.39803296367049751     
  0.55700000000000038       -9.5441853299137840       0.39784222660694873     
  0.55800000000000038       -9.5464868066479855       0.39765195967362887     
  0.55900000000000039       -9.5487888982802716       0.39746214438977134     
  0.56000000000000039       -9.5510916047379091       0.39727276309517701     
  0.56100000000000039       -9.5533949259498527       0.39708379864538246     
  0.56200000000000039       -9.5556988618466363       0.39689523451528591     
  0.56300000000000039       -9.5580034123603870       0.39670705491064667     
  0.56400000000000039       -9.5603085774247702       0.39651924446773679     
  0.56500000000000039       -9.5626143569749633       0.39633178836071775     
  0.56600000000000039       -9.5649207509476408       0.39614467242077767     
  0.56700000000000039       -9.5672277592808985       0.39595788278890065     
  0.56800000000000039       -9.5695353819143012       0.39577140626053253     
  0.56900000000000039       -9.5718436187887956       0.39558522994893275     
  0.57000000000000040       -9.5741524698466751       0.39539934139549171     
  0.57100000000000040       -9.5764619350315936       0.39521372869826399     
  0.57200000000000040       -9.5787720142885693       0.39502838016445507     
  0.57300000000000040       -9.5810827075638691       0.39484328466790819     
  0.57400000000000040       -9.5833940148050534       0.39465843126117506     
  0.57500000000000040       -9.5857059359609504       0.39447380953117261     
  0.57600000000000040       -9.5880184709816394       0.39428940921524425     
  0.57700000000000040       -9.5903316198183592       0.39410522055668545     
  0.57800000000000040       -9.5926453824235960       0.39392123392282019     
  0.57900000000000040       -9.5949597587510222       0.39373744016203588     
  0.58000000000000040       -9.5972747487554066       0.39355383022185020     
  0.58100000000000041       -9.5995903523927328       0.39337039550926778     
  0.58200000000000041       -9.6019065696200858       0.39318712750680607     
  0.58300000000000041       -9.6042234003956111       0.39300401809169133     
  0.58400000000000041       -9.6065408446786300       0.39282105937877765     
  0.58500000000000041       -9.6088589024294802       0.39263824358387311     
  0.58600000000000041       -9.6111775736095915       0.39245556332723053     
  0.58700000000000041       -9.6134968581814242       0.39227301126367414     
  0.58800000000000041       -9.6158167561084777       0.39209058039459233     
  0.58900000000000041       -9.6181372673552801       0.39190826391757450     
  0.59000000000000041       -9.6204583918873379       0.39172605509231034     
  0.59100000000000041       -9.6227801296711970       0.39154394754249278     
  0.59200000000000041       -9.6251024806743466       0.39136193489033666     
  0.59300000000000042       -9.6274254448652243       0.39118001106888434     
  0.59400000000000042       -9.6297490222132822       0.39099817017432148     
  0.59500000000000042       -9.6320732126888782       0.39081640633102233     
  0.59600000000000042       -9.6343980162633027       0.39063471395356342     
  0.59700000000000042       -9.6367234329087861       0.39045308760313813     
  0.59800000000000042       -9.6390494625984342       0.39027152185445635     
  0.59900000000000042       -9.6413761053062714       0.39009001160005435     
  0.60000000000000042       -9.6437033610072245       0.38990855168445143     
  0.60100000000000042       -9.6460312296770763       0.38972713722208191     
  0.60200000000000042       -9.6483597112924659       0.38954576345062103     
  0.60300000000000042       -9.6506888058309404       0.38936442559174678     
  0.60400000000000043       -9.6530185132708493       0.38918311912432912     
  0.60500000000000043       -9.6553488335913755       0.38900183959323931     
  0.60600000000000043       -9.6576797667725689       0.38882058269629066     
  0.60700000000000043       -9.6600113127952625       0.38863934410568368     
  0.60800000000000043       -9.6623434716411420       0.38845811973019262     
  0.60900000000000043       -9.6646762432926714       0.38827690557641054     
  0.61000000000000043       -9.6670096277330888       0.38809569761320956     
  0.61100000000000043       -9.6693436249464426       0.38791449203851819     
  0.61200000000000043       -9.6716782349175592       0.38773328509421412     
  0.61300000000000043       -9.6740134576320287       0.38755207315235995     
  0.61400000000000043       -9.6763492930762034       0.38737085253870657     
  0.61500000000000044       -9.6786857412371816       0.38718961979362604     
  0.61600000000000044       -9.6810228021028308       0.38700837153614820     
  0.61700000000000044       -9.6833604756617184       0.38682710432719547     
  0.61800000000000044       -9.6856987619031756       0.38664581493907363     
  0.61900000000000044       -9.6880376608172494       0.38646450016994904     
  0.62000000000000044       -9.6903771723946921       0.38628315693207760     
  0.62100000000000044       -9.6927172966269843       0.38610178207137746     
  0.62200000000000044       -9.6950580335062799       0.38592037263574319     
  0.62300000000000044       -9.6973993830254699       0.38573892569085722     
  0.62400000000000044       -9.6997413451781096       0.38555743840870249     
  0.62500000000000044       -9.7020839199584206       0.38537590788659176     
  0.62600000000000044       -9.7044271073613313       0.38519433141682480     
  0.62700000000000045       -9.7067709073824311       0.38501270630215684     
  0.62800000000000045       -9.7091153200179754       0.38483102990031570     
  0.62900000000000045       -9.7114603452648502       0.38464929966570927     
  0.63000000000000045       -9.7138059831206220       0.38446751297313536     
  0.63100000000000045       -9.7161522335835055       0.38428566738093195     
  0.63200000000000045       -9.7184990966523390       0.38410376045134986     
  0.63300000000000045       -9.7208465723265913       0.38392178983857711     
  0.63400000000000045       -9.7231946606063762       0.38373975310825748     
  0.63500000000000045       -9.7255433614924005       0.38355764800731268     
  0.63600000000000045       -9.7278926749860357       0.38337547228026747     
  0.63700000000000045       -9.7302426010892109       0.38319322371403591     
  0.63800000000000046       -9.7325931398044858       0.38301090018108963     
  0.63900000000000046       -9.7349442911350312       0.38282849945957109     
  0.64000000000000046       -9.7372960550846095       0.38264601950261895     
  0.64100000000000046       -9.7396484316575389       0.38246345825543449     
  0.64200000000000046       -9.7420014208587720       0.38228081370009348     
  0.64300000000000046       -9.7443550226938047       0.38209808385457183     
  0.64400000000000046       -9.7467092371687212       0.38191526681509347     
  0.64500000000000046       -9.7490640642901845       0.38173236058053223     
  0.64600000000000046       -9.7514195040653995       0.38154936331560557     
  0.64700000000000046       -9.7537755565021396       0.38136627317248284     
  0.64800000000000046       -9.7561322216087554       0.38118308833466491     
  0.64900000000000047       -9.7584894993941091       0.38099980706050962     
  0.65000000000000047       -9.7608473898676333       0.38081642750368322     
  0.65100000000000047       -9.7632058930393235       0.38063294798260433     
  0.65200000000000047       -9.7655650089196495       0.38044936679807073     
  0.65300000000000047       -9.7679247375196763       0.38026568227834667     
  0.65400000000000047       -9.7702850788509554       0.38008189277843424     
  0.65500000000000047       -9.7726460329256000       0.37989799667936064     
  0.65600000000000047       -9.7750075997561812       0.37971399243083714     
  0.65700000000000047       -9.7773697793558565       0.37952987837611102     
  0.65800000000000047       -9.7797325717382595       0.37934565301499146     
  0.65900000000000047       -9.7820959769175175       0.37916131482615445     
  0.66000000000000048       -9.7844599949082944       0.37897686231115235     
  0.66100000000000048       -9.7868246257256946       0.37879229399386816     
  0.66200000000000048       -9.7891898693854156       0.37860760846415703     
  0.66300000000000048       -9.7915557259035300       0.37842280419911767     
  0.66400000000000048       -9.7939221952966751       0.37823787983169882     
  0.66500000000000048       -9.7962892775819643       0.37805283396951317     
  0.66600000000000048       -9.7986569727769481       0.37786766523983517     
  0.66700000000000048       -9.8010252808996814       0.37768237228908047     
  0.66800000000000048       -9.8033942019687128       0.37749695378237869     
  0.66900000000000048       -9.8057637360030068       0.37731140840307298     
  0.67000000000000048       -9.8081338830220091       0.37712573489591911     
  0.67100000000000048       -9.8105046430456664       0.37693993189109759     
  0.67200000000000049       -9.8128760160943163       0.37675399816872740     
  0.67300000000000049       -9.8152480021888113       0.37656793248073123     
  0.67400000000000049       -9.8176206013504075       0.37638173359512889     
  0.67500000000000049       -9.8199938136008385       0.37619540029566861     
  0.67600000000000049       -9.8223676389622501       0.37600893138144292     
  0.67700000000000049       -9.8247420774572589       0.37582232566651824     
  0.67800000000000049       -9.8271171291088919       0.37563558202342728     
  0.67900000000000049       -9.8294927939406271       0.37544869920641233     
  0.68000000000000049       -9.8318690719763655       0.37526167611720163     
  0.68100000000000049       -9.8342459632404289       0.37507451162624666     
  0.68200000000000049       -9.8366234677575921       0.37488720461724467     
  0.68300000000000050       -9.8390015855529658       0.37469975398687516     
  0.68400000000000050       -9.8413803166521827       0.37451215864442772     
  0.68500000000000050       -9.8437596610812204       0.37432441751156803     
  0.68600000000000050       -9.8461396188665056       0.37413652952198706     
  0.68700000000000050       -9.8485201900348276       0.37394849366524041     
  0.68800000000000050       -9.8509013746134286       0.37376030880923017     
  0.68900000000000050       -9.8532831726299346       0.37357197396712766     
  0.69000000000000050       -9.8556655841123355       0.37338348811807687     
  0.69100000000000050       -9.8580486090890584       0.37319485025190080     
  0.69200000000000050       -9.8604322475889230       0.37300605936888026     
  0.69300000000000050       -9.8628164996411112       0.37281711447950044     
  0.69400000000000051       -9.8652013652752171       0.37262801460422901     
  0.69500000000000051       -9.8675868445211812       0.37243875877323485     
  0.69600000000000051       -9.8699729374093774       0.37224934602621118     
  0.69700000000000051       -9.8723596439705208       0.37205977541213114     
  0.69800000000000051       -9.8747469642357100       0.37187004603276724     
  0.69900000000000051       -9.8771348982364238       0.37168015686681755     
  0.70000000000000051       -9.8795234460044821       0.37149010703432356     
  0.70100000000000051       -9.8819126075721311       0.37129989561930721     
  0.70200000000000051       -9.8843023829719119       0.37110952171400580     
  0.70300000000000051       -9.8866927722367723       0.37091898441875265     
  0.70400000000000051       -9.8890837754000085       0.37072828284172377     
  0.70500000000000052       -9.8914753924952930       0.37053741609881274     
  0.70600000000000052       -9.8938676235566003       0.37034638331340519     
  0.70700000000000052       -9.8962604686182907       0.37015518361624644     
  0.70800000000000052       -9.8986539277150829       0.36996381614521251     
  0.70900000000000052       -9.9010480008820334       0.36977228004522456     
  0.71000000000000052       -9.9034426881545325       0.36958057451200121     
  0.71100000000000052       -9.9058379895683171       0.36938869861530965     
  0.71200000000000052       -9.9082339051594683       0.36919665156475323     
  0.71300000000000052       -9.9106304349644052       0.36900443253164861     
  0.71400000000000052       -9.9130275790198752       0.36881204069350793     
  0.71500000000000052       -9.9154253373629686       0.36861947523394051     
  0.71600000000000052       -9.9178237100310813       0.36842673534246773     
  0.71700000000000053       -9.9202226970619645       0.36823382021442519     
  0.71800000000000053       -9.9226222984936800       0.36804072905078922     
  0.71900000000000053       -9.9250225143646187       0.36784746105806876     
  0.72000000000000053       -9.9274233447134801       0.36765401544815490     
  0.72100000000000053       -9.9298247895792979       0.36746039143821685     
  0.72200000000000053       -9.9322268490014221       0.36726658825055031     
  0.72300000000000053       -9.9346295230195008       0.36707260511248746     
  0.72400000000000053       -9.9370328116735074       0.36687844125623414     
  0.72500000000000053       -9.9394367150037226       0.36668409596283869     
  0.72600000000000053       -9.9418412330507255       0.36648956838534280     
  0.72700000000000053       -9.9442463658554185       0.36629485781454918     
  0.72800000000000054       -9.9466521134589989       0.36609996350113350     
  0.72900000000000054       -9.9490584759029463       0.36590488470008670     
  0.73000000000000054       -9.9514654532290905       0.36570962067062551     
  0.73100000000000054       -9.9538730454794813       0.36551417067610659     
  0.73200000000000054       -9.9562812526965452       0.36531853398390768     
  0.73300000000000054       -9.9586900749229521       0.36512270986534057     
  0.73400000000000054       -9.9610995122016845       0.36492669759552265     
  0.73500000000000054       -9.9635095645759684       0.36473049645331956     
  0.73600000000000054       -9.9659202320894114       0.36453410572124278     
  0.73700000000000054       -9.9683315147858025       0.36433752468532032     
  0.73800000000000054       -9.9707434127092878       0.36414075263508122     
  0.73900000000000055       -9.9731559259042601       0.36394378886338180     
  0.74000000000000055       -9.9755690544153843       0.36374663266639828     
  0.74100000000000055       -9.9779827982876537       0.36354928334346875     
  0.74200000000000055       -9.9803971575662871       0.36335174019707572     
  0.74300000000000055       -9.9828121322967700       0.36315400253271385     
  0.74400000000000055       -9.9852277225249075       0.36295606965884447     
  0.74500000000000055       -9.9876439282967571       0.36275794093082625     
  0.74600000000000055       -9.9900607496586176       0.36255961557434413     
  0.74700000000000055       -9.9924781866571006       0.36236109295066221     
  0.74800000000000055       -9.9948962393390381       0.36216237237927362     
  0.74900000000000055       -9.9973149077515533       0.36196345318226392     
  0.75000000000000056       -9.9997341919420126       0.36176433468419139     
  0.75100000000000056       -10.002154091958070       0.36156501621206205     
  0.75200000000000056       -10.004574607847617       0.36136549709523569     
  0.75300000000000056       -10.006995739658803       0.36116577666538374     
  0.75400000000000056       -10.009417487440020       0.36096585425638927     
  0.75500000000000056       -10.011839851239975       0.36076572920430938     
  0.75600000000000056       -10.014262831107519       0.36056540084728456     
  0.75700000000000056       -10.016686427091836       0.36036486852552141     
  0.75800000000000056       -10.019110639242381       0.36016413158115768     
  0.75900000000000056       -10.021535467608739       0.35996318935827992     
  0.76000000000000056       -10.023960912240849       0.35976204120280642     
  0.76100000000000056       -10.026386973188862       0.35956068646245742     
  0.76200000000000057       -10.028813650503155       0.35935912448668716     
  0.76300000000000057       -10.031240944234362       0.35915735462661652     
  0.76400000000000057       -10.033668854433319       0.35895537623500939     
  0.76500000000000057       -10.036097381151174       0.35875318866617079     
  0.76600000000000057       -10.038526524439261       0.35855079127594869     
  0.76700000000000057       -10.040956284349120       0.35834818342163366     
  0.76800000000000057       -10.043386660932567       0.35814536446190609     
  0.76900000000000057       -10.045817654241672       0.35794233375682966     
  0.77000000000000057       -10.048249264328662       0.35773909066776355     
  0.77100000000000057       -10.050681491246069       0.35753563455730863     
  0.77200000000000057       -10.053114335046581       0.35733196478928841     
  0.77300000000000058       -10.055547795783173       0.35712808072866148     
  0.77400000000000058       -10.057981873509020       0.35692398174150997     
  0.77500000000000058       -10.060416568277494       0.35671966719497444     
  0.77600000000000058       -10.062851880142217       0.35651513645720856     
  0.77700000000000058       -10.065287809157036       0.35631038894176348     
  0.77800000000000058       -10.067724355375997       0.35610542392964006     
  0.77900000000000058       -10.070161518853377       0.35590024083637850     
  0.78000000000000058       -10.072599299643656       0.35569483903374244     
  0.78100000000000058       -10.075037697801550       0.35548921789428156     
  0.78200000000000058       -10.077476713381957       0.35528337679129796     
  0.78300000000000058       -10.079916346440012       0.35507731509879725     
  0.78400000000000059       -10.082356597031035       0.35487103219146848     
  0.78500000000000059       -10.084797465210610       0.35466452744460197     
  0.78600000000000059       -10.087238951034450       0.35445780023408624     
  0.78700000000000059       -10.089681054558532       0.35425084993636541     
  0.78800000000000059       -10.092123775839026       0.35404367592836805     
  0.78900000000000059       -10.094567114932286       0.35383627758750946     
  0.79000000000000059       -10.097011071894904       0.35362865429162793     
  0.79100000000000059       -10.099455646783634       0.35342080541896020     
  0.79200000000000059       -10.101900839655459       0.35321273034808442     
  0.79300000000000059       -10.104346650567551       0.35300442845791602     
  0.79400000000000059       -10.106793079577267       0.35279589912762849     
  0.79500000000000060       -10.109240126742193       0.35258714173668371     
  0.79600000000000060       -10.111687792120085       0.35237815566471575     
  0.79700000000000060       -10.114136075768885       0.35216894029154766     
  0.79800000000000060       -10.116584977746763       0.35195949499714807     
  0.79900000000000060       -10.119034498112052       0.35174981916159048     
  0.80000000000000060       -10.121484636923270       0.35153991216502933     
  0.80100000000000060       -10.123935394239147       0.35132977338765636     
  0.80200000000000060       -10.126386770118593       0.35111940220966786     
  0.80300000000000060       -10.128838764620705       0.35090879801124525     
  0.80400000000000060       -10.131291377804756       0.35069796017251043     
  0.80500000000000060       -10.133744609730218       0.35048688807348949     
  0.80600000000000060       -10.136198460456749       0.35027558109409829     
  0.80700000000000061       -10.138652930044186       0.35006403861410151     
  0.80800000000000061       -10.141108018552506       0.34985226001308223     
  0.80900000000000061       -10.143563726041949       0.34964024467040639     
  0.81000000000000061       -10.146020052572881       0.34942799196521462     
  0.81100000000000061       -10.148476998205835       0.34921550127634560     
  0.81200000000000061       -10.150934563001544       0.34900277198237217     
  0.81300000000000061       -10.153392747020932       0.34878980346152355     
  0.81400000000000061       -10.155851550325066       0.34857659509164474     
  0.81500000000000061       -10.158310972975210       0.34836314625024001     
  0.81600000000000061       -10.160771015032777       0.34814945631435718     
  0.81700000000000061       -10.163231676559397       0.34793552466062272     
  0.81800000000000062       -10.165692957616821       0.34772135066518017     
  0.81900000000000062       -10.168154858266998       0.34750693370367797     
  0.82000000000000062       -10.170617378572024       0.34729227315122763     
  0.82100000000000062       -10.173080518594196       0.34707736838240627     
  0.82200000000000062       -10.175544278395945       0.34686221877118051     
  0.82300000000000062       -10.178008658039886       0.34664682369094102     
  0.82400000000000062       -10.180473657588825       0.34643118251441785     
  0.82500000000000062       -10.182939277105651       0.34621529461369716     
  0.82600000000000062       -10.185405516653516       0.34599915936016301     
  0.82700000000000062       -10.187872376295653       0.34578277612450248     
  0.82800000000000062       -10.190339856095502       0.34556614427664950     
  0.82900000000000063       -10.192807956116662       0.34534926318578713     
  0.83000000000000063       -10.195276676422864       0.34513213222029271     
  0.83100000000000063       -10.197746017078011       0.34491475074774214     
  0.83200000000000063       -10.200215978146181       0.34469711813487386     
  0.83300000000000063       -10.202686559691594       0.34447923374755268     
  0.83400000000000063       -10.205157761778613       0.34426109695075691     
  0.83500000000000063       -10.207629584471766       0.34404270710855167     
  0.83600000000000063       -10.210102027835751       0.34382406358406592     
  0.83700000000000063       -10.212575091935401       0.34360516573946309     
  0.83800000000000063       -10.215048776835697       0.34338601293592824     
  0.83900000000000063       -10.217523082601783       0.34316660453362502     
  0.84000000000000064       -10.219998009298953       0.34294693989170011     
  0.84100000000000064       -10.222473556992663       0.34272701836823627     
  0.84200000000000064       -10.224949725748468       0.34250683932021686     
  0.84300000000000064       -10.227426515632132       0.34228640210354533     
  0.84400000000000064       -10.229903926709527       0.34206570607299402     
  0.84500000000000064       -10.232381959046680       0.34184475058216696     
  0.84600000000000064       -10.234860612709785       0.34162353498352960     
  0.84700000000000064       -10.237339887765151       0.34140205862831063     
  0.84800000000000064       -10.239819784279225       0.34118032086654593     
  0.84900000000000064       -10.242300302318649       0.34095832104702783     
  0.85000000000000064       -10.244781441950130       0.34073605847149824     
  0.85100000000000064       -10.247263203240577       0.34051353257753436     
  0.85200000000000065       -10.249745586257040       0.34029074266448917     
  0.85300000000000065       -10.252228591066654       0.34006768807595411     
  0.85400000000000065       -10.254712217736763       0.33984436815417746     
  0.85500000000000065       -10.257196466334774       0.33962078224001802     
  0.85600000000000065       -10.259681336928306       0.33939692967294810     
  0.85700000000000065       -10.262166829585045       0.33917280979100928     
  0.85800000000000065       -10.264652944372893       0.33894842193080688     
  0.85900000000000065       -10.267139681359799       0.33872376542747440     
  0.86000000000000065       -10.269627040613914       0.33849883961466226     
  0.86100000000000065       -10.272115022203481       0.33827364382453784     
  0.86200000000000065       -10.274603626196898       0.33804817738769377     
  0.86300000000000066       -10.277092852662692       0.33782243963319902     
  0.86400000000000066       -10.279582701669531       0.33759642988855348     
  0.86500000000000066       -10.282073173286166       0.33737014747965249     
  0.86600000000000066       -10.284564267581541       0.33714359173075997     
  0.86700000000000066       -10.287055984624676       0.33691676196453757     
  0.86800000000000066       -10.289548324484784       0.33668965750195845     
  0.86900000000000066       -10.292041287231131       0.33646227766233133     
  0.87000000000000066       -10.294534872933147       0.33623462176325380     
  0.87100000000000066       -10.297029081660401       0.33600668912060672     
  0.87200000000000066       -10.299523913482574       0.33577847904852109     
  0.87300000000000066       -10.302019368469457       0.33554999085936132     
  0.87400000000000067       -10.304515446690981       0.33532122386370999     
  0.87500000000000067       -10.307012148217209       0.33509217737033370     
  0.87600000000000067       -10.309509473118295       0.33486285068617461     
  0.87700000000000067       -10.312007421464569       0.33463324311632159     
  0.87800000000000067       -10.314505993326419       0.33440335396398913     
  0.87900000000000067       -10.317005188774402       0.33417318253049422     
  0.88000000000000067       -10.319505007879167       0.33394272811525283     
  0.88100000000000067       -10.322005450711510       0.33371199001572660     
  0.88200000000000067       -10.324506517342305       0.33348096752743117     
  0.88300000000000067       -10.327008207842601       0.33324965994390260     
  0.88400000000000067       -10.329510522283494       0.33301806655666144     
  0.88500000000000068       -10.332013460736276       0.33278618665522819     
  0.88600000000000068       -10.334517023272282       0.33255401952706071     
  0.88700000000000068       -10.337021209963007       0.33232156441088601     
  0.88800000000000068       -10.339526020880056       0.33208882068300144     
  0.88900000000000068       -10.342031456095137       0.33185578757830492     
  0.89000000000000068       -10.344537515680072       0.33162246437588205     
  0.89100000000000068       -10.347044199706820       0.33138885035266219     
  0.89200000000000068       -10.349551508247412       0.33115494478339924     
  0.89300000000000068       -10.352059441374015       0.33092074694066587     
  0.89400000000000068       -10.354567999158915       0.33068625609480240     
  0.89500000000000068       -10.357077181674507       0.33045147151392773     
  0.89600000000000068       -10.359586988993257       0.33021639246389889     
  0.89700000000000069       -10.362097421187810       0.32998101820829251     
  0.89800000000000069       -10.364608478330867       0.32974534800838390     
  0.89900000000000069       -10.367120160495247       0.32950938112312955     
  0.90000000000000069       -10.369632467753870       0.32927311680912963     
  0.90100000000000069       -10.372145400179813       0.32903655432063250     
  0.90200000000000069       -10.374658957846194       0.32879969290948796     
  0.90300000000000069       -10.377173140826274       0.32856253182513723     
  0.90400000000000069       -10.379687949193427       0.32832507031459757     
  0.90500000000000069       -10.382203383021094       0.32808730762241434     
  0.90600000000000069       -10.384719442382853       0.32784924299067630     
  0.90700000000000069       -10.387236127352388       0.32761087565895664     
  0.90800000000000070       -10.389753438003455       0.32737220486432150     
  0.90900000000000070       -10.392271374409946       0.32713322984128329     
  0.91000000000000070       -10.394789936645839       0.32689394982179598     
  0.91100000000000070       -10.397309124785220       0.32665436398804826     
  0.91200000000000070       -10.399828938902278       0.32641447166064869     
  0.91300000000000070       -10.402349379071280       0.32617427201701676     
  0.91400000000000070       -10.404870445366642       0.32593376427862242     
  0.91500000000000070       -10.407392137862812       0.32569294766424806     
  0.91600000000000070       -10.409914456634409       0.32545182138997630     
  0.91700000000000070       -10.412437401756094       0.32521038466916125     
  0.91800000000000070       -10.414960973302673       0.32496863671242116     
  0.91900000000000071       -10.417485171349005       0.32472657672758831     
  0.92000000000000071       -10.420009995970076       0.32448420391971666     
  0.92100000000000071       -10.422535447240952       0.32424151749102692     
  0.92200000000000071       -10.425061525236808       0.32399851664091417     
  0.92300000000000071       -10.427588230032919       0.32375520056589457     
  0.92400000000000071       -10.430115561704618       0.32351156845961310     
  0.92500000000000071       -10.432643520327394       0.32326761951278710     
  0.92600000000000071       -10.435172105976774       0.32302335291321715     
  0.92700000000000071       -10.437701318728410       0.32277876784572468     
  0.92800000000000071       -10.440231158658035       0.32253386349215740     
  0.92900000000000071       -10.442761625841475       0.32228863903136473     
  0.93000000000000071       -10.445292720354672       0.32204309363914718     
  0.93100000000000072       -10.447824442273619       0.32179722644032044     
  0.93200000000000072       -10.450356791674430       0.32155103669985441     
  0.93300000000000072       -10.452889768633295       0.32130452353695305     
  0.93400000000000072       -10.455423373226512       0.32105768611504787     
  0.93500000000000072       -10.457957605530458       0.32081052359442974     
  0.93600000000000072       -10.460492465621575       0.32056303513219592     
  0.93700000000000072       -10.463027953576434       0.32031521988225015     
  0.93800000000000072       -10.465564069471693       0.32006707699525483     
  0.93900000000000072       -10.468100813384071       0.31981860561863418     
  0.94000000000000072       -10.470638185390376       0.31956980489651271     
  0.94100000000000072       -10.473176185567540       0.31932067396972053     
  0.94200000000000073       -10.475714813992544       0.31907121197574795     
  0.94300000000000073       -10.478254070742464       0.31882141804873043     
  0.94400000000000073       -10.480793955894464       0.31857129131942291     
  0.94500000000000073       -10.483334469525820       0.31832083091516172     
  0.94600000000000073       -10.485875611713851       0.31807003595984928     
  0.94700000000000073       -10.488417382535982       0.31781890557392611     
  0.94800000000000073       -10.490959782069730       0.31756743882573951     
  0.94900000000000073       -10.493502810392657       0.31731563492526127     
  0.95000000000000073       -10.496046467582463       0.31706349293442693     
  0.95100000000000073       -10.498590753716895       0.31681101195954520     
  0.95200000000000073       -10.501135668873786       0.31655819110333827     
  0.95300000000000074       -10.503681213131079       0.31630502946489253     
  0.95400000000000074       -10.506227386566776       0.31605152613964915     
  0.95500000000000074       -10.508774189258931       0.31579768021934795     
  0.95600000000000074       -10.511321621285727       0.31554349079205113     
  0.95700000000000074       -10.513869682725421       0.31528895694204362     
  0.95800000000000074       -10.516418373656338       0.31503407774987335     
  0.95900000000000074       -10.518967694156865       0.31477885229227553     
  0.96000000000000074       -10.521517644305524       0.31452327964216398     
  0.96100000000000074       -10.524068224180843       0.31426735886861457     
  0.96200000000000074       -10.526619433861487       0.31401108898834251     
  0.96300000000000074       -10.529171273426170       0.31375446915880278     
  0.96400000000000075       -10.531723742953696       0.31349749838958096     
  0.96500000000000075       -10.534276842522951       0.31324017573402752     
  0.96600000000000075       -10.536830572212862       0.31298250024149810     
  0.96700000000000075       -10.539384932102486       0.31272447095731448     
  0.96800000000000075       -10.541939922270933       0.31246608692273203     
  0.96900000000000075       -10.544495542797355       0.31220734717492726     
  0.97000000000000075       -10.547051793761046       0.31194825074693522     
  0.97100000000000075       -10.549608675241332       0.31168879666764215     
  0.97200000000000075       -10.552166187317622       0.31142898396175878     
  0.97300000000000075       -10.554724330069391       0.31116881164976429     
  0.97400000000000075       -10.557283103576204       0.31090827874789262     
  0.97500000000000075       -10.559842507917701       0.31064738426810629     
  0.97600000000000076       -10.562402543173574       0.31038612716875869     
  0.97700000000000076       -10.564963209423601       0.31012450655091084     
  0.97800000000000076       -10.567524506747654       0.30986252136497283     
  0.97900000000000076       -10.570086435225630       0.30960017060546363     
  0.98000000000000076       -10.572648994937538       0.30933745326242862     
  0.98100000000000076       -10.575212185963453       0.30907436832145274     
  0.98200000000000076       -10.577776008383516       0.30881091476360623     
  0.98300000000000076       -10.580340462277917       0.30854709156541493     
  0.98400000000000076       -10.582905547726948       0.30828289769882244     
  0.98500000000000076       -10.585471264810966       0.30801833213115148     
  0.98600000000000076       -10.588037613610391       0.30775339382508893     
  0.98700000000000077       -10.590604594205706       0.30748808173862840     
  0.98800000000000077       -10.593172206677478       0.30722239477564406     
  0.98900000000000077       -10.595740451106321       0.30695633198260486     
  0.99000000000000077       -10.598309327572961       0.30668989225468357     
  0.99100000000000077       -10.600878836158143       0.30642307453076933     
  0.99200000000000077       -10.603448976942717       0.30615587774490627     
  0.99300000000000077       -10.606019750007562       0.30588830082623597     
  0.99400000000000077       -10.608591155433679       0.30562034269895938     
  0.99500000000000077       -10.611163193302083       0.30535200228230541     
  0.99600000000000077       -10.613735863693893       0.30508327849048505     
  0.99700000000000077       -10.616309166690259       0.30481417023266699     
  0.99800000000000078       -10.618883102372420       0.30454467641293237     
