  0.40000000000000002       -7.4853591979640530       0.78645943696667220     
  0.40100000000000002       -7.4804178413208025       0.78553605900943591     
  0.40200000000000002       -7.4754881227262979       0.78460538515363853     
  0.40300000000000002       -7.4705701199452568       0.78366732793615768     
  0.40400000000000003       -7.4656639115077370       0.78272179822719445     
  0.40500000000000003       -7.4607695767189828       0.78176870543663290     
  0.40600000000000003       -7.4558871956694261       0.78080795748350018     
  0.40700000000000003       -7.4510168492448319       0.77983946076461796     
  0.40800000000000003       -7.4461586191366180       0.77886312012247394     
  0.40900000000000003       -7.4413125878523214       0.77787883881222164     
  0.41000000000000003       -7.4364788387262424       0.77688651846782575     
  0.41100000000000003       -7.4316574559302477       0.77588605906733221     
  0.41200000000000003       -7.4268485244847611       0.77487735889719367     
  0.41300000000000003       -7.4220521302699094       0.77386031451565396     
  0.41400000000000003       -7.4172683600368501       0.77283482071515852     
  0.41500000000000004       -7.4124973014193394       0.77180077048374551     
  0.41600000000000004       -7.4077390429453578       0.77075805496538241     
  0.41700000000000004       -7.4029936740490481       0.76970656341924104     
  0.41800000000000004       -7.3982612850827687       0.76864618317785105     
  0.41900000000000004       -7.3935419673294325       0.76757679668996048     
  0.42000000000000004       -7.3888358130148912       0.76649829295637162     
  0.42100000000000004       -7.3841429153207150       0.76541055051779638     
  0.42200000000000004       -7.3794633683969879       0.76431344855725092     
  0.42300000000000004       -7.3747972673754933       0.76320686410374217     
  0.42400000000000004       -7.3701447083829743       0.76209067198285596     
  0.42500000000000004       -7.3655057885546764       0.76096474476600195     
  0.42600000000000005       -7.3608806060481289       0.75982895271814987     
  0.42700000000000005       -7.3562692600571005       0.75868316374410227     
  0.42800000000000005       -7.3516718508258503       0.75752724333317778     
  0.42900000000000005       -7.3470884796635509       0.75636105450228730     
  0.43000000000000005       -7.3425192489590136       0.75518445773734022     
  0.43100000000000005       -7.3379642621956158       0.75399731093292588     
  0.43200000000000005       -7.3334236239665156       0.75279946933019015     
  0.43300000000000005       -7.3288974399900475       0.75159078545283797     
  0.43400000000000005       -7.3243858171255249       0.75037110904125359     
  0.43500000000000005       -7.3198888633891279       0.74914028698458046     
  0.43600000000000005       -7.3154066879702038       0.74789816325074943     
  0.43700000000000006       -7.3109394012478059       0.74664457881434720     
  0.43800000000000006       -7.3064871148074468       0.74537937158227141     
  0.43900000000000006       -7.3020499414582387       0.74410237631706111     
  0.44000000000000006       -7.2976279952502878       0.74281342116628735     
  0.44100000000000006       -7.2932213914923532       0.74151234090279128     
  0.44200000000000006       -7.2888302467698622       0.74019895720568674     
  0.44300000000000006       -7.2844546789632174       0.73887309144246283     
  0.44400000000000006       -7.2800948072664502       0.73753456141488427     
  0.44500000000000006       -7.2757507522061040       0.73618318126643489     
  0.44600000000000006       -7.2714226356605751       0.73481876138673585     
  0.44700000000000006       -7.2671105808797325       0.73344110831285936     
  0.44800000000000006       -7.2628147125048459       0.73205002462733515     
  0.44900000000000007       -7.2585351565889438       0.73064530885278578     
  0.45000000000000007       -7.2542720406174741       0.72922675534300541     
  0.45100000000000007       -7.2500254935293178       0.72779415417035831     
  0.45200000000000007       -7.2457956457382986       0.72634729100935513     
  0.45300000000000007       -7.2415826291548520       0.72488594701620968     
  0.45400000000000007       -7.2373865772083530       0.72340989870423811     
  0.45500000000000007       -7.2332076248696069       0.72191891781492401     
  0.45600000000000007       -7.2290459086738963       0.72041276739859073     
  0.45700000000000007       -7.2249015667443626       0.71889121650258636     
  0.45800000000000007       -7.2207747388158694       0.71735401823607570     
  0.45900000000000007       -7.2166655662592634       0.71580092386756977     
  0.46000000000000008       -7.2125741921060822       0.71423167917677699     
  0.46100000000000008       -7.2085007610736964       0.71264602429530888     
  0.46200000000000008       -7.2044454195909706       0.71104369354153163     
  0.46300000000000008       -7.2004083158243377       0.70942441524926170     
  0.46400000000000008       -7.1963895997043901       0.70778791159006538     
  0.46500000000000008       -7.1923894229529086       0.70613389838883456     
  0.46600000000000008       -7.1884079391104976       0.70446208493233597     
  0.46700000000000008       -7.1844453035646101       0.70277217377041734     
  0.46800000000000008       -7.1805016735781901       0.70106385662676496     
  0.46900000000000008       -7.1765772083187764       0.69933682934504671     
  0.47000000000000008       -7.1726720688882653       0.69759076944293508     
  0.47100000000000009       -7.1687864183530658       0.69582535037087212     
  0.47200000000000009       -7.1649204217750180       0.69404023772466450     
  0.47300000000000009       -7.1610742462427144       0.69223508899440256     
  0.47400000000000009       -7.1572480609035711       0.69040955330314469     
  0.47500000000000009       -7.1534420369964007       0.68856327113479099     
  0.47600000000000009       -7.1496563478846671       0.68669587405061827     
  0.47700000000000009       -7.1458911690903477       0.68480698439388832     
  0.47800000000000009       -7.1421466783284906       0.68289621498190245     
  0.47900000000000009       -7.1384230555423720       0.68096316434460435     
  0.48000000000000009       -7.1347204829394020       0.67900743367216387     
  0.48100000000000009       -7.1310391450276924       0.67702860120476327     
  0.48200000000000010       -7.1273792286533473       0.67502623829500785     
  0.48300000000000010       -7.1237409230384783       0.67299990501611096     
  0.48400000000000010       -7.1201244198199598       0.67094914976308295     
  0.48500000000000010       -7.1165299130889670       0.66887350883573837     
  0.48600000000000010       -7.1129575994313035       0.66677250600247329     
  0.48700000000000010       -7.1094076779684476       0.66464564761582112     
  0.48800000000000010       -7.1058803503995636       0.66249243931613711     
  0.48900000000000010       -7.1023758210441965       0.66031236048692143     
  0.49000000000000010       -7.0988942968858941       0.65810487997556866     
  0.49100000000000010       -7.0954359876167308       0.65586945158620402     
  0.49200000000000010       -7.0920011056826802       0.65360551350197449     
  0.49300000000000010       -7.0885898663299187       0.65131248767856431     
  0.49400000000000011       -7.0852024876520634       0.64898977920715395     
  0.49500000000000011       -7.0818391906383873       0.64663677053986501     
  0.49600000000000011       -7.0785001992230203       0.64425284052892140     
  0.49700000000000011       -7.0751857403351259       0.64183733499276507     
  0.49800000000000011       -7.0718960439501251       0.63938958449900585     
  0.49900000000000011       -7.0686313431420222       0.63690889903248293     
  0.50000000000000011       -7.0653918741367185       0.63439456712860909     
  0.50100000000000011       -7.0621778763665306       0.63184584973048274     
  0.50200000000000011       -7.0589895925257489       0.62926199937981075     
  0.50300000000000011       -7.0558272686274615       0.62664222998706109     
  0.50400000000000011       -7.0526911540614901       0.62398573460317930     
  0.50500000000000012       -7.0495815016535550       0.62129167971016952     
  0.50600000000000012       -7.0464985677257381       0.61855919883493438     
  0.50700000000000012       -7.0434426121581453       0.61578741116827040     
  0.50800000000000012       -7.0404138984519822       0.61297539145179480     
  0.50900000000000012       -7.0374126937938879       0.61012218704823218     
  0.51000000000000012       -7.0344392691216715       0.60722681193523109     
  0.51100000000000012       -7.0314938991914966       0.60428823944348975     
  0.51200000000000012       -7.0285768626464371       0.60130542210674942     
  0.51300000000000012       -7.0256884420866159       0.59827725872274240     
  0.51400000000000012       -7.0228289241407724       0.59520261235288641     
  0.51500000000000012       -7.0199985995394529       0.59208029769687609     
  0.51600000000000013       -7.0171977631897446       0.58890910064988100     
  0.51700000000000013       -7.0144267142517416       0.58568774458830286     
  0.51800000000000013       -7.0116857562165515       0.58241490786315786     
  0.51900000000000013       -7.0089751969861860       0.57908920996989721     
  0.52000000000000013       -7.0062953489550859       0.57570923238189664     
  0.52100000000000013       -7.0036465290935421       0.57227348131348243     
  0.52200000000000013       -7.0010290590329829       0.56878039995246510     
  0.52300000000000013       -6.9984432651530621       0.56522838277499787     
  0.52400000000000013       -6.9958894786708949       0.56161573843261692     
  0.52500000000000013       -6.9933680357321135       0.55794070025155462     
  0.52600000000000013       -6.9908792775041331       0.55420144056220133     
  0.52700000000000014       -6.9884235502714489       0.55039603149522820     
  0.52800000000000014       -6.9860012055331415       0.54652245429178947     
  0.52900000000000014       -6.9836126001026342       0.54257861457683565     
  0.53000000000000014       -6.9812580962096975       0.53856229195014194     
  0.53100000000000014       -6.9789380616048566       0.53447118132157945     
  0.53200000000000014       -6.9766528696661698       0.53030283842328263     
  0.53300000000000014       -6.9744028995085356       0.52605471732283071     
  0.53400000000000014       -6.9721885360955316       0.52172411591221235     
  0.53500000000000014       -6.9700101703538486       0.51730821115466330     
  0.53600000000000014       -6.9678681992904341       0.51280400231188572     
  0.53700000000000014       -6.9657630261124659       0.50820834533181602     
  0.53800000000000014       -6.9636950603500125       0.50351789137874603     
  0.53900000000000015       -6.9616647179817859       0.49872912181228318     
  0.54000000000000015       -6.9596724215637824       0.49383827909087713     
  0.54100000000000015       -6.9577186003610416       0.48884139641062196     
  0.54200000000000015       -6.9558036904825613       0.48373424842740709     
  0.54300000000000015       -6.9539281350195239       0.47851234204911114     
  0.54400000000000015       -6.9520923841867956       0.47317086425601979     
  0.54500000000000015       -6.9502968954679334       0.46770469269615195     
  0.54600000000000015       -6.9485421337636941       0.46210833539673973     
  0.54700000000000015       -6.9468285715442164       0.45637590009115270     
  0.54800000000000015       -6.9451566890049419       0.45050105134361074     
  0.54900000000000015       -6.9435269742263745       0.44447696149752913     
  0.55000000000000016       -6.9419399233378387       0.43829625431541575     
  0.55100000000000016       -6.9403960406852665       0.43195093244811833     
  0.55200000000000016       -6.9388958390032816       0.42543233098760080     
  0.55300000000000016       -6.9374398395914803       0.41873098699997313     
  0.55400000000000016       -6.9360285724952542       0.41183655556327176     
  0.55500000000000016       -6.9346625766911760       0.40473770571858309     
  0.55600000000000016       -6.9333424002770530       0.39742195924416951     
  0.55700000000000016       -6.9320686006669030       0.38987549530739934     
  0.55800000000000016       -6.9308417447908663       0.38208298024147935     
  0.55900000000000016       -6.9296624093003132       0.37402731545078588     
  0.56000000000000016       -6.9285311807782399       0.36568927906282311     
  0.56100000000000017       -6.9274486559551018       0.35704719702052595     
  0.56200000000000017       -6.9264154419303079       0.34807643059927973     
  0.56300000000000017       -6.9254321563995118       0.33874876669386766     
  0.56400000000000017       -6.9244994278878469       0.32903165901002990     
  0.56500000000000017       -6.9236178959893655       0.31888717545921774     
  0.56600000000000017       -6.9227882116127706       0.30827067698127331     
  0.56700000000000017       -6.9220110372337373       0.29712895519920995     
  0.56800000000000017       -6.9212870471539709       0.28539771774028810     
  0.56900000000000017       -6.9206169277672096       0.27299801856642347     
  0.57000000000000017       -6.9200013778324010       0.25983098392153059     
  0.57100000000000017       -6.9194411087542926       0.24576983912968631     
  0.57200000000000017       -6.9189368448716673       0.23064737322487477     
  0.57300000000000018       -6.9184893237534011       0.21423479433419196     
  0.57400000000000018       -6.9180992965026880       0.19620399446503506     
  0.57500000000000018       -6.9177675280696826       0.17605319117245347     
  0.57600000000000018       -6.9174947975727150       0.15294049588038483     
  0.57700000000000018       -6.9172818986285085       0.12522887640711222     
  0.57800000000000018       -6.9171296396915780        8.8697051647319183E-002
  0.57900000000000018       -6.9170388428450780        2.4186664133638708E-004
  0.58000000000000018       -6.9169790749242992        1.6984599525010635E-006
  0.58100000000000018       -6.9169202150739526        8.4234202925997925E-007
  0.58200000000000018       -6.9168622632037247        5.6267347162824999E-007
  0.58300000000000018       -6.9168052192195093        4.1499072969686246E-007
  0.58400000000000019       -6.9167490830265681        3.2823491637884450E-007
  0.58500000000000019       -6.9166938545295382        2.7521631729837681E-007
  0.58600000000000019       -6.9166395336324173        2.3342445034518766E-007
  0.58700000000000019       -6.9165861202385743        2.0264338370518109E-007
  0.58800000000000019       -6.9165336142507590        1.8221827353948061E-007
  0.58900000000000019       -6.9164820155710771        1.6189527052290487E-007
  0.59000000000000019       -6.9164313241010218        1.4211488581078457E-007
  0.59100000000000019       -6.9163815397414563        1.3234696611547081E-007
  0.59200000000000019       -6.9163326623926089        1.2250396854568413E-007
  0.59300000000000019       -6.9162846919540959        1.1270365813526029E-007
  0.59400000000000019       -6.9162376283248834        1.0305460186599280E-007
  0.59500000000000020       -6.9161914714033541        9.3654368149564959E-008
  0.59600000000000020       -6.9161462210872156        8.4588163008769701E-008
  0.59700000000000020       -6.9161018772735918        7.5927937923103705E-008
  0.59800000000000020       -6.9160584398589640        6.7731938772908062E-008
  0.59900000000000020       -6.9160159087392019        6.0044693328542564E-008
  0.60000000000000020       -6.9159742838095433        5.2897384889005750E-008
  0.60100000000000020       -6.9159335649646092        4.6308567404340639E-008
  0.60200000000000020       -6.9158937520983983        4.0285157668074056E-008
  0.60300000000000020       -6.9158548451042803        3.4823648645265770E-008
  0.60400000000000020       -6.9158168438750289        2.9911469370813570E-008
  0.60500000000000020       -6.9157797483027723        2.5528433811317086E-008
  0.60600000000000021       -6.9157435582790452        2.1648215012270988E-008
  0.60700000000000021       -6.9157082736947366        1.8239794716268243E-008
  0.60800000000000021       -6.9156738944401459        1.5268840324045296E-008
  0.60900000000000021       -6.9156404204049231        1.2698973192448726E-008
  0.61000000000000021       -6.9156078514781436        1.0492904600756248E-008
  0.61100000000000021       -6.9155761875482220        8.6134132951110054E-009
  0.61200000000000021       -6.9155454285029858        7.0241727156972189E-009
  0.61300000000000021       -6.9155155742296497        5.6904032666449389E-009
  0.61400000000000021       -6.9154866246147995        4.5793775924063418E-009
  0.61500000000000021       -6.9154585795444197        3.6607733927551678E-009
  0.61600000000000021       -6.9154314389038722        2.9068962237310814E-009
  0.61700000000000021       -6.9154052025779063        2.2927867243671685E-009
  0.61800000000000022       -6.9153798704506704        1.7962310874808374E-009
  0.61900000000000022       -6.9153554424056987        1.3976935789306033E-009
  0.62000000000000022       -6.9153319183259025        1.0801896807577371E-009
  0.62100000000000022       -6.9153092980936002        8.2911078003178318E-010
  0.62200000000000022       -6.9152875815904959        6.3202772876413960E-010
  0.62300000000000022       -6.9152667686976796        4.7847296263947570E-010
  0.62400000000000022       -6.9152468592956309        3.5971770701026529E-010
  0.62500000000000022       -6.9152278532642386        2.6855652424107035E-010
  0.62600000000000022       -6.9152097504827568        1.9909759257918935E-010
  0.62700000000000022       -6.9151925508298744        1.4656700159099145E-010
  0.62800000000000022       -6.9151762541836312        1.0713545328666640E-010
  0.62900000000000023       -6.9151608604214871        7.7757501826258846E-011
  0.63000000000000023       -6.9151463694202953        5.6032824213847476E-011
  0.63100000000000023       -6.9151327810562986        4.0089598307702090E-011
  0.63200000000000023       -6.9151200952051406        2.8476214442019199E-011
  0.63300000000000023       -6.9151083117418644        2.0081568352647849E-011
  0.63400000000000023       -6.9150974305409072        1.4058823549767396E-011
  0.63500000000000023       -6.9150874514761025        9.7704205836990354E-012
  0.63600000000000023       -6.9150783744206912        6.7402333714383644E-012
  0.63700000000000023       -6.9150701992473111        4.6157314081973766E-012
  0.63800000000000023       -6.9150629258280025        3.1372474063040556E-012
  0.63900000000000023       -6.9150565540342024        2.1166471353417649E-012
  0.64000000000000024       -6.9150510837367420        1.4171303019949733E-012
  0.64100000000000024       -6.9150465148058862        9.4243363113477585E-013
  0.64200000000000024       -6.9150428471112653        6.2206489959137912E-013
  0.64300000000000024       -6.9150400805219343        4.0738939999229729E-013
  0.64400000000000024       -6.9150382149063487        2.6494778593288970E-013
  0.64500000000000024       -6.9150372501323725        1.7084250680809987E-013
  0.64600000000000024       -6.9150371860672708        1.0961370700002249E-013
  0.64700000000000024       -6.9150380225777175        6.9874661612345790E-014
  0.64800000000000024       -6.9150397595297903        4.4082792971522622E-014
  0.64900000000000024       -6.9150423967889747        2.7630675525358583E-014
  0.65000000000000024       -6.9150459342201716        1.7291723608536813E-014
  0.65100000000000025       -6.9150503716876957        1.0859368959614812E-014
  0.65200000000000025       -6.9150557090552445        6.1131655293422682E-015
  0.65300000000000025       -6.9150619461859568        3.7678193898216250E-015
  0.65400000000000025       -6.9150690829423560        2.1441182163073336E-015
  0.65500000000000025       -6.9150771191864102        1.3461454173580023E-015
  0.65600000000000025       -6.9150860547794686        1.1032841307212493E-015
  0.65700000000000025       -6.9150958895823083        5.7592819402429996E-016
  0.65800000000000025       -6.9151066234551148        1.1102230246251565E-016
  0.65900000000000025       -6.9151182562574967       -7.6327832942979512E-017
  0.66000000000000025       -6.9151307878484749       -2.1510571102112408E-016
  0.66100000000000025       -6.9151442180864668       -6.5919492087118670E-016
  0.66200000000000025       -6.9151585468293391       -3.6776137690708310E-016
  0.66300000000000026       -6.9151737739343497       -8.3266726846886741E-017
  0.66400000000000026       -6.9151898992581931        2.0816681711721685E-017
  0.66500000000000026       -6.9152069226569619        2.4286128663675299E-016
  0.66600000000000026       -6.9152248439861816        2.0816681711721685E-016
  0.66700000000000026       -6.9152436631008047       -1.2490009027033011E-016
  0.66800000000000026       -6.9152633798551877       -3.0531133177191805E-016
  0.66900000000000026       -6.9152839941031115       -2.2204460492503131E-016
  0.67000000000000026       -6.9153055056977966        1.2490009027033011E-016
  0.67100000000000026       -6.9153279144918587        5.5511151231257827E-017
  0.67200000000000026       -6.9153512203373575        3.2612801348363973E-016
  0.67300000000000026       -6.9153754230857674        6.2450045135165055E-017
  0.67400000000000027       -6.9154005225879871       -3.8163916471489756E-016
  0.67500000000000027       -6.9154265186943524        2.2898349882893854E-016
  0.67600000000000027       -6.9154534112546155        4.1633363423443370E-016
  0.67700000000000027       -6.9154812001179495        9.7144514654701197E-017
  0.67800000000000027       -6.9155098851329759       -1.9428902930940239E-016
  0.67900000000000027       -6.9155394661477176        5.5511151231257827E-017
  0.68000000000000027       -6.9155699430096460        1.3877787807814457E-017
  0.68100000000000027       -6.9156013155656568       -1.8735013540549517E-016
  0.68200000000000027       -6.9156335836620677       -9.7144514654701197E-017
  0.68300000000000027       -6.9156667471446429        2.3592239273284576E-016
  0.68400000000000027       -6.9157008058585845        5.4817261840867104E-016
  0.68500000000000028       -6.9157357596484816        3.6776137690708310E-016
  0.68600000000000028       -6.9157716083584093        6.9388939039072284E-018
  0.68700000000000028       -6.9158083518318598        2.9143354396410359E-016
  0.68800000000000028       -6.9158459899117490        6.9388939039072284E-018
  0.68900000000000028       -6.9158845224404324        2.1510571102112408E-016
  0.69000000000000028       -6.9159239492597164        2.5673907444456745E-016
  0.69100000000000028       -6.9159642702108126        1.9428902930940239E-016
  0.69200000000000028       -6.9160054851344084       -2.1510571102112408E-016
  0.69300000000000028       -6.9160475938706130       -2.4286128663675299E-016
  0.69400000000000028       -6.9160905962589592       -7.5633943552588789E-016
  0.69500000000000028       -6.9161344921384424       -2.0122792321330962E-016
  0.69600000000000029       -6.9161792813474925        2.0816681711721685E-017
  0.69700000000000029       -6.9162249637239661        2.0816681711721685E-017
  0.69800000000000029       -6.9162715391051890        1.1102230246251565E-016
  0.69900000000000029       -6.9163190073279139        1.1796119636642288E-016
  0.70000000000000029       -6.9163673682283227        2.6367796834847468E-016
  0.70100000000000029       -6.9164166216420737        1.2490009027033011E-016
  0.70200000000000029       -6.9164667674042359       -2.2898349882893854E-016
  0.70300000000000029       -6.9165178053493586        4.1633363423443370E-017
  0.70400000000000029       -6.9165697353114126       -1.8041124150158794E-016
  0.70500000000000029       -6.9166225571238114        4.1633363423443370E-016
  0.70600000000000029       -6.9166762706194591        3.6082248300317588E-016
  0.70700000000000029       -6.9167308756306527        2.7061686225238191E-016
  0.70800000000000030       -6.9167863719891702        6.0368376963992887E-016
  0.70900000000000030       -6.9168427595262356       -2.7755575615628914E-017
  0.71000000000000030       -6.9169000380725292        1.5265566588595902E-016
  0.71100000000000030       -6.9169582074581619       -1.3877787807814457E-016
  0.71200000000000030       -6.9170172675127244       -3.8857805861880479E-016
  0.71300000000000030       -6.9170772180652378       -8.3266726846886741E-017
  0.71400000000000030       -6.9171380589441931       -9.0205620750793969E-017
  0.71500000000000030       -6.9171997899775217        3.4694469519536142E-017
  0.71600000000000030       -6.9172624109926240        3.3306690738754696E-016
  0.71700000000000030       -6.9173259218163601        8.3266726846886741E-017
  0.71800000000000030       -6.9173903222750281        2.1510571102112408E-016
  0.71900000000000031       -6.9174556121943978        6.9388939039072284E-017
  0.72000000000000031       -6.9175217913996958        1.6653345369377348E-016
  0.72100000000000031       -6.9175888597156030       -2.0816681711721685E-017
  0.72200000000000031       -6.9176568169662520        4.1633363423443370E-017
  0.72300000000000031       -6.9177256629752755        2.7755575615628914E-017
  0.72400000000000031       -6.9177953975657260        1.5265566588595902E-016
  0.72500000000000031       -6.9178660205601314        1.8041124150158794E-016
  0.72600000000000031       -6.9179375317804963       -1.3183898417423734E-016
  0.72700000000000031       -6.9180099310482603        6.9388939039072284E-017
  0.72800000000000031       -6.9180832181843508       -1.3877787807814457E-016
  0.72900000000000031       -6.9181573930091620       -3.8163916471489756E-016
  0.73000000000000032       -6.9182324553425492       -6.2450045135165055E-016
  0.73100000000000032       -6.9183084050038248       -5.5511151231257827E-017
  0.73200000000000032       -6.9183852418117846        3.4694469519536142E-017
  0.73300000000000032       -6.9184629655846788        2.4286128663675299E-016
  0.73400000000000032       -6.9185415761402433        3.1918911957973251E-016
  0.73500000000000032       -6.9186210732956681       -1.0408340855860843E-016
  0.73600000000000032       -6.9187014568676251        6.9388939039072284E-017
  0.73700000000000032       -6.9187827266722630       -4.1633363423443370E-017
  0.73800000000000032       -6.9188648825251722        6.9388939039072284E-017
  0.73900000000000032       -6.9189479242414658        1.2490009027033011E-016
  0.74000000000000032       -6.9190318516356850        3.4000580129145419E-016
  0.74100000000000033       -6.9191166645218765        5.1347814888913490E-016
  0.74200000000000033       -6.9192023627135537        6.6613381477509392E-016
  0.74300000000000033       -6.9192889460236975        3.9551695252271202E-016
  0.74400000000000033       -6.9193764142647680        6.2450045135165055E-017
  0.74500000000000033       -6.9194647672487282       -7.6327832942979512E-017
  0.74600000000000033       -6.9195540047869875       -8.3266726846886741E-017
  0.74700000000000033       -6.9196441266904456       -2.7755575615628914E-016
  0.74800000000000033       -6.9197351327695040       -2.2204460492503131E-016
  0.74900000000000033       -6.9198270228340117       -4.6490589156178430E-016
