  0.25000000000000000       -8.5360495174143942       0.25706878393211674     
  0.25100000000000000       -8.5353250520741248       0.24500018467852949     
  0.25200000000000000       -8.5346457753334821       0.23215354155157991     
  0.25300000000000000       -8.5340121913631570       0.21838906235006852     
  0.25400000000000000       -8.5334248119979534       0.20351783366619219     
  0.25500000000000000       -8.5328841568793727       0.18727331949399192     
  0.25600000000000001       -8.5323907536013284       0.16925711474679334     
  0.25700000000000001       -8.5319451378590703       0.14882317792938296     
  0.25800000000000001       -8.5315478536015181       0.12478457208021045     
  0.25900000000000001       -8.5311994531867832        9.4420820949282280E-002
  0.26000000000000001       -8.5309004975413139        4.6684980904401721E-002
  0.26100000000000001       -8.5306401264633553        3.3067395092806200E-006
  0.26200000000000001       -8.5303830513060603        1.3292784434619650E-006
  0.26300000000000001       -8.5301267283940110        8.2459998468975815E-007
  0.26400000000000001       -8.5298711577466673        6.0361861680622460E-007
  0.26500000000000001       -8.5296163393830309        4.6964275717817360E-007
  0.26600000000000001       -8.5293622733217838        3.8320949710715716E-007
  0.26700000000000002       -8.5291089595812259        3.2018393219156552E-007
  0.26800000000000002       -8.5288563981792915        2.7892746461294818E-007
  0.26900000000000002       -8.5286045891335238        2.4810093209465466E-007
  0.27000000000000002       -8.5283535324611215        2.1767814091760297E-007
  0.27100000000000002       -8.5281032281789031        1.9767839540752056E-007
  0.27200000000000002       -8.5278536763033230        1.7787333281576955E-007
  0.27300000000000002       -8.5276048768504555        1.6795146870942381E-007
  0.27400000000000002       -8.5273568298360196        1.4835800017430743E-007
  0.27500000000000002       -8.5271095352753576        1.3879013421075474E-007
  0.27600000000000002       -8.5268629931834496        1.2923603854053311E-007
  0.27700000000000002       -8.5266172035748955        1.1977865183260626E-007
  0.27800000000000002       -8.5263721664639363        1.1049413215822410E-007
  0.27900000000000003       -8.5261278818644470        1.0145097898729141E-007
  0.28000000000000003       -8.5258843497899228        9.2709378324717354E-008
  0.28100000000000003       -8.5256415702534927        8.4320779012423323E-008
  0.28200000000000003       -8.5253995432679268        7.6327691886199510E-008
  0.28300000000000003       -8.5251582688456242        6.8763699633552163E-008
  0.28400000000000003       -8.5249177469986108        6.1653661117710202E-008
  0.28500000000000003       -8.5246779777385431        5.5014090479570653E-008
  0.28600000000000003       -8.5244389610767186        4.8853679393978472E-008
  0.28700000000000003       -8.5242006970240656        4.3173939156193144E-008
  0.28800000000000003       -8.5239631855911338        3.7969935025382399E-008
  0.28900000000000003       -8.5237264267881123        3.3231081694543450E-008
  0.29000000000000004       -8.5234904206248263        2.8941975135780941E-008
  0.29100000000000004       -8.5232551671107331        2.5083229603034797E-008
  0.29200000000000004       -8.5230206662549115        2.1632306351135427E-008
  0.29300000000000004       -8.5227869180660871        1.8564306010184514E-008
  0.29400000000000004       -8.5225539225526159        1.5852709268681815E-008
  0.29500000000000004       -8.5223216797224701        1.3470057547683143E-008
  0.29600000000000004       -8.5220901895832792        1.1388560460196460E-008
  0.29700000000000004       -8.5218594521422961        9.5806245778054647E-009
  0.29800000000000004       -8.5216294674063882        8.0193008225963993E-009
  0.29900000000000004       -8.5214002353820995        6.6786539062956446E-009
  0.30000000000000004       -8.5211717560755709        5.5340506648096032E-009
  0.30100000000000005       -8.5209440294925844        4.5623740968358769E-009
  0.30200000000000005       -8.5207170556385581        3.7421755601860098E-009
  0.30300000000000005       -8.5204908345185491        3.0537585123041598E-009
  0.30400000000000005       -8.5202653661372452        2.4792142108137403E-009
  0.30500000000000005       -8.5200406504989630        2.0024147858849017E-009
  0.30600000000000005       -8.5198166876076531        1.6089633841993771E-009
  0.30700000000000005       -8.5195934774669198        1.2861208912013462E-009
  0.30800000000000005       -8.5193710200799728        1.0227099100231597E-009
  0.30900000000000005       -8.5191493154496705        8.0900217701456195E-010
  0.31000000000000005       -8.5189283635785067        6.3659667058586040E-010
  0.31100000000000005       -8.5187081644686078        4.9829669103344602E-010
  0.31200000000000006       -8.5184887181217501        3.8798183473428606E-010
  0.31300000000000006       -8.5182700245393068        3.0048713149417284E-010
  0.31400000000000006       -8.5180520837223099        2.3148435718045468E-010
  0.31500000000000006       -8.5178348956714487        1.7737399878110621E-010
  0.31600000000000006       -8.5176184603870109        1.3518273569089214E-010
  0.31700000000000006       -8.5174027778689219        1.0247255383037945E-010
  0.31800000000000006       -8.5171878481167678        7.7256954053772736E-011
  0.31900000000000006       -8.5169736711297652        5.7929998144179790E-011
