   3.95200000000000       -68.7837265883333       0.397708105721426     
   3.95201000000000       -68.7838599459401       0.397415106576530     
   3.95202000000000       -68.7839933579547       0.397120755574711     
   3.95203000000000       -68.7841268246084       0.396825044598718     
   3.95204000000000       -68.7842603461351       0.396527948560286     
   3.95205000000000       -68.7843939227710       0.396229456953739     
   3.95206000000000       -68.7845275547547       0.395929554041145     
   3.95207000000000       -68.7846612423277       0.395628228723134     
   3.95208000000000       -68.7847949857340       0.395325454803771     
   3.95209000000000       -68.7849287852206       0.395021220608260     
   3.95210000000000       -68.7850626410368       0.394715509211289     
   3.95211000000000       -68.7851965534354       0.394408308323471     
   3.95212000000000       -68.7853305226711       0.394099590463544     
   3.95213000000000       -68.7854645490022       0.393789342692055     
   3.95214000000000       -68.7855986326900       0.393477546774052     
   3.95215000000000       -68.7857327739984       0.393164184120541     
   3.95216000000000       -68.7858669731948       0.392849235783754     
   3.95217000000000       -68.7860012305494       0.392532682447362     
   3.95218000000000       -68.7861355463358       0.392214504415864     
   3.95219000000000       -68.7862699208310       0.391894681605155     
   3.95220000000000       -68.7864043543148       0.391573193532058     
   3.95221000000000       -68.7865388470710       0.391250019303219     
   3.95222000000000       -68.7866733993867       0.390925137600803     
   3.95223000000000       -68.7868080115522       0.390598526678909     
   3.95224000000000       -68.7869426838618       0.390270164337587     
   3.95225000000000       -68.7870774166130       0.389940022936763     
   3.95226000000000       -68.7872122101076       0.389608089302428     
   3.95227000000000       -68.7873470646507       0.389274334862431     
   3.95228000000000       -68.7874819805521       0.388938735497510     
   3.95229000000000       -68.7876169581246       0.388601261584331     
   3.95230000000000       -68.7877519976857       0.388261897929858     
   3.95231000000000       -68.7878870995568       0.387920613874550     
   3.95232000000000       -68.7880222640638       0.387577378130783     
   3.95233000000000       -68.7881574915366       0.387232173846862     
   3.95234000000000       -68.7882927823098       0.386884963601422     
   3.95235000000000       -68.7884281367223       0.386535729310544     
   3.95236000000000       -68.7885635551179       0.386184432307133     
   3.95237000000000       -68.7886990378449       0.385831053226232     
   3.95238000000000       -68.7888345852566       0.385475552050840     
   3.95239000000000       -68.7889701977110       0.385117903064070     
   3.95240000000000       -68.7891058755715       0.384758079819543     
   3.95241000000000       -68.7892416192064       0.384396040138927     
   3.95242000000000       -68.7893774289896       0.384031756069961     
   3.95243000000000       -68.7895133053001       0.383665193874825     
   3.95244000000000       -68.7896492485227       0.383296318988129     
   3.95245000000000       -68.7897852590477       0.382925101011467     
   3.95246000000000       -68.7899213372712       0.382551493640315     
   3.95247000000000       -68.7900574835956       0.382175464686875     
   3.95248000000000       -68.7901936984291       0.381796971010630     
   3.95249000000000       -68.7903299821863       0.381415983535537     
   3.95250000000000       -68.7904663352882       0.381032457152128     
   3.95251000000000       -68.7906027581623       0.380646350713768     
   3.95252000000000       -68.7907392512431       0.380257621998005     
   3.95253000000000       -68.7908758149717       0.379866222629720     
   3.95254000000000       -68.7910124497967       0.379472118146885     
   3.95255000000000       -68.7911491561735       0.379075257848669     
   3.95256000000000       -68.7912859345656       0.378675589718611     
   3.95257000000000       -68.7914227854439       0.378273070565070     
   3.95258000000000       -68.7915597092869       0.377867655804571     
   3.95259000000000       -68.7916967065820       0.377459284399448     
   3.95260000000000       -68.7918337778239       0.377047908934496     
   3.95261000000000       -68.7919709235173       0.376633480490422     
   3.95262000000000       -68.7921081441743       0.376215933470420     
   3.95263000000000       -68.7922454403169       0.375795215748066     
   3.95264000000000       -68.7923828124764       0.375371268470888     
   3.95265000000000       -68.7925202611938       0.374944025951412     
   3.95266000000000       -68.7926577870196       0.374513435799273     
   3.95267000000000       -68.7927953905149       0.374079428578998     
   3.95268000000000       -68.7929330722513       0.373641937877240     
   3.95269000000000       -68.7930708328110       0.373200890103922     
   3.95270000000000       -68.7932086727877       0.372756224699706     
   3.95271000000000       -68.7933465927866       0.372307858537780     
   3.95272000000000       -68.7934845934247       0.371855721319480     
   3.95273000000000       -68.7936226753314       0.371399735169412     
   3.95274000000000       -68.7937608391491       0.370939819594914     
   3.95275000000000       -68.7938990855325       0.370475891374950     
   3.95276000000000       -68.7940374151511       0.370007864413535     
   3.95277000000001       -68.7941758286872       0.369535649617322     
   3.95278000000001       -68.7943143268389       0.369059149646925     
   3.95279000000001       -68.7944529103182       0.368578279095370     
   3.95280000000001       -68.7945915798535       0.368092928770677     
   3.95281000000001       -68.7947303361887       0.367603001062687     
   3.95282000000001       -68.7948691800852       0.367108389431830     
   3.95283000000001       -68.7950081123210       0.366608983306694     
   3.95284000000001       -68.7951471336930       0.366104667854954     
   3.95285000000001       -68.7952862450158       0.365595323760081     
   3.95286000000001       -68.7954254471244       0.365080821850334     
   3.95287000000001       -68.7955647408731       0.364561038182630     
   3.95288000000001       -68.7957041271379       0.364035838417978     
   3.95289000000001       -68.7958436068166       0.363505082630936     
   3.95290000000001       -68.7959831808293       0.362968625002294     
   3.95291000000001       -68.7961228501206       0.362426308333854     
   3.95292000000001       -68.7962626156588       0.361877984098085     
   3.95293000000001       -68.7964024784394       0.361323476314946     
   3.95294000000001       -68.7965424394835       0.360762616823739     
   3.95295000000001       -68.7966824998415       0.360195219280607     
   3.95296000000001       -68.7968226605925       0.359621104221523     
   3.95297000000001       -68.7969629228469       0.359040062669534     
   3.95298000000001       -68.7971032877469       0.358451891363421     
   3.95299000000001       -68.7972437564695       0.357856366479694     
   3.95300000000001       -68.7973843302262       0.357253263450307     
   3.95301000000001       -68.7975250102668       0.356642340764792     
   3.95302000000001       -68.7976657978798       0.356023344254015     
   3.95303000000001       -68.7978066943948       0.355396001010727     
   3.95304000000001       -68.7979477011854       0.354760033773932     
   3.95305000000001       -68.7980888196712       0.354115139241708     
   3.95306000000001       -68.7982300513199       0.353461007408540     
   3.95307000000001       -68.7983713976503       0.352797304755051     
   3.95308000000001       -68.7985128602358       0.352123672712513     
   3.95309000000001       -68.7986544407074       0.351439736278817     
   3.95310000000001       -68.7987961407564       0.350745107352003     
   3.95311000000001       -68.7989379621393       0.350039346493974     
   3.95312000000001       -68.7990799066816       0.349322012250567     
   3.95313000000001       -68.7992219762825       0.348592617225309     
   3.95314000000001       -68.7993641729188       0.347850651011014     
   3.95315000000001       -68.7995064986520       0.347095551015989     
   3.95316000000001       -68.7996489556334       0.346326735009164     
   3.95317000000001       -68.7997915461103       0.345543565867935     
   3.95318000000001       -68.7999342724342       0.344745346708430     
   3.95319000000001       -68.8000771370685       0.343931341405758     
   3.95320000000001       -68.8002201425972       0.343100747584627     
   3.95321000000001       -68.8003632917354       0.342252694576551     
   3.95322000000001       -68.8005065873401       0.341386229887045     
   3.95323000000001       -68.8006500324237       0.340500330319233     
   3.95324000000001       -68.8007936301665       0.339593849024103     
   3.95325000000001       -68.8009373839351       0.338665554285086     
   3.95326000000001       -68.8010812972986       0.337714072152645     
   3.95327000000001       -68.8012253740514       0.336737888629956     
   3.95328000000001       -68.8013696182360       0.335735322130016     
   3.95329000000001       -68.8015140341714       0.334704491309022     
   3.95330000000001       -68.8016586264861       0.333643292799650     
   3.95331000000001       -68.8018034001556       0.332549355828565     
   3.95332000000001       -68.8019483605476       0.331419987233059     
   3.95333000000001       -68.8020935134755       0.330252114484768     
   3.95334000000001       -68.8022388652631       0.329042217414211     
   3.95335000000001       -68.8023844228216       0.327786200824447     
   3.95336000000001       -68.8025301937465       0.326479283840593     
   3.95337000000001       -68.8026761864370       0.325115820523248     
   3.95338000000001       -68.8028224102447       0.323689064977661     
   3.95339000000001       -68.8029688756681       0.322190831926304     
   3.95340000000001       -68.8031155946028       0.320611071678353     
   3.95341000000001       -68.8032625806796       0.318937174490259     
   3.95342000000001       -68.8034098497247       0.317152971958048     
   3.95343000000001       -68.8035574204155       0.315237192965524     
   3.95344000000001       -68.8037053152445       0.313160832958324     
   3.95345000000001       -68.8038535620119       0.310882628936813     
   3.95346000000001       -68.8040021962938       0.308340265891754     
   3.95347000000001       -68.8041512658939       0.305431533942175     
   3.95348000000001       -68.8043008400002       0.301965768782017     
   3.95349000000001       -68.8044510325362       0.297495452354678     
   3.95350000000001       -68.8046020989199       0.290064163596282     
   3.95351000000001       -68.8053251006984       1.094827428131199E-005
   3.95352000000001       -68.8055015266261       1.070671199928282E-005
   3.95353000000001       -68.8056779533782       1.048377019167527E-005
   3.95354000000001       -68.8058543809551       1.026088194159650E-005
   3.95355000000001       -68.8060308093568       1.005660413411213E-005
   3.95356000000001       -68.8062072385832       9.852354454350140E-006
   3.95357000000001       -68.8063836686341       9.657477590889011E-006
   3.95358000000001       -68.8065600995098       9.462752780094638E-006
   3.95359000000001       -68.8067365312100       9.277491328211577E-006
   3.95360000000001       -68.8069129637349       9.101628006306465E-006
   3.95361000000001       -68.8070893970844       8.935096514672836E-006
   3.95362000000001       -68.8072658312586       8.768671359830430E-006
   3.95363000000001       -68.8074422662574       8.602461017230093E-006
   3.95364000000001       -68.8076187020808       8.445699868131484E-006
   3.95365000000001       -68.8077951387290       8.289169839933072E-006
   3.95366000000001       -68.8079715762016       8.142067941567058E-006
   3.95367000000001       -68.8081480144989       7.995193131327127E-006
   3.95368000000001       -68.8083244536207       7.848628241694891E-006
   3.95369000000001       -68.8085008935670       7.711506131435897E-006
   3.95370000000001       -68.8086773343380       7.574663011045146E-006
   3.95371000000001       -68.8088537759335       7.438169786544435E-006
   3.95372000000001       -68.8090302183535       7.302095491897494E-006
   3.95373000000001       -68.8092066615981       7.175464478370586E-006
   3.95374000000001       -68.8093831056672       7.049191077745931E-006
   3.95375000000001       -68.8095595505610       6.923334192239968E-006
   3.95376000000001       -68.8097359962791       6.797951375814293E-006
   3.95377000000001       -68.8099124428219       6.673098642033064E-006
   3.95378000000001       -68.8100888901890       6.557626659316658E-006
   3.95379000000001       -68.8102653383808       6.442592646482836E-006
   3.95380000000001       -68.8104417873967       6.328044117598353E-006
   3.95381000000001       -68.8106182372373       6.214027409597496E-006
   3.95382000000001       -68.8107946879023       6.100587692274099E-006
   3.95383000000001       -68.8109711393918       5.987768897597334E-006
   3.95384000000001       -68.8111475917057       5.884162444994938E-006
   3.95385000000001       -68.8113240448441       5.781056511722227E-006
   3.95386000000001       -68.8115004988070       5.678487955407263E-006
   3.95387000000001       -68.8116769535942       5.576492728994372E-006
   3.95388000000001       -68.8118534092060       5.475105589495636E-006
   3.95389000000001       -68.8120298656420       5.374360584786686E-006
   3.95390000000001       -68.8122063229025       5.274290395096415E-006
   3.95391000000001       -68.8123827809872       5.174926709298570E-006
   3.95392000000001       -68.8125592398963       5.076300292931417E-006
   3.95393000000001       -68.8127356996299       4.986520016606970E-006
   3.95394000000001       -68.8129121601877       4.897324072420754E-006
   3.95395000000001       -68.8130886215699       4.808738485036675E-006
   3.95396000000001       -68.8132650837765       4.720788066829111E-006
   3.95397000000001       -68.8134415468074       4.633496845910893E-006
   3.95398000000001       -68.8136180106626       4.546888268119886E-006
   3.95399000000001       -68.8137944753422       4.460984596536359E-006
   3.95400000000001       -68.8139709408462       4.375807398796876E-006
   3.95401000000001       -68.8141474071743       4.291377421491068E-006
   3.95402000000001       -68.8143238743268       4.207714460635614E-006
   3.95403000000001       -68.8145003423036       4.124837473510705E-006
   3.95404000000001       -68.8146768111045       4.042764553050897E-006
   3.95405000000001       -68.8148532807297       3.968828891235769E-006
   3.95406000000001       -68.8150297511793       3.895519849139717E-006
   3.95407000000001       -68.8152062224531       3.822852950641220E-006
   3.95408000000001       -68.8153826945510       3.750842894649035E-006
   3.95409000000001       -68.8155591674732       3.679503911927876E-006
   3.95410000000001       -68.8157356412197       3.608849681461616E-006
   3.95411000000001       -68.8159121157903       3.538893083687711E-006
   3.95412000000001       -68.8160885911852       3.469646458883110E-006
   3.95413000000001       -68.8162650674042       3.401121487704254E-006
   3.95414000000001       -68.8164415444474       3.333328823407200E-006
   3.95415000000001       -68.8166180223149       3.266279375413461E-006
   3.95416000000001       -68.8167945010065       3.199982588242278E-006
   3.95417000000001       -68.8169709805221       3.134447756162710E-006
   3.95418000000001       -68.8171474608621       3.069683365645540E-006
   3.95419000000001       -68.8173239420261       3.005697419696437E-006
   3.95420000000001       -68.8175004240142       2.942497268954014E-006
   3.95421000000001       -68.8176769068266       2.880089752762179E-006
   3.95422000000001       -68.8178533904629       2.818480840568090E-006
   3.95423000000001       -68.8180298749234       2.763695141257590E-006
   3.95424000000001       -68.8182063602080       2.709520184514721E-006
   3.95425000000001       -68.8183828463169       2.655962033415449E-006
   3.95426000000001       -68.8185593332496       2.603026352465676E-006
   3.95427000000001       -68.8187358210064       2.550718211535852E-006
   3.95428000000001       -68.8189123095873       2.499042434248958E-006
   3.95429000000001       -68.8190887989923       2.448003131242752E-006
   3.95430000000002       -68.8192652892213       2.397604544827440E-006
   3.95431000000002       -68.8194417802744       2.347850041569307E-006
   3.95432000000002       -68.8196182721516       2.298742766138062E-006
   3.95433000000002       -68.8197947648527       2.250285445019410E-006
   3.95434000000002       -68.8199712583778       2.202480495464935E-006
   3.95435000000002       -68.8201477527269       2.155329940967121E-006
   3.95436000000002       -68.8203242479001       2.108835337170471E-006
   3.95437000000002       -68.8205007438972       2.062997987772874E-006
   3.95438000000002       -68.8206772407182       2.017818842681152E-006
   3.95439000000002       -68.8208537383634       1.973298352941910E-006
   3.95440000000002       -68.8210302368324       1.929436773832431E-006
   3.95441000000002       -68.8212067361253       1.886234068641339E-006
   3.95442000000002       -68.8213832362423       1.843689703869463E-006
   3.95443000000002       -68.8215597371831       1.801803063120981E-006
   3.95444000000002       -68.8217362389479       1.760572932700081E-006
   3.95445000000002       -68.8219127415367       1.719998062051549E-006
   3.95446000000002       -68.8220892449494       1.680076918031403E-006
   3.95447000000002       -68.8222657491859       1.640807272274003E-006
   3.95448000000002       -68.8224422542463       1.602187004475416E-006
