   3.95200000000000       -68.7922066308166       0.396113344735251     
   3.95201000000000       -68.7923402666197       0.395821106911392     
   3.95202000000000       -68.7924739565599       0.395527540820326     
   3.95203000000000       -68.7926077008631       0.395232640985995     
   3.95204000000000       -68.7927414997574       0.394936382931525     
   3.95205000000000       -68.7928753534732       0.394638756771648     
   3.95206000000000       -68.7930092622439       0.394339752339288     
   3.95207000000000       -68.7931432263048       0.394039344360066     
   3.95208000000000       -68.7932772458942       0.393737522148196     
   3.95209000000000       -68.7934113212525       0.393434269778927     
   3.95210000000000       -68.7935454526231       0.393129575978809     
   3.95211000000000       -68.7936796402518       0.392823414334765     
   3.95212000000000       -68.7938138843877       0.392515772988017     
   3.95213000000000       -68.7939481852819       0.392206634822708     
   3.95214000000000       -68.7940825431885       0.391895982394647     
   3.95215000000000       -68.7942169583650       0.391583797937088     
   3.95216000000000       -68.7943514310715       0.391270068312011     
   3.95217000000000       -68.7944859615709       0.390954765144230     
   3.95218000000000       -68.7946205501294       0.390637874598118     
   3.95219000000000       -68.7947551970161       0.390319377518292     
   3.95220000000000       -68.7948899025034       0.389999254377376     
   3.95221000000000       -68.7950246668667       0.389677485259703     
   3.95222000000000       -68.7951594903851       0.389354049862573     
   3.95223000000000       -68.7952943733407       0.389028922497656     
   3.95224000000000       -68.7954293160190       0.388702091994271     
   3.95225000000000       -68.7955643187091       0.388373531844284     
   3.95226000000000       -68.7956993817036       0.388043220059361     
   3.95227000000000       -68.7958345052986       0.387711134213987     
   3.95228000000000       -68.7959696897943       0.387377251414272     
   3.95229000000000       -68.7961049354939       0.387041543294263     
   3.95230000000000       -68.7962402427052       0.386703995969212     
   3.95231000000000       -68.7963756117396       0.386364580113716     
   3.95232000000000       -68.7965110429122       0.386023265849158     
   3.95233000000000       -68.7966465365429       0.385680037727631     
   3.95234000000000       -68.7967820929551       0.385334864834449     
   3.95235000000000       -68.7969177124767       0.384987715619152     
   3.95236000000000       -68.7970533954399       0.384638572984542     
   3.95237000000000       -68.7971891421816       0.384287399221077     
   3.95238000000000       -68.7973249530426       0.383934176009272     
   3.95239000000000       -68.7974608283693       0.383578864370223     
   3.95240000000000       -68.7975967685120       0.383221439702669     
   3.95241000000000       -68.7977327738261       0.382861876697960     
   3.95242000000000       -68.7978688446721       0.382500134355304     
   3.95243000000000       -68.7980049814155       0.382136185957707     
   3.95244000000000       -68.7981411844269       0.381769999042894     
   3.95245000000000       -68.7982774540824       0.381401545374346     
   3.95246000000000       -68.7984137907631       0.381030780903755     
   3.95247000000000       -68.7985501948564       0.380657675784489     
   3.95248000000000       -68.7986866667547       0.380282194315637     
   3.95249000000000       -68.7988232068564       0.379904299915501     
   3.95250000000000       -68.7989598155659       0.379523955094225     
   3.95251000000000       -68.7990964932942       0.379141121418424     
   3.95252000000000       -68.7992332404578       0.378755759490010     
   3.95253000000000       -68.7993700574799       0.378367823851845     
   3.95254000000000       -68.7995069447907       0.377977283123521     
   3.95255000000000       -68.7996439028265       0.377584089753914     
   3.95256000000000       -68.7997809320308       0.377188195038734     
   3.95257000000000       -68.7999180328546       0.376789564238043     
   3.95258000000000       -68.8000552057555       0.376388141274486     
   3.95259000000000       -68.8001924511991       0.375983888948155     
   3.95260000000000       -68.8003297696584       0.375576748628814     
   3.95261000000000       -68.8004671616149       0.375166675452324     
   3.95262000000000       -68.8006046275571       0.374753623158330     
   3.95263000000000       -68.8007421679830       0.374337528909529     
   3.95264000000000       -68.8008797833983       0.373918343493335     
   3.95265000000000       -68.8010174743183       0.373496011078051     
   3.95266000000000       -68.8011552412667       0.373070474210233     
   3.95267000000000       -68.8012930847767       0.372641673732942     
   3.95268000000000       -68.8014310053914       0.372209548722033     
   3.95269000000000       -68.8015690036633       0.371774031341911     
   3.95270000000000       -68.8017070801559       0.371335067029258     
   3.95271000000000       -68.8018452354424       0.370892578990583     
   3.95272000000000       -68.8019834701069       0.370446508551464     
   3.95273000000000       -68.8021217847452       0.369996774653977     
   3.95274000000000       -68.8022601799639       0.369543314199316     
   3.95275000000000       -68.8023986563820       0.369086041429525     
   3.95276000000000       -68.8025372146307       0.368624883332518     
   3.95277000000001       -68.8026758553534       0.368159759225663     
   3.95278000000001       -68.8028145792070       0.367690585699564     
   3.95279000000001       -68.8029533868618       0.367217271403217     
   3.95280000000001       -68.8030922790020       0.366739737271307     
   3.95281000000001       -68.8032312563265       0.366257880776508     
   3.95282000000001       -68.8033703195487       0.365771616426476     
   3.95283000000001       -68.8035094693977       0.365280834963087     
   3.95284000000001       -68.8036487066188       0.364785438756570     
   3.95285000000001       -68.8037880319736       0.364285321298288     
   3.95286000000001       -68.8039274462409       0.363780372073944     
   3.95287000000001       -68.8040669502176       0.363270476365042     
   3.95288000000001       -68.8042065447190       0.362755509890748     
   3.95289000000001       -68.8043462305800       0.362235353934754     
   3.95290000000001       -68.8044860086544       0.361709884837099     
   3.95291000000001       -68.8046258798182       0.361178958405939     
   3.95292000000001       -68.8047658449678       0.360642435148644     
   3.95293000000001       -68.8049059050232       0.360100180002076     
   3.95294000000001       -68.8050460609270       0.359552031283313     
   3.95295000000001       -68.8051863136463       0.358997841239104     
   3.95296000000001       -68.8053266641744       0.358437434715604     
   3.95297000000001       -68.8054671135301       0.357870639438865     
   3.95298000000001       -68.8056076627611       0.357297285600205     
   3.95299000000001       -68.8057483129430       0.356717174574778     
   3.95300000000001       -68.8058890651825       0.356130114257766     
   3.95301000000001       -68.8060299206180       0.355535898004343     
   3.95302000000001       -68.8061708804208       0.354934303945996     
   3.95303000000001       -68.8063119457973       0.354325109746150     
   3.95304000000001       -68.8064531179907       0.353708076418481     
   3.95305000000001       -68.8065943982826       0.353082952659840     
   3.95306000000001       -68.8067357879947       0.352449468761239     
   3.95307000000001       -68.8068772884917       0.351807345971607     
   3.95308000000001       -68.8070189011832       0.351156300559671     
   3.95309000000001       -68.8071606275257       0.350496011712975     
   3.95310000000001       -68.8073024690257       0.349826151124209     
   3.95311000000001       -68.8074444272432       0.349146376462207     
   3.95312000000001       -68.8075865037933       0.348456319430589     
   3.95313000000001       -68.8077287003508       0.347755583970014     
   3.95314000000001       -68.8078710186534       0.347043754667524     
   3.95315000000001       -68.8080134605051       0.346320394588620     
   3.95316000000001       -68.8081560277821       0.345585027269761     
   3.95317000000001       -68.8082987224355       0.344837154756585     
   3.95318000000001       -68.8084415464977       0.344076228552512     
   3.95319000000001       -68.8085845020879       0.343301682541623     
   3.95320000000001       -68.8087275914180       0.342512892738236     
   3.95321000000001       -68.8088708167996       0.341709198812208     
   3.95322000000001       -68.8090141806514       0.340889873067237     
   3.95323000000001       -68.8091576855083       0.340054145908572     
   3.95324000000001       -68.8093013340294       0.339201178438800     
   3.95325000000001       -68.8094451290095       0.338330060079729     
   3.95326000000001       -68.8095890733907       0.337439794535927     
   3.95327000000001       -68.8097331702746       0.336529305287343     
   3.95328000000001       -68.8098774229383       0.335597402757922     
   3.95329000000001       -68.8100218348504       0.334642791204886     
   3.95330000000001       -68.8101664096896       0.333664026005892     
   3.95331000000001       -68.8103111513681       0.332659525378475     
   3.95332000000001       -68.8104560640550       0.331627525852436     
   3.95333000000001       -68.8106011522069       0.330566053790196     
   3.95334000000001       -68.8107464206002       0.329472901288041     
   3.95335000000001       -68.8108918743719       0.328345573172305     
   3.95336000000001       -68.8110375190658       0.327181244907757     
   3.95337000000001       -68.8111833606889       0.325976691410156     
   3.95338000000001       -68.8113294057780       0.324728198244626     
   3.95339000000001       -68.8114756614810       0.323431454300604     
   3.95340000000001       -68.8116221356581       0.322081427886515     
   3.95341000000001       -68.8117688370046       0.320672160468846     
   3.95342000000001       -68.8119157752091       0.319196537849286     
   3.95343000000001       -68.8120629611555       0.317645908277863     
   3.95344000000001       -68.8122104071852       0.316009642933059     
   3.95345000000001       -68.8123581274526       0.314274383767749     
   3.95346000000001       -68.8125061384086       0.312422990291987     
   3.95347000000001       -68.8126544594901       0.310432854257043     
   3.95348000000001       -68.8128031141372       0.308273098488531     
   3.95349000000001       -68.8129521313732       0.305899661102222     
   3.95350000000001       -68.8131015484226       0.303245781489388     
   3.95351000000001       -68.8132514154633       0.300201381742886     
   3.95352000000001       -68.8134018054651       0.296559518432946     
   3.95353000000001       -68.8135528396301       0.291826927981222     
   3.95354000000001       -68.8137047971942       0.283706437345755     
   3.95355000000001       -68.8143118219198       1.401074562649522E-005
   3.95356000000001       -68.8144882021138       1.361924525430010E-005
   3.95357000000001       -68.8146645831320       1.325587974106609E-005
   3.95358000000001       -68.8148409649744       1.291121661806116E-005
   3.95359000000001       -68.8150173476410       1.257604228658652E-005
   3.95360000000001       -68.8151937311317       1.226890428947710E-005
   3.95361000000001       -68.8153701154467       1.197110547712654E-005
   3.95362000000001       -68.8155465005859       1.168276380865881E-005
   3.95363000000001       -68.8157228865492       1.141314933250648E-005
   3.95364000000001       -68.8158992733366       1.115292198254162E-005
   3.95365000000001       -68.8160756609483       1.091131187321478E-005
   3.95366000000001       -68.8162520493840       1.066977260181604E-005
   3.95367000000001       -68.8164284386440       1.044688900941892E-005
   3.95368000000001       -68.8166048287281       1.022409433737437E-005
   3.95369000000001       -68.8167812196362       1.001993359195374E-005
   3.95370000000001       -68.8169576113686       9.815830833703743E-006
   3.95371000000001       -68.8171340039249       9.621121451086623E-006
   3.95372000000001       -68.8173103973054       9.435760444764796E-006
   3.95373000000001       -68.8174867915099       9.250527473358972E-006
   3.95374000000001       -68.8176631865386       9.074713250030916E-006
   3.95375000000001       -68.8178395823913       8.908248170236277E-006
   3.95376000000001       -68.8180159790681       8.741908433584911E-006
   3.95377000000001       -68.8181923765690       8.584943058294789E-006
   3.95378000000001       -68.8183687748938       8.428129863421082E-006
   3.95379000000001       -68.8185451740426       8.271564236809562E-006
   3.95380000000001       -68.8187215740156       8.124443647394841E-006
   3.95381000000001       -68.8188979748127       7.977564394412440E-006
   3.95382000000001       -68.8190743764336       7.831008951667920E-006
   3.95383000000001       -68.8192507788785       7.693908207354975E-006
   3.95384000000001       -68.8194271821475       7.557098418894033E-006
   3.95385000000001       -68.8196035862404       7.420650236585520E-006
   3.95386000000001       -68.8197799911574       7.284632415875218E-006
   3.95387000000001       -68.8199563968982       7.158064479965513E-006
   3.95388000000001       -68.8201328034631       7.031863821375476E-006
   3.95389000000001       -68.8203092108519       6.906089219234819E-006
   3.95390000000001       -68.8204856190647       6.780797767872808E-006
   3.95391000000001       -68.8206620281014       6.656045494176273E-006
   3.95392000000001       -68.8208384379619       6.540674409342510E-006
   3.95393000000001       -68.8210148486465       6.425748886022357E-006
   3.95394000000001       -68.8211912601549       6.311316132305104E-006
   3.95395000000001       -68.8213676724872       6.197422296091067E-006
   3.95396000000001       -68.8215440856435       6.084112123586986E-006
   3.95397000000001       -68.8217204996236       5.971429119178140E-006
   3.95398000000001       -68.8218969144275       5.867953790576290E-006
   3.95399000000001       -68.8220733300554       5.764984478166350E-006
   3.95400000000001       -68.8222497465071       5.662557828189918E-006
   3.95401000000001       -68.8224261637827       5.560709429068093E-006
   3.95402000000001       -68.8226025818820       5.459474038775151E-006
   3.95403000000001       -68.8227790008054       5.358885268647029E-006
   3.95404000000001       -68.8229554205524       5.258975735629908E-006
   3.95405000000001       -68.8231318411233       5.159776820917727E-006
   3.95406000000001       -68.8233082625177       5.061319034993517E-006
   3.95407000000001       -68.8234846847363       4.971696754063615E-006
   3.95408000000001       -68.8236611077785       4.882662287967558E-006
   3.95409000000001       -68.8238375316446       4.794241144301381E-006
   3.95410000000001       -68.8240139563344       4.706458135809537E-006
   3.95411000000001       -68.8241903818479       4.619337120000584E-006
   3.95412000000001       -68.8243668081853       4.532901119643403E-006
   3.95413000000001       -68.8245432353464       4.447172482269224E-006
   3.95414000000001       -68.8247196633313       4.362172568939116E-006
   3.95415000000001       -68.8248960921398       4.277921793027772E-006
   3.95416000000001       -68.8250725217720       4.194439871726037E-006
   3.95417000000001       -68.8252489522280       4.111745725380682E-006
   3.95418000000001       -68.8254253835077       4.029857246716044E-006
   3.95419000000001       -68.8256018156110       3.956090504519949E-006
   3.95420000000001       -68.8257782485379       3.882951717863274E-006
   3.95421000000001       -68.8259546822887       3.810456250826396E-006
   3.95422000000001       -68.8261311168632       3.738618869523572E-006
   3.95423000000001       -68.8263075522612       3.667453617461902E-006
   3.95424000000001       -68.8264839884829       3.596973923306971E-006
   3.95425000000001       -68.8266604255283       3.527192546185868E-006
   3.95426000000001       -68.8268368633973       3.458121575317108E-006
   3.95427000000001       -68.8270133020899       3.389772634735758E-006
   3.95428000000001       -68.8271897416061       3.322156774861658E-006
   3.95429000000001       -68.8273661819461       3.255284251787079E-006
   3.95430000000002       -68.8275426231093       3.189164453483902E-006
   3.95431000000002       -68.8277190650963       3.123806498213829E-006
   3.95432000000002       -68.8278955079070       3.059218964226081E-006
   3.95433000000002       -68.8280719515411       2.995409702499785E-006
   3.95434000000002       -68.8282483959989       2.932385813725347E-006
   3.95435000000002       -68.8284248412802       2.870154068042770E-006
   3.95436000000002       -68.8286012873849       2.808720602912965E-006
   3.95437000000002       -68.8287777343134       2.754092528034491E-006
   3.95438000000002       -68.8289541820653       2.700074837935773E-006
   3.95439000000002       -68.8291306306406       2.646673592732185E-006
   3.95440000000002       -68.8293070800395       2.593894264787030E-006
   3.95441000000002       -68.8294835302620       2.541741947803544E-006
   3.95442000000002       -68.8296599813079       2.490221345648654E-006
   3.95443000000002       -68.8298364331772       2.439336679686358E-006
   3.95444000000002       -68.8300128858701       2.389091911044380E-006
   3.95445000000002       -68.8301893393865       2.339490646837324E-006
   3.95446000000002       -68.8303657937265       2.290535658033832E-006
   3.95447000000002       -68.8305422488897       2.242229738547152E-006
   3.95448000000002       -68.8307187048764       2.194575302446230E-006
