   3.95370000000000       -68.9182910762523       0.307264419291584     
   3.95371000000000       -68.9184398542666       0.306495861850619     
   3.95372000000000       -68.9185887551335       0.305717809703452     
   3.95373000000000       -68.9187377801787       0.304930005505247     
   3.95374000000000       -68.9188869307617       0.304132190465829     
   3.95375000000000       -68.9190362082755       0.303324089695522     
   3.95376000000000       -68.9191856141486       0.302505411578088     
   3.95377000000000       -68.9193351498467       0.301675857914641     
   3.95378000000000       -68.9194848168730       0.300835123316499     
   3.95379000000000       -68.9196346167714       0.299982883705630     
   3.95380000000000       -68.9197845511264       0.299118795589236     
   3.95381000000000       -68.9199346215659       0.298242505997875     
   3.95382000000000       -68.9200848297626       0.297353651733383     
   3.95383000000000       -68.9202351774357       0.296451842191269     
   3.95384000000000       -68.9203856663530       0.295536674639024     
   3.95385000000000       -68.9205362983330       0.294607733172220     
   3.95386000000000       -68.9206870752470       0.293664571393037     
   3.95387000000000       -68.9208379990215       0.292706727431078     
   3.95388000000000       -68.9209890716401       0.291733722735114     
   3.95389000000000       -68.9211402951469       0.290745038968218     
   3.95390000000000       -68.9212916716485       0.289740154581900     
   3.95391000000000       -68.9214432033173       0.288718505229297     
   3.95392000000000       -68.9215948923937       0.287679498364755     
   3.95393000000000       -68.9217467411904       0.286622527845763     
   3.95394000000000       -68.9218987520946       0.285546933833841     
   3.95395000000000       -68.9220509275725       0.284452044363874     
   3.95396000000000       -68.9222032701725       0.283337129483469     
   3.95397000000000       -68.9223557825287       0.282201437104501     
   3.95398000000000       -68.9225084673667       0.281044163126248     
   3.95399000000000       -68.9226613275057       0.279864470652619     
   3.95400000000000       -68.9228143658650       0.278661465119444     
   3.95401000000000       -68.9229675854678       0.277434213181578     
   3.95402000000000       -68.9231209894471       0.276181711873160     
   3.95403000000000       -68.9232745810505       0.274902923627357     
   3.95404000000000       -68.9234283636463       0.273596734000899     
   3.95405000000000       -68.9235823407289       0.272261969701460     
   3.95406000000000       -68.9237365159267       0.270897388907359     
   3.95407000000000       -68.9238908930062       0.269501671325268     
   3.95408000000000       -68.9240454758811       0.268073424629799     
   3.95409000000000       -68.9242002686183       0.266611179803065     
   3.95410000000000       -68.9243552754452       0.265113363920919     
   3.95411000000000       -68.9245105007575       0.263578334219027     
   3.95412000000000       -68.9246659491274       0.262004328477782     
   3.95413000000000       -68.9248216253109       0.260389499333843     
   3.95414000000000       -68.9249775342554       0.258731876153203     
   3.95415000000000       -68.9251336811074       0.257029400169555     
   3.95416000000000       -68.9252900712214       0.255279876288043     
   3.95417000000000       -68.9254467101642       0.253481010087242     
   3.95418000000000       -68.9256036037229       0.251630373306882     
   3.95419000000000       -68.9257607579099       0.249725438796429     
   3.95420000000000       -68.9259181789652       0.247763561938467     
   3.95421000000000       -68.9260758733597       0.245741982231946     
   3.95422000000000       -68.9262338477927       0.243657863475397     
   3.95423000000000       -68.9263921091887       0.241508288524419     
   3.95424000000000       -68.9265506646880       0.239290277837451     
   3.95425000000000       -68.9267095216334       0.237000850860438     
   3.95426000000000       -68.9268686875502       0.234637046038930     
   3.95427000000000       -68.9270281701174       0.232195975308772     
   3.95428000000000       -68.9271879771320       0.229674903274428     
   3.95429000000000       -68.9273481164605       0.227071323588474     
   3.95430000000000       -68.9275085959794       0.224383061587671     
   3.95431000000000       -68.9276694235041       0.221608373510803     
   3.95432000000000       -68.9278306067006       0.218746075024350     
   3.95433000000000       -68.9279921529870       0.215795677060301     
   3.95434000000000       -68.9281540694184       0.212757516435489     
   3.95435000000000       -68.9283163625644       0.209632859380138     
   3.95436000000000       -68.9284790383755       0.206424025293983     
   3.95437000000000       -68.9286421020499       0.203134440553680     
   3.95438000000000       -68.9288055579022       0.199768650253722     
   3.95439000000000       -68.9289694092445       0.196332295106053     
   3.95440000000000       -68.9291336582861       0.192831975728103     
   3.95441000000000       -68.9292983060596       0.189275118710722     
   3.95442000000000       -68.9294633523801       0.185669715436645     
   3.95443000000000       -68.9296287958402       0.182024087465712     
   3.95444000000000       -68.9297946338401       0.178346579688078     
   3.95445000000000       -68.9299608626541       0.174645294644249     
   3.95446000000000       -68.9301274775248       0.170927828768131     
   3.95447000000001       -68.9302944727798       0.167201094916759     
   3.95448000000001       -68.9304618419638       0.163471122815836     
   3.95449000000001       -68.9306295779762       0.159743001951813     
   3.95450000000001       -68.9307976732081       0.156020795151026     
   3.95451000000001       -68.9309661196739       0.152307558449768     
   3.95452000000001       -68.9311349091324       0.148605364026391     
   3.95453000000001       -68.9313040331932       0.144915358928161     
   3.95454000000001       -68.9314734834106       0.141237810949809     
   3.95455000000001       -68.9316432513612       0.137572198208718     
   3.95456000000001       -68.9318133287087       0.133917263664457     
   3.95457000000001       -68.9319837072549       0.130271088872841     
   3.95458000000001       -68.9321543789791       0.126631136624969     
   3.95459000000001       -68.9323253360692       0.122994279587350     
   3.95460000000001       -68.9324965709408       0.119356826263025     
   3.95461000000001       -68.9326680762537       0.115714508672340     
   3.95462000000001       -68.9328398449183       0.112062504511577     
   3.95463000000001       -68.9330118701019       0.108395321064010     
   3.95464000000001       -68.9331841452256       0.104706809227391     
   3.95465000000001       -68.9333566639643       0.100989995383729     
   3.95466000000001       -68.9335294202419       9.723697617380700E-002
   3.95467000000001       -68.9337024082237       9.343870619980092E-002
   3.95468000000001       -68.9338756223094       8.958474425861011E-002
   3.95469000000001       -68.9340490571255       8.566287480461880E-002
   3.95470000000001       -68.9342227075159       8.165862084380766E-002
   3.95471000000001       -68.9343965685334       7.755449559586947E-002
   3.95472000000001       -68.9345706354309       7.332899401790711E-002
   3.95473000000001       -68.9347449036515       6.895504875392773E-002
   3.95474000000001       -68.9349193688206       6.439756169463003E-002
   3.95475000000001       -68.9350940267375       5.960956514261606E-002
   3.95476000000001       -68.9352688733657       5.452535242465495E-002
   3.95477000000001       -68.9354439048263       4.904782223172329E-002
   3.95478000000001       -68.9356191173896       4.302201382382206E-002
   3.95479000000001       -68.9357945074673       3.617079192001878E-002
