   3.00000000000000       -67.0932598822751       0.840844751724027     
   3.00100000000000       -67.0968130898522       0.840637927880570     
   3.00200000000000       -67.1003708232993       0.840430756177681     
   3.00300000000000       -67.1039330896932       0.840223235403828     
   3.00400000000000       -67.1074998961227       0.840015364781441     
   3.00500000000000       -67.1110712496935       0.839807143529436     
   3.00600000000000       -67.1146471575245       0.839598570865172     
   3.00700000000000       -67.1182276267473       0.839389646004267     
   3.00800000000000       -67.1218126645109       0.839180368159003     
   3.00900000000000       -67.1254022779772       0.838970736539598     
   3.01000000000000       -67.1289964743237       0.838760750354200     
   3.01100000000000       -67.1325952607432       0.838550408807542     
   3.01200000000000       -67.1361986444378       0.838339711105017     
   3.01300000000000       -67.1398066326314       0.838128656446122     
   3.01400000000000       -67.1434192325580       0.837917244030340     
   3.01500000000000       -67.1470364514680       0.837705473053798     
   3.01600000000000       -67.1506582966266       0.837493342710374     
   3.01700000000000       -67.1542847753123       0.837280852192256     
   3.01800000000000       -67.1579158948203       0.837068000688401     
   3.01900000000000       -67.1615516624605       0.836854787385401     
   3.02000000000000       -67.1651920855567       0.836641211468001     
   3.02100000000000       -67.1688371714469       0.836427272118767     
   3.02200000000000       -67.1724869274870       0.836212968516696     
   3.02300000000000       -67.1761413610459       0.835998299839198     
   3.02400000000000       -67.1798004795075       0.835783265261286     
   3.02500000000000       -67.1834642902704       0.835567863955669     
   3.02600000000000       -67.1871328007499       0.835352095091899     
   3.02700000000000       -67.1908060183758       0.835135957837525     
   3.02800000000000       -67.1944839505926       0.834919451357690     
   3.02900000000000       -67.1981666048610       0.834702574814806     
   3.03000000000000       -67.2018539886562       0.834485327369092     
   3.03100000000000       -67.2055461094685       0.834267708178256     
   3.03200000000000       -67.2092429748042       0.834049716397362     
   3.03300000000000       -67.2129445921865       0.833831351178310     
   3.03400000000000       -67.2166509691498       0.833612611672306     
   3.03500000000000       -67.2203621132487       0.833393497025934     
   3.03600000000000       -67.2240780320509       0.833174006384353     
   3.03700000000000       -67.2277987331387       0.832954138890703     
   3.03800000000000       -67.2315242241131       0.832733893684037     
   3.03900000000000       -67.2352545125891       0.832513269901576     
   3.04000000000000       -67.2389896061968       0.832292266678336     
   3.04100000000000       -67.2427295125825       0.832070883146477     
   3.04200000000000       -67.2464742394086       0.831849118435533     
   3.04300000000000       -67.2502237943524       0.831626971672560     
   3.04400000000000       -67.2539781851080       0.831404441981989     
   3.04500000000000       -67.2577374193855       0.831181528485242     
   3.04599999999999       -67.2615015049110       0.830958230301204     
   3.04699999999999       -67.2652704494250       0.830734546546761     
   3.04799999999999       -67.2690442606868       0.830510476335053     
   3.04899999999999       -67.2728229464707       0.830286018776890     
   3.04999999999999       -67.2766065145639       0.830061172981792     
   3.05099999999999       -67.2803949727737       0.829835938055138     
   3.05199999999999       -67.2841883289233       0.829610313099234     
   3.05299999999999       -67.2879865908502       0.829384297215105     
   3.05399999999999       -67.2917897664092       0.829157889500025     
   3.05499999999999       -67.2955978634728       0.828931089048623     
   3.05599999999999       -67.2994108899260       0.828703894953819     
   3.05699999999999       -67.3032288536753       0.828476306303978     
   3.05799999999999       -67.3070517626393       0.828248322186381     
   3.05899999999999       -67.3108796247560       0.828019941684453     
   3.05999999999999       -67.3147124479769       0.827791163879983     
   3.06099999999999       -67.3185502402744       0.827561987850213     
   3.06199999999999       -67.3223930096343       0.827332412670963     
   3.06299999999999       -67.3262407640584       0.827102437415457     
   3.06399999999999       -67.3300935115686       0.826872061152778     
   3.06499999999999       -67.3339512602005       0.826641282950361     
   3.06599999999999       -67.3378140180086       0.826410101871866     
   3.06699999999999       -67.3416817930618       0.826178516979261     
   3.06799999999999       -67.3455545934485       0.825946527330518     
   3.06899999999999       -67.3494324272726       0.825714131981291     
   3.06999999999999       -67.3533153026557       0.825481329983938     
   3.07099999999999       -67.3572032277359       0.825248120388422     
   3.07199999999999       -67.3610962106683       0.825014502241529     
   3.07299999999999       -67.3649942596252       0.824780474587210     
   3.07399999999999       -67.3688973827957       0.824546036466750     
   3.07499999999999       -67.3728055883877       0.824311186917584     
   3.07599999999999       -67.3767188846244       0.824075924975148     
   3.07699999999999       -67.3806372797476       0.823840249671325     
   3.07799999999999       -67.3845607820157       0.823604160035338     
   3.07899999999999       -67.3884893997047       0.823367655093327     
   3.07999999999999       -67.3924231411080       0.823130733868432     
   3.08099999999999       -67.3963620145372       0.822893395380532     
   3.08199999999999       -67.4003060283196       0.822655638647098     
   3.08299999999999       -67.4042551908026       0.822417462681653     
   3.08399999999999       -67.4082095103484       0.822178866495952     
   3.08499999999999       -67.4121689953397       0.821939849097101     
   3.08599999999999       -67.4161336541748       0.821700409490407     
   3.08699999999999       -67.4201034952715       0.821460546677101     
   3.08799999999999       -67.4240785270629       0.821220259656547     
   3.08899999999999       -67.4280587580028       0.820979547423767     
   3.08999999999999       -67.4320441965599       0.820738408971882     
   3.09099999999999       -67.4360348512240       0.820496843289459     
   3.09199999999999       -67.4400307305008       0.820254849362910     
   3.09299999999999       -67.4440318429152       0.820012426175032     
   3.09399999999999       -67.4480381970098       0.819769571746722     
   3.09499999999999       -67.4520498013452       0.819526286959602     
   3.09599999999999       -67.4560666644992       0.819282569841221     
   3.09699999999999       -67.4600887950696       0.819038419361307     
   3.09799999999999       -67.4641162016713       0.818793834487246     
   3.09899999999999       -67.4681488929393       0.818548814181981     
   3.09999999999999       -67.4721868775236       0.818303357406939     
   3.10099999999999       -67.4762301640958       0.818057463118892     
   3.10199999999999       -67.4802787613453       0.817811130271652     
   3.10299999999999       -67.4843326779794       0.817564357815899     
   3.10399999999999       -67.4883919227228       0.817317144699556     
   3.10499999999999       -67.4924565043218       0.817069489866093     
   3.10599999999999       -67.4965264315400       0.816821392256055     
   3.10699999999999       -67.5006017131582       0.816572850807287     
   3.10799999999999       -67.5046823579779       0.816323864453702     
   3.10899999999999       -67.5087683748201       0.816074432125510     
   3.10999999999999       -67.5128597725216       0.815824552750561     
   3.11099999999999       -67.5169565599409       0.815574225252510     
   3.11199999999999       -67.5210587459540       0.815323448551831     
   3.11299999999999       -67.5251663394577       0.815072221565310     
   3.11399999999999       -67.5292793493656       0.814820543206869     
   3.11499999999999       -67.5333977846112       0.814568412386742     
   3.11599999999999       -67.5375216541498       0.814315828010879     
   3.11699999999999       -67.5416509669507       0.814062788983470     
   3.11799999999999       -67.5457857320071       0.813809294203813     
   3.11899999999999       -67.5499259583305       0.813555342567669     
   3.11999999999999       -67.5540716549497       0.813300932968375     
   3.12099999999999       -67.5582228309159       0.813046064294673     
   3.12199999999999       -67.5623794952973       0.812790735432423     
   3.12299999999999       -67.5665416571830       0.812534945263599     
   3.12399999999999       -67.5707093256820       0.812278692666463     
   3.12499999999999       -67.5748825099226       0.812021976515745     
   3.12599999999999       -67.5790612190512       0.811764795683486     
   3.12699999999999       -67.5832454622365       0.811507149036563     
   3.12799999999999       -67.5874352486667       0.811249035439013     
   3.12899999999999       -67.5916305875475       0.810990453751510     
   3.12999999999999       -67.5958314881075       0.810731402830324     
   3.13099999999999       -67.6000379595931       0.810471881528967     
   3.13199999999999       -67.6042500112716       0.810211888696460     
   3.13299999999999       -67.6084676524308       0.809951423178374     
   3.13399999999999       -67.6126908923779       0.809690483816570     
   3.13499999999999       -67.6169197404416       0.809429069448970     
   3.13599999999999       -67.6211542059685       0.809167178910267     
   3.13699999999998       -67.6253942983275       0.808904811031017     
   3.13799999999998       -67.6296400269078       0.808641964637693     
   3.13899999999998       -67.6338914011182       0.808378638553505     
   3.13999999999998       -67.6381484303882       0.808114831597568     
   3.14099999999998       -67.6424111241679       0.807850542585277     
   3.14199999999998       -67.6466794919286       0.807585770327846     
   3.14299999999998       -67.6509535431614       0.807320513633102     
   3.14399999999998       -67.6552332873776       0.807054771304999     
   3.14499999999998       -67.6595187341112       0.806788542142922     
   3.14599999999998       -67.6638098929156       0.806521824942888     
   3.14699999999998       -67.6681067733645       0.806254618497289     
   3.14799999999998       -67.6724093850551       0.805986921593442     
   3.14899999999998       -67.6767177376020       0.805718733016193     
   3.14999999999998       -67.6810318406452       0.805450051544581     
   3.15099999999998       -67.6853517038406       0.805180875955850     
   3.15199999999998       -67.6896773368706       0.804911205020946     
   3.15299999999998       -67.6940087494346       0.804641037508569     
   3.15399999999998       -67.6983459512555       0.804370372182628     
   3.15499999999998       -67.7026889520769       0.804099207802886     
   3.15599999999998       -67.7070377616639       0.803827543125432     
   3.15699999999998       -67.7113923898029       0.803555376901854     
   3.15799999999998       -67.7157528463026       0.803282707879420     
   3.15899999999998       -67.7201191409921       0.803009534801999     
   3.15999999999998       -67.7244912837229       0.802735856408905     
   3.16099999999998       -67.7288692843687       0.802461671434795     
   3.16199999999998       -67.7332531528233       0.802186978611156     
   3.16299999999998       -67.7376428990031       0.801911776664670     
   3.16399999999998       -67.7420385328472       0.801636064317730     
   3.16499999999998       -67.7464400643153       0.801359840288925     
   3.16599999999998       -67.7508475033909       0.801083103291709     
   3.16699999999998       -67.7552608600776       0.800805852036442     
   3.16799999999998       -67.7596801444024       0.800528085228236     
   3.16899999999998       -67.7641053664138       0.800249801568223     
   3.16999999999998       -67.7685365361831       0.799970999753327     
   3.17099999999998       -67.7729736638036       0.799691678475838     
   3.17199999999998       -67.7774167593917       0.799411836423651     
   3.17299999999998       -67.7818658330841       0.799131472281128     
   3.17399999999998       -67.7863208950417       0.798850584727333     
   3.17499999999998       -67.7907819554484       0.798569172436782     
   3.17599999999998       -67.7952490245094       0.798287234080344     
   3.17699999999998       -67.7997221124537       0.798004768323485     
   3.17799999999998       -67.8042012295325       0.797721773827914     
   3.17899999999998       -67.8086863860196       0.797438249250519     
   3.17999999999998       -67.8131775922111       0.797154193244362     
   3.18099999999998       -67.8176748584286       0.796869604456352     
   3.18199999999998       -67.8221781950127       0.796584481530913     
   3.18299999999998       -67.8266876123317       0.796298823105797     
   3.18399999999998       -67.8312031207735       0.796012627815565     
   3.18499999999998       -67.8357247307503       0.795725894289967     
   3.18599999999998       -67.8402524526970       0.795438621153909     
   3.18699999999998       -67.8447862970741       0.795150807026979     
   3.18799999999998       -67.8493262743613       0.794862450526073     
   3.18899999999998       -67.8538723950678       0.794573550260248     
   3.18999999999998       -67.8584246697191       0.794284104837365     
   3.19099999999998       -67.8629831088696       0.793994112858052     
   3.19199999999998       -67.8675477230958       0.793703572918762     
   3.19299999999998       -67.8721185229989       0.793412483610938     
   3.19399999999998       -67.8766955192015       0.793120843522542     
   3.19499999999998       -67.8812787223522       0.792828651235027     
   3.19599999999998       -67.8858681431207       0.792535904177515     
   3.19699999999998       -67.8904637922054       0.792242603202564     
   3.19799999999998       -67.8950656803228       0.791948745746965     
   3.19899999999998       -67.8996738182194       0.791654330372203     
   3.19999999999998       -67.9042882166630       0.791359355636188     
   3.20099999999998       -67.9089088864454       0.791063820092013     
   3.20199999999998       -67.9135358383821       0.790767722287846     
   3.20299999999998       -67.9181690833164       0.790471060765560     
   3.20399999999998       -67.9228086321116       0.790173834064170     
   3.20499999999998       -67.9274544956605       0.789876040714898     
   3.20599999999998       -67.9321066848739       0.789577679247362     
   3.20699999999998       -67.9367652106946       0.789278748182489     
   3.20799999999998       -67.9414300840860       0.788979246038072     
   3.20899999999998       -67.9461013160353       0.788679171327329     
   3.20999999999998       -67.9507789175576       0.788378522556760     
   3.21099999999998       -67.9554628996905       0.788077298228884     
   3.21199999999998       -67.9601532734983       0.787775496840189     
   3.21299999999998       -67.9648500500706       0.787473116882219     
   3.21399999999998       -67.9695532405196       0.787170156841806     
   3.21499999999998       -67.9742628559866       0.786866615199283     
   3.21599999999998       -67.9789789076344       0.786562490431191     
   3.21699999999998       -67.9837014066522       0.786257781008018     
   3.21799999999998       -67.9884303642586       0.785952485393933     
   3.21899999999998       -67.9931657916912       0.785646602049657     
   3.21999999999998       -67.9979077002178       0.785340129429256     
   3.22099999999998       -68.0026561011308       0.785033065981351     
   3.22199999999998       -68.0074110057474       0.784725410149898     
   3.22299999999998       -68.0121724254124       0.784417160372500     
   3.22399999999998       -68.0169403714928       0.784108315082616     
   3.22499999999998       -68.0217148553878       0.783798872705991     
   3.22599999999998       -68.0264958885161       0.783488831664995     
   3.22699999999997       -68.0312834823265       0.783178190375523     
   3.22799999999997       -68.0360776482924       0.782866947247569     
   3.22899999999997       -68.0408783979149       0.782555100685919     
   3.22999999999997       -68.0456857427185       0.782242649090176     
   3.23099999999997       -68.0504996942594       0.781929590852468     
   3.23199999999997       -68.0553202641143       0.781615924361588     
   3.23299999999997       -68.0601474638902       0.781301647999246     
   3.23399999999997       -68.0649813052186       0.780986760142054     
   3.23499999999997       -68.0698217997599       0.780671259159906     
   3.23599999999997       -68.0746689591999       0.780355143417699     
   3.23699999999997       -68.0795227952503       0.780038411274860     
   3.23799999999997       -68.0843833196539       0.779721061082952     
   3.23899999999997       -68.0892505441742       0.779403091190821     
   3.23999999999997       -68.0941244806071       0.779084499938566     
   3.24099999999997       -68.0990051407742       0.778765285661664     
   3.24199999999997       -68.1038925365233       0.778445446689419     
   3.24299999999997       -68.1087866797304       0.778124981345098     
   3.24399999999997       -68.1136875822976       0.777803887946610     
   3.24499999999997       -68.1185952561569       0.777482164804549     
   3.24599999999997       -68.1235097132657       0.777159810224547     
   3.24699999999997       -68.1284309656108       0.776836822505363     
   3.24799999999997       -68.1333590252055       0.776513199939990     
   3.24899999999997       -68.1382939040911       0.776188940815446     
   3.24999999999997       -68.1432356143367       0.775864043412287     
   3.25099999999997       -68.1481841680402       0.775538506004600     
   3.25199999999997       -68.1531395773265       0.775212326861022     
   3.25299999999997       -68.1581018543496       0.774885504243084     
   3.25399999999997       -68.1630710112904       0.774558036406725     
   3.25499999999997       -68.1680470603596       0.774229921600789     
   3.25599999999997       -68.1730300137959       0.773901158068155     
   3.25699999999997       -68.1780198838661       0.773571744045205     
   3.25799999999997       -68.1830166828642       0.773241677762682     
   3.25899999999997       -68.1880204231152       0.772910957443799     
   3.25999999999997       -68.1930311169720       0.772579581305561     
   3.26099999999997       -68.1980487768156       0.772247547558800     
   3.26199999999997       -68.2030734150567       0.771914854407536     
   3.26299999999997       -68.2081050441353       0.771581500048828     
   3.26399999999997       -68.2131436765176       0.771247482674609     
   3.26499999999997       -68.2181893247048       0.770912800467482     
   3.26599999999997       -68.2232420012207       0.770577451606263     
   3.26699999999997       -68.2283017186226       0.770241434261210     
   3.26799999999997       -68.2333684894939       0.769904746597448     
   3.26899999999997       -68.2384423264526       0.769567386770986     
   3.26999999999997       -68.2435232421405       0.769229352933402     
   3.27099999999997       -68.2486112492335       0.768890643227645     
   3.27199999999997       -68.2537063604351       0.768551255790809     
   3.27299999999997       -68.2588085884774       0.768211188753417     
   3.27399999999997       -68.2639179461260       0.767870440237573     
   3.27499999999997       -68.2690344461733       0.767529008359877     
   3.27599999999997       -68.2741581014428       0.767186889896258     
   3.27699999999997       -68.2792889247883       0.766844085592301     
   3.27799999999997       -68.2844269290931       0.766500592232329     
   3.27899999999997       -68.2895721272724       0.766156407903994     
   3.27999999999997       -68.2947245322726       0.765811530687217     
   3.28099999999997       -68.2998841570659       0.765465958656785     
   3.28199999999997       -68.3050510146600       0.765119689878250     
   3.28299999999997       -68.3102251180911       0.764772722410853     
   3.28399999999997       -68.3154064804266       0.764425054306615     
   3.28499999999997       -68.3205951147644       0.764076683610003     
   3.28599999999997       -68.3257910342337       0.763727608358204     
   3.28699999999997       -68.3309942519951       0.763377826580931     
   3.28799999999997       -68.3362047812400       0.763027336300325     
   3.28899999999997       -68.3414226351901       0.762676135531868     
   3.28999999999997       -68.3466478271009       0.762324222282256     
   3.29099999999997       -68.3518803702567       0.761971594551921     
   3.29199999999997       -68.3571202779753       0.761618250332649     
   3.29299999999997       -68.3623675636042       0.761264187609603     
   3.29399999999997       -68.3676222405242       0.760909404359690     
   3.29499999999997       -68.3728843221471       0.760553898552295     
   3.29599999999997       -68.3781538219174       0.760197668148857     
   3.29699999999997       -68.3834307533100       0.759840711103750     
   3.29799999999997       -68.3887151298343       0.759483025362335     
   3.29899999999997       -68.3940069650286       0.759124608863827     
   3.29999999999997       -68.3993062724667       0.758765459538089     
   3.30099999999997       -68.4046130657527       0.758405575307444     
   3.30199999999997       -68.4099273585241       0.758044954086922     
   3.30299999999997       -68.4152491644508       0.757683593782676     
   3.30399999999997       -68.4205784972351       0.757321492293142     
   3.30499999999997       -68.4259153706110       0.756958647509615     
   3.30599999999997       -68.4312597983487       0.756595057313181     
   3.30699999999997       -68.4366117942478       0.756230719578873     
   3.30799999999997       -68.4419713721416       0.755865632172715     
   3.30899999999997       -68.4473385458992       0.755499792951573     
   3.30999999999997       -68.4527133294199       0.755133199765624     
   3.31099999999997       -68.4580957366364       0.754765850456215     
   3.31199999999997       -68.4634857815177       0.754397742855451     
   3.31299999999997       -68.4688834780635       0.754028874787955     
   3.31399999999997       -68.4742888403075       0.753659244070056     
   3.31499999999997       -68.4797018823192       0.753288848508458     
   3.31599999999997       -68.4851226181994       0.752917685902471     
   3.31699999999997       -68.4905510620833       0.752545754042853     
   3.31799999999996       -68.4959872281417       0.752173050710670     
   3.31899999999996       -68.5014311305781       0.751799573679286     
   3.31999999999996       -68.5068827836303       0.751425320713004     
   3.32099999999996       -68.5123422015717       0.751050289567033     
   3.32199999999996       -68.5178093987086       0.750674477988656     
   3.32299999999996       -68.5232843893822       0.750297883715482     
   3.32399999999996       -68.5287671879692       0.749920504476647     
   3.32499999999996       -68.5342578088807       0.749542337992231     
   3.32599999999996       -68.5397562665604       0.749163381973879     
   3.32699999999996       -68.5452625754916       0.748783634122646     
   3.32799999999996       -68.5507767501885       0.748403092132256     
   3.32899999999996       -68.5562988052024       0.748021753686338     
   3.32999999999996       -68.5618287551195       0.747639616459675     
   3.33099999999996       -68.5673666145615       0.747256678117603     
   3.33199999999996       -68.5729123981851       0.746872936316510     
   3.33299999999996       -68.5784661206822       0.746488388703474     
   3.33399999999996       -68.5840277967823       0.746103032915690     
   3.33499999999996       -68.5895974412489       0.745716866581387     
   3.33599999999996       -68.5951750688807       0.745329887319794     
   3.33699999999996       -68.6007606945153       0.744942092739539     
   3.33799999999996       -68.6063543330245       0.744553480440107     
   3.33899999999996       -68.6119559993154       0.744164048012128     
   3.33999999999996       -68.6175657083334       0.743773791537690     
   3.34099999999996       -68.6231834750605       0.743382711554347     
   3.34199999999996       -68.6288093145132       0.742990804153479     
   3.34299999999996       -68.6344432417453       0.742598066886291     
   3.34399999999996       -68.6400852718496       0.742204497293033     
   3.34499999999996       -68.6457354199522       0.741810092905932     
   3.34599999999996       -68.6513937012195       0.741414851245430     
   3.34699999999996       -68.6570601308527       0.741018769823198     
   3.34799999999996       -68.6627347240913       0.740621846140241     
   3.34899999999996       -68.6684174962119       0.740224077687479     
   3.34999999999996       -68.6741084625276       0.739825461946279     
   3.35099999999996       -68.6798076383919       0.739425996386218     
   3.35199999999996       -68.6855150391926       0.739025678468197     
   3.35299999999996       -68.6912306803571       0.738624505642128     
   3.35399999999996       -68.6969545773505       0.738222475347167     
   3.35499999999996       -68.7026867456756       0.737819585012409     
   3.35599999999996       -68.7084272008735       0.737415832056486     
   3.35699999999996       -68.7141759585233       0.737011213887333     
   3.35799999999996       -68.7199330342426       0.736605727902114     
   3.35899999999996       -68.7256984436874       0.736199371487664     
   3.35999999999996       -68.7314722025531       0.735792142019260     
   3.36099999999996       -68.7372543265719       0.735384036862510     
   3.36199999999996       -68.7430448315164       0.734975053371457     
   3.36299999999996       -68.7488437331984       0.734565188888745     
   3.36399999999996       -68.7546510474673       0.734154440747084     
   3.36499999999996       -68.7604667902126       0.733742806267591     
   3.36599999999996       -68.7662909773624       0.733330282760418     
   3.36699999999996       -68.7721236248859       0.732916867524090     
   3.36799999999996       -68.7779647487891       0.732502557846672     
   3.36899999999996       -68.7838143651208       0.732087351003884     
   3.36999999999996       -68.7896724899664       0.731671244261445     
   3.37099999999996       -68.7955391394533       0.731254234872520     
   3.37199999999996       -68.8014143297484       0.730836320079176     
   3.37299999999996       -68.8072980770593       0.730417497111605     
   3.37399999999996       -68.8131903976324       0.729997763189129     
   3.37499999999996       -68.8190913077555       0.729577115518705     
   3.37599999999996       -68.8250008237568       0.729155551295926     
   3.37699999999996       -68.8309189620045       0.728733067704462     
   3.37799999999996       -68.8368457389077       0.728309661916361     
   3.37899999999996       -68.8427811709176       0.727885331090875     
   3.37999999999996       -68.8487252745248       0.727460072376195     
   3.38099999999996       -68.8546780662617       0.727033882908039     
   3.38199999999996       -68.8606395627020       0.726606759809937     
   3.38299999999996       -68.8666097804604       0.726178700193311     
   3.38399999999996       -68.8725887361931       0.725749701157392     
   3.38499999999996       -68.8785764465994       0.725319759788221     
   3.38599999999996       -68.8845729284178       0.724888873160983     
   3.38699999999996       -68.8905781984297       0.724457038337218     
   3.38799999999996       -68.8965922734600       0.724024252365715     
   3.38899999999996       -68.9026151703721       0.723590512284207     
   3.38999999999996       -68.9086469060762       0.723155815115451     
   3.39099999999996       -68.9146874975218       0.722720157870961     
   3.39199999999996       -68.9207369617014       0.722283537549215     
   3.39299999999996       -68.9267953156501       0.721845949470176     
   3.39399999999996       -68.9328625764474       0.721407393901587     
   3.39499999999996       -68.9389387612139       0.720967866171564     
   3.39599999999996       -68.9450238871127       0.720527363226817     
   3.39699999999996       -68.9511179713519       0.720085881999703     
   3.39799999999996       -68.9572210311815       0.719643419410012     
   3.39899999999996       -68.9633330838966       0.719199972363226     
   3.39999999999996       -68.9694541468332       0.718755537752870     
   3.40099999999996       -68.9755842373728       0.718310112457928     
   3.40199999999996       -68.9817233729403       0.717863693343923     
   3.40299999999996       -68.9878715710056       0.717416277262157     
   3.40399999999996       -68.9940288490805       0.716967861051212     
   3.40499999999996       -69.0001952247228       0.716518441535193     
   3.40599999999996       -69.0063707155332       0.716068015524495     
   3.40699999999996       -69.0125553391597       0.715616579814487     
   3.40799999999996       -69.0187491132903       0.715164131188605     
   3.40899999999995       -69.0249520556621       0.714710666413699     
   3.40999999999995       -69.0311641840546       0.714256182244187     
   3.41099999999995       -69.0373855162931       0.713800675419031     
   3.41199999999995       -69.0436160702478       0.713344142663228     
   3.41299999999995       -69.0498558638357       0.712886580686670     
   3.41399999999995       -69.0561049150159       0.712427986185761     
   3.41499999999995       -69.0623632417969       0.711968355840910     
   3.41599999999995       -69.0686308622298       0.711507686318907     
   3.41699999999995       -69.0749077944140       0.711045974270542     
   3.41799999999995       -69.0811940564935       0.710583216332344     
   3.41899999999995       -69.0874896666580       0.710119409125967     
   3.41999999999995       -69.0937946431444       0.709654549257373     
   3.42099999999995       -69.1001090042362       0.709188633317378     
   3.42199999999995       -69.1064327682636       0.708721657881314     
   3.42299999999995       -69.1127659536022       0.708253619509683     
   3.42399999999995       -69.1191085786747       0.707784514747381     
   3.42499999999995       -69.1254606619524       0.707314340122782     
   3.42599999999995       -69.1318222219516       0.706843092149906     
   3.42699999999995       -69.1381932772373       0.706370767325935     
   3.42799999999995       -69.1445738464213       0.705897362132439     
   3.42899999999995       -69.1509639481631       0.705422873035224     
   3.42999999999995       -69.1573636011696       0.704947296483927     
   3.43099999999995       -69.1637728241972       0.704470628911375     
   3.43199999999995       -69.1701916360469       0.703992866735385     
   3.43299999999995       -69.1766200555712       0.703514006356092     
   3.43399999999995       -69.1830581016699       0.703034044157436     
   3.43499999999995       -69.1895057932900       0.702552976507592     
   3.43599999999995       -69.1959631494278       0.702070799757283     
   3.43699999999995       -69.2024301891302       0.701587510239872     
   3.43799999999995       -69.2089069314899       0.701103102420328     
   3.43899999999995       -69.2153933956500       0.700617576262061     
   3.43999999999995       -69.2218896008037       0.700130926236067     
   3.44099999999995       -69.2283955661914       0.699643148608930     
   3.44199999999995       -69.2349113111051       0.699154239628601     
   3.44299999999995       -69.2414368548851       0.698664195526136     
   3.44399999999995       -69.2479722169222       0.698173012514967     
   3.44499999999995       -69.2545174166566       0.697680686790862     
   3.44599999999995       -69.2610724735787       0.697187214531949     
   3.44699999999995       -69.2676374072294       0.696692591898148     
   3.44799999999995       -69.2742122372002       0.696196815031539     
   3.44899999999995       -69.2807969831320       0.695699880056236     
   3.44999999999995       -69.2873916647178       0.695201783077889     
   3.45099999999995       -69.2939963017006       0.694702520183897     
   3.45199999999995       -69.3006109138740       0.694202087443426     
   3.45299999999995       -69.3072355210850       0.693700480906198     
   3.45399999999995       -69.3138701432283       0.693197696604708     
   3.45499999999995       -69.3205148002527       0.692693730551424     
   3.45599999999995       -69.3271695121579       0.692188578740561     
   3.45699999999995       -69.3338342989960       0.691682237146231     
   3.45799999999995       -69.3405091808706       0.691174701724186     
   3.45899999999995       -69.3471941779364       0.690665968411235     
   3.45999999999995       -69.3538893104019       0.690156033123746     
   3.46099999999995       -69.3605945985278       0.689644891758882     
   3.46199999999995       -69.3673100626257       0.689132540195060     
   3.46299999999995       -69.3740357230621       0.688618974289535     
   3.46399999999995       -69.3807716002548       0.688104189880232     
   3.46499999999995       -69.3875177146757       0.687588182785018     
   3.46599999999995       -69.3942740868498       0.687070948801032     
   3.46699999999995       -69.4010407373541       0.686552483706293     
   3.46799999999995       -69.4078176868214       0.686032783256756     
   3.46899999999995       -69.4146049559367       0.685511843188786     
   3.46999999999995       -69.4214025654385       0.684989659217767     
   3.47099999999995       -69.4282105361212       0.684466227037953     
   3.47199999999995       -69.4350288888311       0.683941542323202     
   3.47299999999995       -69.4418576444708       0.683415600725254     
   3.47399999999995       -69.4486968239958       0.682888397875470     
   3.47499999999995       -69.4555464484179       0.682359927404668     
   3.47599999999995       -69.4624065388019       0.681830188808587     
   3.47699999999995       -69.4692771162702       0.681299175722376     
   3.47799999999995       -69.4761582019970       0.680766883691017     
   3.47899999999995       -69.4830498172145       0.680233308236282     
   3.47999999999995       -69.4899519832097       0.679698444858357     
   3.48099999999995       -69.4968647213249       0.679162289034557     
   3.48199999999995       -69.5037880529581       0.678624836220437     
   3.48299999999995       -69.5107219995646       0.678086081848154     
   3.48399999999995       -69.5176665826542       0.677546021327868     
   3.48499999999995       -69.5246218237949       0.677004650045793     
   3.48599999999995       -69.5315877446083       0.676461963366448     
   3.48699999999995       -69.5385643667767       0.675917956629161     
   3.48799999999995       -69.5455517120351       0.675372625152029     
   3.48899999999995       -69.5525498021795       0.674825964227446     
   3.48999999999995       -69.5595586590596       0.674277969125696     
   3.49099999999995       -69.5665783045850       0.673728635092201     
   3.49199999999995       -69.5736087607217       0.673177957348533     
   3.49299999999995       -69.5806500494935       0.672625931092132     
   3.49399999999995       -69.5877021929820       0.672072551496193     
   3.49499999999995       -69.5947652133270       0.671517813708947     
   3.49599999999995       -69.6018391327277       0.670961712853647     
   3.49699999999995       -69.6089239734396       0.670404244029334     
   3.49799999999995       -69.6160197577778       0.669845402309545     
   3.49899999999995       -69.6231265081164       0.669285182742540     
   3.49999999999994       -69.6302442468890       0.668723580350738     
   3.50099999999994       -69.6373729965870       0.668160590131429     
   3.50199999999994       -69.6445127797620       0.667596207056037     
   3.50299999999994       -69.6516636190241       0.667030426069788     
   3.50399999999994       -69.6588255370434       0.666463242092178     
   3.50499999999994       -69.6659985565515       0.665894650015070     
   3.50599999999994       -69.6731827003372       0.665324644705498     
   3.50699999999994       -69.6803779912520       0.664753221002147     
   3.50799999999994       -69.6875844522061       0.664180371557829     
   3.50899999999994       -69.6948021061702       0.663606095420000     
   3.50999999999994       -69.7020309761783       0.663030385241825     
   3.51099999999994       -69.7092710853212       0.662453235754854     
   3.51199999999994       -69.7165224567540       0.661874641660990     
   3.51299999999994       -69.7237851136913       0.661294597635142     
   3.51399999999994       -69.7310590794108       0.660713098323389     
   3.51499999999994       -69.7383443772501       0.660130138344043     
   3.51599999999994       -69.7456410306096       0.659545712286547     
   3.51699999999994       -69.7529490629505       0.658959814711949     
   3.51799999999994       -69.7602684977987       0.658372440151448     
   3.51899999999994       -69.7675993587397       0.657783583107828     
   3.51999999999994       -69.7749416694228       0.657193238054316     
   3.52099999999994       -69.7822954535598       0.656601399434158     
   3.52199999999994       -69.7896607349261       0.656008061660997     
   3.52299999999994       -69.7970375373589       0.655413219118364     
   3.52399999999994       -69.8044258847592       0.654816866159605     
   3.52499999999994       -69.8118258010930       0.654218997106946     
   3.52599999999994       -69.8192373103869       0.653619606252810     
   3.52699999999994       -69.8266604367337       0.653018687857870     
   3.52799999999994       -69.8340952042893       0.652416236151662     
   3.52899999999994       -69.8415416372735       0.651812245332743     
   3.52999999999994       -69.8489997599719       0.651206709567065     
   3.53099999999994       -69.8564695967335       0.650599622989383     
   3.53199999999994       -69.8639511719713       0.649990979702460     
   3.53299999999994       -69.8714445101651       0.649380773775727     
   3.53399999999994       -69.8789496358591       0.648768999246460     
   3.53499999999994       -69.8864665736616       0.648155650119165     
   3.53599999999994       -69.8939953482487       0.647540718069188     
   3.53699999999994       -69.9015359843601       0.646924201559434     
   3.53799999999994       -69.9090885068022       0.646306092262389     
   3.53899999999994       -69.9166529404487       0.645686384047627     
   3.53999999999994       -69.9242293102366       0.645065070751304     
   3.54099999999994       -69.9318176411720       0.644442146174302     
   3.54199999999994       -69.9394179583267       0.643817604083231     
   3.54299999999994       -69.9470302868395       0.643191438209324     
   3.54399999999994       -69.9546546519157       0.642563642248531     
   3.54499999999994       -69.9622910788287       0.641934209861496     
   3.54599999999994       -69.9699395929184       0.641303134672479     
   3.54699999999994       -69.9776002195934       0.640670410270055     
   3.54799999999994       -69.9852729843283       0.640036030206348     
   3.54899999999994       -69.9929579126674       0.639399987996319     
   3.54999999999994       -70.0006550302223       0.638762277118253     
   3.55099999999994       -70.0083643626731       0.638122891013059     
   3.55199999999994       -70.0160859357697       0.637481823083360     
   3.55299999999994       -70.0238197753282       0.636839066695017     
   3.55399999999994       -70.0315659072355       0.636194615174774     
   3.55499999999994       -70.0393243574470       0.635548461811333     
   3.55599999999994       -70.0470951519872       0.634900599854225     
   3.55699999999994       -70.0548783169517       0.634251022513551     
   3.55799999999994       -70.0626738785030       0.633599722960712     
   3.55899999999994       -70.0704818628760       0.632946694326603     
   3.55999999999994       -70.0783022963746       0.632291927318387     
   3.56099999999994       -70.0861352053728       0.631635419680709     
   3.56199999999994       -70.0939806163163       0.630977162110372     
   3.56299999999994       -70.1018385557194       0.630317147575937     
   3.56399999999994       -70.1097090501688       0.629655369004564     
   3.56499999999994       -70.1175921263221       0.628991819280884     
   3.56599999999994       -70.1254878109078       0.628326491248054     
   3.56699999999994       -70.1333961307270       0.627659377705387     
   3.56799999999994       -70.1413171126503       0.626990471411395     
   3.56899999999994       -70.1492507836208       0.626319765080284     
   3.56999999999994       -70.1571971706551       0.625647251382197     
   3.57099999999994       -70.1651563008411       0.624972922943388     
   3.57199999999994       -70.1731282013383       0.624296772346334     
   3.57299999999994       -70.1811128993797       0.623618792128157     
   3.57399999999994       -70.1891104222712       0.622938974781406     
   3.57499999999994       -70.1971207973911       0.622257312752561     
   3.57599999999994       -70.2051440521913       0.621573798442727     
   3.57699999999994       -70.2131802141970       0.620888424205969     
   3.57799999999994       -70.2212293110069       0.620201182350566     
   3.57899999999994       -70.2292913702935       0.619512065136742     
   3.57999999999994       -70.2373664198034       0.618821064777825     
   3.58099999999994       -70.2454544873557       0.618128173439778     
   3.58199999999994       -70.2535556008482       0.617433380714104     
   3.58299999999994       -70.2616697882487       0.616736683634969     
   3.58399999999994       -70.2697970776017       0.616038071777080     
   3.58499999999994       -70.2779374970269       0.615337537109194     
   3.58599999999994       -70.2860910747178       0.614635071550570     
   3.58699999999994       -70.2942578389441       0.613930666969651     
   3.58799999999994       -70.3024378180521       0.613224315183549     
   3.58899999999994       -70.3106310404609       0.612516007959016     
   3.58999999999994       -70.3188375346681       0.611805737009676     
   3.59099999999993       -70.3270573292470       0.611093493997095     
   3.59199999999993       -70.3352904528457       0.610379270530587     
   3.59299999999993       -70.3435369341903       0.609663058165482     
   3.59399999999993       -70.3517968020837       0.608944848403113     
   3.59499999999993       -70.3600700854036       0.608224632691752     
   3.59599999999993       -70.3683568131057       0.607502402424136     
   3.59699999999993       -70.3766570142250       0.606778148936744     
   3.59799999999993       -70.3849707178713       0.606051863511678     
   3.59899999999993       -70.3932979532332       0.605323537373980     
   3.59999999999993       -70.4016387495762       0.604593161692449     
   3.60099999999993       -70.4099931362450       0.603860724970782     
   3.60199999999993       -70.4183611426619       0.603126223385998     
   3.60299999999993       -70.4267427983272       0.602389645412958     
   3.60399999999993       -70.4351381328203       0.601650981986787     
   3.60499999999993       -70.4435471757993       0.600910223983655     
   3.60599999999993       -70.4519699570008       0.600167362219438     
   3.60699999999993       -70.4604065062410       0.599422387449198     
   3.60799999999993       -70.4688568534148       0.598675290367208     
   3.60899999999993       -70.4773210284968       0.597926061605249     
   3.60999999999993       -70.4857990615425       0.597174691732474     
   3.61099999999993       -70.4942909826843       0.596421171256545     
   3.61199999999993       -70.5027968221383       0.595665490619343     
   3.61299999999993       -70.5113166101980       0.594907640200046     
   3.61399999999993       -70.5198503772378       0.594147610312558     
   3.61499999999993       -70.5283981537138       0.593385391205067     
   3.61599999999993       -70.5369599701625       0.592620973058979     
   3.61699999999993       -70.5455358572002       0.591854345990285     
   3.61799999999993       -70.5541258455260       0.591085500046434     
   3.61899999999993       -70.5627299659184       0.590314422430572     
   3.61999999999993       -70.5713482492395       0.589541108505501     
   3.62099999999993       -70.5799807264314       0.588765545433574     
   3.62199999999993       -70.5886274285183       0.587987722985772     
   3.62299999999993       -70.5972883866075       0.587207630862075     
   3.62399999999993       -70.6059636318869       0.586425258690965     
   3.62499999999993       -70.6146531956278       0.585640596028806     
   3.62599999999993       -70.6233571091832       0.584853632358697     
   3.62699999999993       -70.6320754039895       0.584064357089909     
   3.62799999999993       -70.6408081115670       0.583272759556618     
   3.62899999999993       -70.6495552635150       0.582478829019438     
   3.62999999999993       -70.6583168915219       0.581682554660273     
   3.63099999999993       -70.6670930273540       0.580883925586797     
   3.63199999999993       -70.6758837028646       0.580082930826766     
   3.63299999999993       -70.6846889499890       0.579279559330998     
   3.63399999999993       -70.6935088007471       0.578473797155811     
   3.63499999999993       -70.7023432872427       0.577665638613079     
   3.63599999999993       -70.7111924416635       0.576855069701866     
   3.63699999999993       -70.7200562962822       0.576042079049860     
   3.63799999999993       -70.7289348834550       0.575226655202532     
   3.63899999999993       -70.7378282356232       0.574408786621314     
   3.63999999999993       -70.7467363853125       0.573588461683489     
   3.64099999999993       -70.7556593651354       0.572765668680221     
   3.64199999999993       -70.7645972077879       0.571940395816738     
   3.64299999999993       -70.7735499460509       0.571112631211931     
   3.64399999999993       -70.7825176127912       0.570282362895667     
   3.64499999999993       -70.7915002409614       0.569449578808545     
   3.64599999999993       -70.8004978636010       0.568614266800868     
   3.64699999999993       -70.8095105138325       0.567776414633062     
   3.64799999999993       -70.8185382248668       0.566936009972080     
   3.64899999999993       -70.8275810299992       0.566093037386248     
   3.64999999999993       -70.8366389626129       0.565247490247981     
   3.65099999999993       -70.8457120561770       0.564399353051344     
   3.65199999999993       -70.8548003442468       0.563548613085380     
   3.65299999999993       -70.8639038604650       0.562695257540726     
   3.65399999999993       -70.8730226385593       0.561839273510919     
   3.65499999999993       -70.8821567123468       0.560980647988688     
   3.65599999999993       -70.8913061157291       0.560119367867226     
   3.65699999999993       -70.9004708826983       0.559255419935912     
   3.65799999999993       -70.9096510473310       0.558388790883474     
   3.65899999999993       -70.9188466437920       0.557519467293026     
   3.65999999999993       -70.9280577063344       0.556647435642355     
   3.66099999999993       -70.9372842692971       0.555772682303596     
   3.66199999999993       -70.9465263671102       0.554895190420954     
   3.66299999999993       -70.9557840342886       0.554014952254446     
   3.66399999999993       -70.9650573054363       0.553131950855517     
   3.66499999999993       -70.9743462152462       0.552246172155996     
   3.66599999999993       -70.9836507984969       0.551357601975186     
   3.66699999999993       -70.9929710900590       0.550466226017108     
   3.66799999999993       -71.0023071248895       0.549572029870320     
   3.66899999999993       -71.0116589380327       0.548674999007164     
   3.66999999999993       -71.0210265646241       0.547775118779803     
   3.67099999999993       -71.0304100398862       0.546872374421483     
   3.67199999999993       -71.0398093991315       0.545966751043518     
   3.67299999999993       -71.0492246777603       0.545058230529169     
   3.67399999999993       -71.0586559112630       0.544146803815948     
   3.67499999999993       -71.0681031352176       0.543232452667520     
   3.67599999999993       -71.0775663852924       0.542315161693910     
   3.67699999999993       -71.0870456972445       0.541394915376018     
   3.67799999999993       -71.0965411069208       0.540471698063559     
   3.67899999999993       -71.1060526502565       0.539545493974757     
   3.67999999999993       -71.1155803632778       0.538616287192549     
   3.68099999999992       -71.1251242820985       0.537684061665087     
   3.68199999999992       -71.1346844429222       0.536748801202710     
   3.68299999999992       -71.1442608820442       0.535810489475798     
   3.68399999999992       -71.1538536358479       0.534869106799799     
   3.68499999999992       -71.1634627408052       0.533924642843075     
   3.68599999999992       -71.1730882334797       0.532977077773692     
   3.68699999999992       -71.1827301505247       0.532026394686524     
   3.68799999999992       -71.1923885286814       0.531072576528375     
   3.68899999999992       -71.2020634047827       0.530115606095111     
   3.68999999999992       -71.2117548157508       0.529155466029687     
   3.69099999999992       -71.2214627985969       0.528192138821694     
   3.69199999999992       -71.2311873904241       0.527225606801902     
   3.69299999999992       -71.2409286284230       0.526255852145019     
   3.69399999999992       -71.2506865498755       0.525282853562247     
   3.69499999999992       -71.2604611921540       0.524306599346119     
   3.69599999999992       -71.2702525927191       0.523327068030588     
   3.69699999999992       -71.2800607891225       0.522344241131782     
   3.69799999999992       -71.2898858190054       0.521358099995849     
   3.69899999999992       -71.2997277200991       0.520368625797030     
   3.69999999999992       -71.3095865302246       0.519375799534787     
   3.70099999999992       -71.3194622872928       0.518379602030763     
   3.70199999999992       -71.3293550293037       0.517380013928902     
   3.70299999999992       -71.3392647943490       0.516377012344493     
   3.70399999999992       -71.3491916206082       0.515370584076525     
   3.70499999999992       -71.3591355463513       0.514360706026954     
   3.70599999999992       -71.3690966099380       0.513347358094269     
   3.70699999999992       -71.3790748498162       0.512330519984531     
   3.70799999999992       -71.3890703045270       0.511310171206552     
   3.70899999999992       -71.3990830126963       0.510286291073214     
   3.70999999999992       -71.4091130130421       0.509258858694224     
   3.71099999999992       -71.4191603443706       0.508227852976312     
   3.71199999999992       -71.4292250455786       0.507193249119979     
   3.71299999999992       -71.4393071556505       0.506155032429098     
   3.71399999999992       -71.4494067136611       0.505113177851711     
   3.71499999999992       -71.4595237587712       0.504067663446709     
   3.71599999999992       -71.4696583302342       0.503018467051412     
   3.71699999999992       -71.4798104673905       0.501965566279533     
   3.71799999999992       -71.4899802096690       0.500908938519527     
   3.71899999999992       -71.5001675965869       0.499848560928801     
   3.71999999999992       -71.5103726677493       0.498784406846802     
   3.72099999999992       -71.5205954628497       0.497716459937444     
   3.72199999999992       -71.5308360216700       0.496644693242455     
   3.72299999999992       -71.5410943840795       0.495569082962124     
   3.72399999999992       -71.5513705900355       0.494489605046710     
   3.72499999999992       -71.5616646795823       0.493406235194781     
   3.72599999999992       -71.5719766928510       0.492318948848606     
   3.72699999999992       -71.5823066700608       0.491227717607667     
   3.72799999999992       -71.5926546515167       0.490132523350208     
   3.72899999999992       -71.6030206776109       0.489033337329426     
   3.72999999999992       -71.6134047888230       0.487930133916356     
   3.73099999999992       -71.6238070257168       0.486822887204738     
   3.73199999999992       -71.6342274289431       0.485711571004875     
   3.73299999999992       -71.6446660392389       0.484596158839239     
   3.73399999999992       -71.6551228974243       0.483476620273890     
   3.73499999999992       -71.6655980444088       0.482352935360434     
   3.73599999999992       -71.6760915211824       0.481225073263454     
   3.73699999999992       -71.6866033688222       0.480093006304967     
   3.73799999999992       -71.6971336284900       0.478956706493011     
   3.73899999999992       -71.7076823414287       0.477816145520527     
   3.73999999999992       -71.7182495489676       0.476671294754179     
   3.74099999999992       -71.7288352925191       0.475522121385599     
   3.74199999999992       -71.7394396135774       0.474368603582424     
   3.74299999999992       -71.7500625537198       0.473210708074474     
   3.74399999999992       -71.7607041546070       0.472048404875398     
   3.74499999999992       -71.7713644579800       0.470881663646019     
   3.74599999999992       -71.7820435056624       0.469710453686269     
   3.74699999999992       -71.7927413395577       0.468534740032829     
   3.74799999999992       -71.8034580016525       0.467354498806176     
   3.74899999999992       -71.8141935340121       0.466169694512929     
   3.74999999999992       -71.8249479787812       0.464980294947417     
   3.75099999999992       -71.8357213781843       0.463786267510606     
   3.75199999999992       -71.8465137745278       0.462587575401521     
   3.75299999999992       -71.8573252101911       0.461384192569611     
   3.75399999999992       -71.8681557276363       0.460176081613248     
   3.75499999999992       -71.8790053694014       0.458963208280761     
   3.75599999999992       -71.8898741781004       0.457745537888147     
   3.75699999999992       -71.9007621964271       0.456523035308716     
   3.75799999999992       -71.9116694671473       0.455295660958908     
   3.75899999999992       -71.9225960331039       0.454063386564832     
   3.75999999999992       -71.9335419372157       0.452826171858643     
   3.76099999999992       -71.9445072224752       0.451583979861506     
   3.76199999999992       -71.9554919319475       0.450336773109738     
   3.76299999999992       -71.9664961087724       0.449084509588789     
   3.76399999999992       -71.9775197961611       0.447827158668747     
   3.76499999999992       -71.9885630373972       0.446564677565897     
   3.76599999999992       -71.9996258758343       0.445297026770194     
   3.76699999999992       -72.0107083548982       0.444024166232764     
   3.76799999999992       -72.0218105180828       0.442746051186707     
   3.76899999999992       -72.0329324089535       0.441462648528437     
   3.76999999999992       -72.0440740711426       0.440173912624278     
   3.77099999999992       -72.0552355483477       0.438879801160677     
   3.77199999999991       -72.0664168843373       0.437580267144228     
   3.77299999999991       -72.0776181229437       0.436275274926666     
   3.77399999999991       -72.0888393080662       0.434964776549788     
   3.77499999999991       -72.1000804836660       0.433648727232777     
   3.77599999999991       -72.1113416937697       0.432327077494270     
   3.77699999999991       -72.1226229824671       0.430999789040232     
   3.77799999999991       -72.1339243939085       0.429666811317451     
   3.77899999999991       -72.1452459723062       0.428328096852465     
   3.77999999999991       -72.1565877619315       0.426983593387585     
   3.78099999999991       -72.1679498071171       0.425633259856706     
   3.78199999999991       -72.1793321522523       0.424277042811248     
   3.78299999999991       -72.1907348417827       0.422914891835709     
   3.78399999999991       -72.2021579202120       0.421546751575480     
   3.78499999999991       -72.2136014320989       0.420172578038632     
   3.78599999999991       -72.2250654220557       0.418792314551369     
   3.78699999999991       -72.2365499347472       0.417405907469919     
   3.78799999999991       -72.2480550148920       0.416013297989194     
   3.78899999999991       -72.2595807072578       0.414614439007124     
   3.78999999999991       -72.2711270566641       0.413209270255489     
   3.79099999999991       -72.2826941079764       0.411797730355962     
   3.79199999999991       -72.2942819061095       0.410379769207411     
   3.79299999999991       -72.3058904960242       0.408955323830817     
   3.79399999999991       -72.3175199227268       0.407524334131406     
   3.79499999999991       -72.3291702312650       0.406086734552290     
   3.79599999999991       -72.3408414667317       0.404642471476126     
   3.79699999999991       -72.3525336742600       0.403191477570216     
   3.79799999999991       -72.3642468990222       0.401733684092396     
   3.79899999999991       -72.3759811862289       0.400269034083332     
   3.79999999999991       -72.3877365811289       0.398797456861664     
   3.80099999999991       -72.3995131290056       0.397318880194631     
   3.80199999999991       -72.4113108751768       0.395833243602253     
   3.80299999999991       -72.4231298649929       0.394340472733948     
   3.80399999999991       -72.4349701438359       0.392840491531820     
   3.80499999999991       -72.4468317571169       0.391333235788609     
   3.80599999999991       -72.4587147502749       0.389818627132665     
   3.80699999999991       -72.4706191687752       0.388296585311481     
   3.80799999999991       -72.4825450581089       0.386767042155871     
   3.80899999999991       -72.4944924637888       0.385229910466970     
   3.80999999999991       -72.5064614313503       0.383685118638843     
   3.81099999999991       -72.5184520063470       0.382132581024344     
   3.81199999999991       -72.5304642343523       0.380572209789979     
   3.81299999999991       -72.5424981609537       0.379003928894579     
   3.81399999999991       -72.5545538317538       0.377427643068343     
   3.81499999999991       -72.5666312923677       0.375843272503161     
   3.81599999999991       -72.5787305884207       0.374250722982005     
   3.81699999999991       -72.5908517655469       0.372649897732564     
   3.81799999999991       -72.6029948693856       0.371040711918395     
   3.81899999999991       -72.6151599455823       0.369423060595781     
   3.81999999999991       -72.6273470397832       0.367796854726478     
   3.82099999999991       -72.6395561976366       0.366161985347560     
   3.82199999999991       -72.6517874647868       0.364518359023651     
   3.82299999999991       -72.6640408868764       0.362865862437658     
   3.82399999999991       -72.6763165095389       0.361204397537303     
   3.82499999999991       -72.6886143784014       0.359533846292288     
   3.82599999999991       -72.7009345390797       0.357854105788253     
   3.82699999999991       -72.7132770371755       0.356165052898518     
   3.82799999999991       -72.7256419182758       0.354466579574917     
   3.82899999999991       -72.7380292279482       0.352758557180688     
   3.82999999999991       -72.7504390117421       0.351040872231353     
   3.83099999999991       -72.7628713151806       0.349313390132504     
   3.83199999999991       -72.7753261837637       0.347575991633718     
   3.83299999999991       -72.7878036629617       0.345828535693740     
   3.83399999999991       -72.8003037982145       0.344070896931654     
   3.83499999999991       -72.8128266349282       0.342302927326116     
   3.83599999999991       -72.8253722184720       0.340524490062193     
   3.83699999999991       -72.8379405941757       0.338735444264960     
   3.83799999999991       -72.8505318073267       0.336935631182738     
   3.83899999999991       -72.8631459031683       0.335124902523498     
   3.83999999999991       -72.8757829268945       0.333303105648033     
   3.84099999999991       -72.8884429236487       0.331470069564557     
   3.84199999999991       -72.9011259385204       0.329625633237567     
   3.84299999999991       -72.9138320165394       0.327769630925123     
   3.84399999999991       -72.9265612026790       0.325901877674844     
   3.84499999999991       -72.9393135418442       0.324022198223268     
   3.84599999999991       -72.9520890788756       0.322130407175762     
   3.84699999999991       -72.9648878585421       0.320226318582039     
   3.84799999999991       -72.9777099255396       0.318309726259841     
   3.84899999999991       -72.9905553244844       0.316380432938826     
   3.84999999999991       -73.0034240999145       0.314438230255450     
   3.85099999999991       -73.0163162962805       0.312482903468752     
   3.85199999999991       -73.0292319579466       0.310514231169599     
   3.85299999999991       -73.0421711291841       0.308531989974024     
   3.85399999999991       -73.0551338541681       0.306535934201191     
   3.85499999999991       -73.0681201769750       0.304525825610753     
   3.85599999999991       -73.0811301415760       0.302501412933396     
   3.85699999999991       -73.0941637918358       0.300462436534921     
   3.85799999999991       -73.1072211715065       0.298408628014329     
   3.85899999999991       -73.1203023242240       0.296339709773138     
   3.85999999999991       -73.1334072935063       0.294255394556584     
   3.86099999999991       -73.1465361227433       0.292155379780056     
   3.86199999999991       -73.1596888551987       0.290039367664118     
   3.86299999999990       -73.1728655340027       0.287907033840250     
   3.86399999999990       -73.1860662021465       0.285758047241825     
   3.86499999999990       -73.1992909024803       0.283592064368709     
   3.86599999999990       -73.2125396777063       0.281408723311973     
   3.86699999999990       -73.2258125703765       0.279207664029214     
   3.86799999999990       -73.2391096228841       0.276988496373829     
   3.86899999999990       -73.2524308774627       0.274750814473744     
   3.86999999999990       -73.2657763761793       0.272494212062668     
   3.87099999999990       -73.2791461609285       0.270218244521388     
   3.87199999999990       -73.2925402734299       0.267922469940336     
   3.87299999999990       -73.3059587552197       0.265606405897435     
   3.87399999999990       -73.3194016476481       0.263269570613931     
   3.87499999999990       -73.3328689918722       0.260911438825797     
   3.87599999999990       -73.3463608288520       0.258531478286278     
   3.87699999999990       -73.3598771993435       0.256129126385285     
   3.87799999999990       -73.3734181438941       0.253703794022471     
   3.87899999999990       -73.3869837028355       0.251254863815876     
   3.87999999999990       -73.4005739162791       0.248781688150991     
   3.88099999999990       -73.4141888241101       0.246283587056916     
   3.88199999999990       -73.4278284659811       0.243759845886909     
   3.88299999999990       -73.4414928813058       0.241209712782265     
   3.88399999999990       -73.4551821092530       0.238632390220887     
   3.88499999999990       -73.4688961887413       0.236027054393436     
   3.88599999999990       -73.4826351584299       0.233392812790380     
   3.88699999999990       -73.4963990567162       0.230728745186888     
   3.88799999999990       -73.5101879217252       0.228033854502649     
   3.88899999999990       -73.5240017913062       0.225307102058781     
   3.88999999999990       -73.5378407030235       0.222547379696429     
   3.89099999999990       -73.5517046941511       0.219753504121348     
   3.89199999999990       -73.5655938016649       0.216924233810713     
   3.89299999999990       -73.5795080622360       0.214058221713262     
   3.89399999999990       -73.5934475122238       0.211154053540472     
   3.89499999999990       -73.6074121876672       0.208210192635881     
   3.89599999999990       -73.6214021242802       0.205225004971501     
   3.89699999999990       -73.6354173574402       0.202196748235134     
   3.89799999999990       -73.6494579221858       0.199123523536924     
   3.89899999999990       -73.6635238532032       0.196003302315742     
   3.89999999999990       -73.6776151848231       0.192833886113617     
   3.90099999999990       -73.6917319510102       0.189612887300131     
   3.90199999999990       -73.7058741853557       0.186337725266705     
   3.90299999999990       -73.7200419210708       0.183005582799844     
   3.90399999999990       -73.7342351909754       0.179613376058561     
   3.90499999999990       -73.7484540274923       0.176157732139475     
   3.90599999999990       -73.7626984626377       0.172634948103462     
   3.90699999999990       -73.7769685280119       0.169040923522667     
   3.90799999999990       -73.7912642547942       0.165371127245616     
   3.90899999999990       -73.8055856737281       0.161620496127697     
   3.90999999999990       -73.8199328151170       0.157783394236341     
   3.91099999999990       -73.8343057088145       0.153853465164555     
   3.91199999999990       -73.8487043842135       0.149823522636944     
   3.91299999999990       -73.8631288702390       0.145685404160333     
   3.91399999999990       -73.8775791953369       0.141429743778120     
   3.91499999999990       -73.8920553874663       0.137045734392283     
   3.91599999999990       -73.9065574740882       0.132520781406840     
   3.91699999999990       -73.9210854821573       0.127840077303982     
   3.91799999999990       -73.9356394381113       0.122986006928166     
   3.91899999999990       -73.9502193678612       0.117937329232079     
   3.91999999999990       -73.9648252967809       0.112668062537799     
   3.92099999999990       -73.9794572496979       0.107145873452291     
   3.92199999999990       -73.9941152508824       0.101329615972355     
   3.92299999999990       -74.0087993240366       9.516561800592886E-002
   3.92399999999990       -74.0235094922857       8.858155410270004E-002
   3.92499999999990       -74.0382457781651       8.147591174633462E-002
   3.92599999999990       -74.0530082036123       7.369830171393721E-002
   3.92699999999990       -74.0677967899531       6.500832442409525E-002
   3.92799999999990       -74.0826115578945       5.497546563447905E-002
   3.92899999999990       -74.0974525275092       4.266333821718068E-002
   3.92999999999990       -74.1123197182277       2.489578525033002E-002
   3.93099999999990       -74.1272107224217       1.865795475893458E-005
   3.93199999999990       -74.1421099893694       6.070436580629668E-006
   3.93299999999990       -74.1570147501339       3.623587828904817E-006
   3.93399999999990       -74.1719250032915       2.581403905558647E-006
   3.93499999999990       -74.1868407474135       1.998219289071438E-006
   3.93599999999990       -74.2017619810689       1.635517819435310E-006
   3.93699999999990       -74.2166887028255       1.379738224819664E-006
   3.93799999999990       -74.2316209112501       1.166089521794274E-006
   3.93899999999990       -74.2465586049073       9.790881092541781E-007
   3.93999999999990       -74.2615017823576       8.125351139698367E-007
   3.94099999999990       -74.2764504421602       6.677371641912918E-007
   3.94199999999990       -74.2914045828738       5.444077761929123E-007
   3.94299999999990       -74.3063642030548       4.360611420469359E-007
   3.94399999999990       -74.3213293012557       3.474910303576569E-007
   3.94499999999990       -74.3362998760297       2.723026093128429E-007
   3.94599999999990       -74.3512759259250       2.098329163017591E-007
   3.94699999999990       -74.3662574494906       1.590041869281578E-007
   3.94799999999990       -74.3812444452729       1.204338918962359E-007
   3.94899999999990       -74.3962369118141       8.978607612952771E-008
   3.94999999999990       -74.4112348476582       6.588563513284147E-008
   3.95099999999990       -74.4262382513444       4.758793525905247E-008
   3.95199999999990       -74.4412471214105       3.383138369450478E-008
   3.95299999999990       -74.4562614563920       2.367327696835749E-008
   3.95399999999989       -74.4712812548254       1.630488566384258E-008
   3.95499999999989       -74.4863065152403       1.105257566950494E-008
   3.95599999999989       -74.5013372361683       7.373623267525886E-009
   3.95699999999989       -74.5163734161376       4.841394100433642E-009
   3.95799999999989       -74.5314150536744       3.128361717822751E-009
   3.95899999999989       -74.5464621473024       1.988556134572642E-009
   3.95999999999989       -74.5615146955465       1.244020701266872E-009
   3.96099999999989       -74.5765726969238       7.647317593987660E-010
   3.96199999999989       -74.5916361499540       4.616355446055801E-010
   3.96299999999989       -74.6067050531563       2.733281008933848E-010
   3.96399999999989       -74.6217794050419       1.586685227650264E-010
   3.96499999999989       -74.6368592041261       8.944615418708206E-011
   3.96599999999989       -74.6519444489180       4.878956498070389E-011
   3.96699999999989       -74.6670351379269       2.495996002475446E-011
   3.96799999999989       -74.6821312696614       1.142160440300207E-011
   3.96899999999989       -74.6972328426252       3.859653337675202E-012
   3.96999999999989       -74.7123398553209       2.568315930299529E-013
   3.97099999999989       -74.7274523062526       2.549479146315055E-012
   3.97199999999989       -74.7425701939168       3.518629831944509E-012
   3.97299999999989       -74.7576935168117       3.987365992941250E-012
   3.97399999999989       -74.7728222734331       4.409250742298809E-012
   3.97499999999989       -74.7879564622746       4.504285833206723E-012
   3.97599999999989       -74.8030960818286       4.256780113583621E-012
   3.97699999999989       -74.8182411305832       4.503878751431027E-012
   3.97799999999989       -74.8333916070292       4.264588682190151E-012
   3.97899999999989       -74.8485475096509       4.287237231892504E-012
   3.97999999999989       -74.8637088369317       4.438116540939063E-012
   3.98099999999989       -74.8788755873568       3.922714005473911E-012
   3.98199999999989       -74.8940477594036       3.432069443457900E-012
   3.98299999999989       -74.9092253515525       3.580617284152746E-012
   3.98399999999989       -74.9244083622795       3.701853638441814E-012
   3.98499999999989       -74.9395967900601       3.743820068772645E-012
   3.98599999999989       -74.9547906333664       3.419560930713791E-012
   3.98699999999989       -74.9699898906707       3.460417138019996E-012
   3.98799999999989       -74.9851945604396       3.447686580670961E-012
   3.98899999999989       -75.0004046411436       3.602747729776941E-012
   3.98999999999989       -75.0156201312465       3.526290370814422E-012
   3.99099999999989       -75.0308410292123       3.395691135684350E-012
   3.99199999999989       -75.0460673335029       2.929582502512555E-012
   3.99299999999989       -75.0612990425784       3.240148889934365E-012
   3.99399999999989       -75.0765361548964       2.667976950476714E-012
   3.99499999999989       -75.0917786689140       2.401745469171601E-012
   3.99599999999989       -75.1070265830842       2.084295698997115E-012
   3.99699999999989       -75.1222798958618       1.983117374019609E-012
   3.99799999999989       -75.1375386056955       2.345013072613256E-012
   3.99899999999989       -75.1528027110349       2.188397611272800E-012
