   3.00000000000000       -68.2555734045286       0.793391352924322     
   3.00100000000000       -68.2599793549383       0.793140216909310     
   3.00200000000000       -68.2643904957781       0.792888676994831     
   3.00300000000000       -68.2688068344763       0.792636731778098     
   3.00400000000000       -68.2732283784749       0.792384380391624     
   3.00500000000000       -68.2776551352277       0.792131621966020     
   3.00600000000000       -68.2820871122051       0.791878455628149     
   3.00700000000000       -68.2865243168879       0.791624880503850     
   3.00800000000000       -68.2909667567723       0.791370895715678     
   3.00900000000000       -68.2954144393687       0.791116500383588     
   3.01000000000000       -68.2998673721991       0.790861693625739     
   3.01100000000000       -68.3043255628011       0.790606474556919     
   3.01200000000000       -68.3087890187262       0.790350842289753     
   3.01300000000000       -68.3132577475375       0.790094795934803     
   3.01400000000000       -68.3177317568133       0.789838334599829     
   3.01500000000000       -68.3222110541468       0.789581457389334     
   3.01600000000000       -68.3266956471426       0.789324163406555     
   3.01700000000000       -68.3311855434218       0.789066451750939     
   3.01800000000000       -68.3356807506176       0.788808321519963     
   3.01900000000000       -68.3401812763778       0.788549771808701     
   3.02000000000000       -68.3446871283640       0.788290801709323     
   3.02100000000000       -68.3491983142512       0.788031410311732     
   3.02200000000000       -68.3537148417301       0.787771596702777     
   3.02300000000000       -68.3582367185040       0.787511359966998     
   3.02400000000000       -68.3627639522910       0.787250699186094     
   3.02500000000000       -68.3672965508242       0.786989613438855     
   3.02600000000000       -68.3718345218480       0.786728101802815     
   3.02700000000000       -68.3763778731239       0.786466163351049     
   3.02800000000000       -68.3809266124266       0.786203797154932     
   3.02900000000000       -68.3854807475441       0.785941002283500     
   3.03000000000000       -68.3900402862813       0.785677777801630     
   3.03100000000000       -68.3946052364533       0.785414122773877     
   3.03200000000000       -68.3991756058950       0.785150036259291     
   3.03300000000000       -68.4037514024496       0.784885517316837     
   3.03400000000000       -68.4083326339794       0.784620565000829     
   3.03500000000000       -68.4129193083608       0.784355178363253     
   3.03600000000000       -68.4175114334811       0.784089356454589     
   3.03700000000000       -68.4221090172451       0.783823098321245     
   3.03800000000000       -68.4267120675721       0.783556403007180     
   3.03900000000000       -68.4313205923962       0.783289269553281     
   3.04000000000000       -68.4359345996630       0.783021696998831     
   3.04100000000000       -68.4405540973373       0.782753683160756     
   3.04200000000000       -68.4451790933953       0.782485229492118     
   3.04300000000000       -68.4498095958299       0.782216333820430     
   3.04400000000000       -68.4544456126467       0.781946995173531     
   3.04500000000000       -68.4590871518672       0.781677212575706     
   3.04599999999999       -68.4637342215281       0.781406985048124     
   3.04699999999999       -68.4683868296809       0.781136311609429     
   3.04799999999999       -68.4730449843906       0.780865191275818     
   3.04899999999999       -68.4777086937398       0.780593623059684     
   3.04999999999999       -68.4823779658225       0.780321605971587     
   3.05099999999999       -68.4870528087506       0.780049139018252     
   3.05199999999999       -68.4917332306501       0.779776221203736     
   3.05299999999999       -68.4964192396604       0.779502851530133     
   3.05399999999999       -68.5011108439387       0.779229028995092     
   3.05499999999999       -68.5058080516571       0.778954752593565     
   3.05599999999999       -68.5105108709996       0.778680021319048     
   3.05699999999999       -68.5152193101701       0.778404834159821     
   3.05799999999999       -68.5199333773838       0.778129190102834     
   3.05899999999999       -68.5246530808706       0.777853088132636     
   3.05999999999999       -68.5293784288824       0.777576527227532     
   3.06099999999999       -68.5341094296770       0.777299506366840     
   3.06199999999999       -68.5388460915356       0.777022024523817     
   3.06299999999999       -68.5435884227499       0.776744080670296     
   3.06399999999999       -68.5483364316277       0.776465673774943     
   3.06499999999999       -68.5530901264945       0.776186802802293     
   3.06599999999999       -68.5578495156911       0.775907466714352     
   3.06699999999999       -68.5626146075677       0.775627664471852     
   3.06799999999999       -68.5673854104997       0.775347395028865     
   3.06899999999999       -68.5721619328720       0.775066657339036     
   3.06999999999999       -68.5769441830856       0.774785450352339     
   3.07099999999999       -68.5817321695588       0.774503773014997     
   3.07199999999999       -68.5865259007239       0.774221624270992     
   3.07299999999999       -68.5913253850311       0.773939003059943     
   3.07399999999999       -68.5961306309443       0.773655908319388     
   3.07499999999999       -68.6009416469443       0.773372338983164     
   3.07599999999999       -68.6057584415274       0.773088293982040     
   3.07699999999999       -68.6105810232054       0.772803772243675     
   3.07799999999999       -68.6154094005065       0.772518772692396     
   3.07899999999999       -68.6202435819749       0.772233294249125     
   3.07999999999999       -68.6250835761724       0.771947335831280     
   3.08099999999999       -68.6299293916705       0.771660896354803     
   3.08199999999999       -68.6347810370653       0.771373974729729     
   3.08299999999999       -68.6396385209645       0.771086569864056     
   3.08399999999999       -68.6445018519915       0.770798680663085     
   3.08499999999999       -68.6493710387869       0.770510306027904     
   3.08599999999999       -68.6542460900072       0.770221444856774     
   3.08699999999999       -68.6591270143263       0.769932096043950     
   3.08799999999999       -68.6640138204317       0.769642258481614     
   3.08899999999999       -68.6689065170305       0.769351931057002     
   3.08999999999999       -68.6738051128427       0.769061112655664     
   3.09099999999999       -68.6787096166090       0.768769802157492     
   3.09199999999999       -68.6836200370816       0.768477998441491     
   3.09299999999999       -68.6885363830333       0.768185700381418     
   3.09399999999999       -68.6934586632502       0.767892906848947     
   3.09499999999999       -68.6983868865376       0.767599616710748     
   3.09599999999999       -68.7033210617151       0.767305828831537     
   3.09699999999999       -68.7082611976210       0.767011542071427     
   3.09799999999999       -68.7132073031080       0.766716755288083     
   3.09899999999999       -68.7181593870471       0.766421467334947     
   3.09999999999999       -68.7231174583254       0.766125677062007     
   3.10099999999999       -68.7280815258484       0.765829383315312     
   3.10199999999999       -68.7330515985348       0.765532584938827     
   3.10299999999999       -68.7380276853233       0.765235280771478     
   3.10399999999999       -68.7430097951686       0.764937469649035     
   3.10499999999999       -68.7479979370404       0.764639150404564     
   3.10599999999999       -68.7529921199293       0.764340321865804     
   3.10699999999999       -68.7579923528391       0.764040982858435     
   3.10799999999999       -68.7629986447926       0.763741132203691     
   3.10899999999999       -68.7680110048291       0.763440768719481     
   3.10999999999999       -68.7730294420052       0.763139891219849     
   3.11099999999999       -68.7780539653941       0.762838498515254     
   3.11199999999999       -68.7830845840878       0.762536589412257     
   3.11299999999999       -68.7881213071935       0.762234162714165     
   3.11399999999999       -68.7931641438360       0.761931217220356     
   3.11499999999999       -68.7982131031574       0.761627751726671     
   3.11599999999999       -68.8032681943194       0.761323765024257     
   3.11699999999999       -68.8083294264975       0.761019255901940     
   3.11799999999999       -68.8133968088873       0.760714223143587     
   3.11899999999999       -68.8184703506997       0.760408665530107     
   3.11999999999999       -68.8235500611652       0.760102581837951     
   3.12099999999999       -68.8286359495319       0.759795970839476     
   3.12199999999999       -68.8337280250613       0.759488831304927     
   3.12299999999999       -68.8388262970395       0.759181161998045     
   3.12399999999999       -68.8439307747635       0.758872961681217     
   3.12499999999999       -68.8490414675515       0.758564229111542     
   3.12599999999999       -68.8541583847391       0.758254963042277     
   3.12699999999999       -68.8592815356794       0.757945162223171     
   3.12799999999999       -68.8644109297439       0.757634825399496     
   3.12899999999999       -68.8695465763196       0.757323951313425     
   3.12999999999999       -68.8746884848148       0.757012538702226     
   3.13099999999999       -68.8798366646524       0.756700586300026     
   3.13199999999999       -68.8849911252753       0.756388091412459     
   3.13299999999999       -68.8901518761456       0.756075055591225     
   3.13399999999999       -68.8953189267398       0.755761476155730     
   3.13499999999999       -68.9004922865550       0.755447351823201     
   3.13599999999999       -68.9056719651068       0.755132681306950     
   3.13699999999998       -68.9108579719280       0.754817463316286     
   3.13799999999998       -68.9160503165684       0.754501696556993     
   3.13899999999998       -68.9212490085979       0.754185379730084     
   3.13999999999998       -68.9264540576045       0.753868511532424     
   3.14099999999998       -68.9316654731943       0.753551090656776     
   3.14199999999998       -68.9368832649919       0.753233115791654     
   3.14299999999998       -68.9421074426379       0.752914585622532     
   3.14399999999998       -68.9473380157964       0.752595498828459     
   3.14499999999998       -68.9525749941458       0.752275854086068     
   3.14599999999998       -68.9578183873851       0.751955650066712     
   3.14699999999998       -68.9630682052302       0.751634885438316     
   3.14799999999998       -68.9683244574174       0.751313558863980     
   3.14899999999998       -68.9735871536994       0.750991669002910     
   3.14999999999998       -68.9788563038520       0.750669214508755     
   3.15099999999998       -68.9841319176642       0.750346194032636     
   3.15199999999998       -68.9894140049472       0.750022606220318     
   3.15299999999998       -68.9947025755298       0.749698449713363     
   3.15399999999998       -68.9999976392621       0.749373723148234     
   3.15499999999998       -69.0052992060091       0.749048425158311     
   3.15599999999998       -69.0106072856581       0.748722554371416     
   3.15699999999998       -69.0159218881137       0.748396109411509     
   3.15799999999998       -69.0212430232995       0.748069088898285     
   3.15899999999998       -69.0265707011599       0.747741491445977     
   3.15999999999998       -69.0319049316564       0.747413315665056     
   3.16099999999998       -69.0372457247713       0.747084560161403     
   3.16199999999998       -69.0425930905050       0.746755223536328     
   3.16299999999998       -69.0479470388760       0.746425304386923     
   3.16399999999998       -69.0533075799260       0.746094801304483     
   3.16499999999998       -69.0586747237120       0.745763712877116     
   3.16599999999998       -69.0640484803135       0.745432037687221     
   3.16699999999998       -69.0694288598278       0.745099774312906     
   3.16799999999998       -69.0748158723707       0.744766921328304     
   3.16899999999998       -69.0802095280810       0.744433477301361     
   3.16999999999998       -69.0856098371134       0.744099440796743     
   3.17099999999998       -69.0910168096451       0.743764810373391     
   3.17199999999998       -69.0964304558694       0.743429584586603     
   3.17299999999998       -69.1018507860038       0.743093761985374     
   3.17399999999998       -69.1072778102818       0.742757341115365     
   3.17499999999998       -69.1127115389590       0.742420320516510     
   3.17599999999998       -69.1181519823100       0.742082698724043     
   3.17699999999998       -69.1235991506296       0.741744474268607     
   3.17799999999998       -69.1290530542314       0.741405645676038     
   3.17899999999998       -69.1345137034501       0.741066211467173     
   3.17999999999998       -69.1399811086409       0.740726170157313     
   3.18099999999998       -69.1454552801785       0.740385520257420     
   3.18199999999998       -69.1509362284566       0.740044260273772     
   3.18299999999998       -69.1564239638908       0.739702388706971     
   3.18399999999998       -69.1619184969150       0.739359904053367     
   3.18499999999998       -69.1674198379868       0.739016804802893     
   3.18599999999998       -69.1729279975810       0.738673089441773     
   3.18699999999998       -69.1784429861918       0.738328756451456     
   3.18799999999998       -69.1839648143386       0.737983804306288     
   3.18899999999998       -69.1894934925561       0.737638231477567     
   3.18999999999998       -69.1950290314031       0.737292036430237     
   3.19099999999998       -69.2005714414562       0.736945217624882     
   3.19199999999998       -69.2061207333148       0.736597773515971     
   3.19299999999998       -69.2116769175987       0.736249702553209     
   3.19399999999998       -69.2172400049466       0.735901003181407     
   3.19499999999998       -69.2228100060182       0.735551673840163     
   3.19599999999998       -69.2283869314969       0.735201712962663     
   3.19699999999998       -69.2339707920844       0.734851118977524     
   3.19799999999998       -69.2395615985031       0.734499890308474     
   3.19899999999998       -69.2451593614970       0.734148025373224     
   3.19999999999998       -69.2507640918323       0.733795522583912     
   3.20099999999998       -69.2563758002932       0.733442380348240     
   3.20199999999998       -69.2619944976875       0.733088597067701     
   3.20299999999998       -69.2676201948439       0.732734171138100     
   3.20399999999998       -69.2732529026112       0.732379099357057     
   3.20499999999998       -69.2788926318598       0.732023383270108     
   3.20599999999998       -69.2845393934814       0.731667019689491     
   3.20699999999998       -69.2901931983897       0.731310006989252     
   3.20799999999998       -69.2958540575179       0.730952343538123     
   3.20899999999998       -69.3015219818231       0.730594027698718     
   3.20999999999998       -69.3071969822825       0.730235057827897     
   3.21099999999998       -69.3128790698933       0.729875432278222     
   3.21199999999998       -69.3185682556770       0.729515149395061     
   3.21299999999998       -69.3242645506766       0.729154207517989     
   3.21399999999998       -69.3299679659539       0.728792604982094     
   3.21499999999998       -69.3356785125952       0.728430340115758     
   3.21599999999998       -69.3413962017068       0.728067411241955     
   3.21699999999998       -69.3471210444180       0.727703816677538     
   3.21799999999998       -69.3528530518788       0.727339554733991     
   3.21899999999998       -69.3585922352633       0.726974623715588     
   3.21999999999998       -69.3643386057643       0.726609021922829     
   3.22099999999998       -69.3700921745998       0.726242747648297     
   3.22199999999998       -69.3758529530072       0.725875799179773     
   3.22299999999998       -69.3816209522479       0.725508174798665     
   3.22399999999998       -69.3873961836035       0.725139872780570     
   3.22499999999998       -69.3931786583800       0.724770891394593     
   3.22599999999998       -69.3989683879046       0.724401228904003     
   3.22699999999997       -69.4047653835273       0.724030883565879     
   3.22799999999997       -69.4105696566188       0.723659853631656     
   3.22899999999997       -69.4163812185744       0.723288137345598     
   3.22999999999997       -69.4222000808109       0.722915732946639     
   3.23099999999997       -69.4280262547662       0.722542638667521     
   3.23199999999997       -69.4338597519044       0.722168852733608     
   3.23299999999997       -69.4397005837075       0.721794373365695     
   3.23399999999997       -69.4455487616842       0.721419198776752     
   3.23499999999997       -69.4514042973639       0.721043327174190     
   3.23599999999997       -69.4572672022988       0.720666756758940     
   3.23699999999997       -69.4631374880638       0.720289485725618     
   3.23799999999997       -69.4690151662585       0.719911512261699     
   3.23899999999997       -69.4749002485033       0.719532834548830     
   3.23999999999997       -69.4807927464426       0.719153450762072     
   3.24099999999997       -69.4866926717433       0.718773359069915     
   3.24199999999997       -69.4926000360955       0.718392557634530     
   3.24299999999997       -69.4985148512121       0.718011044611007     
   3.24399999999997       -69.5044371288305       0.717628818147905     
   3.24499999999997       -69.5103668807104       0.717245876387341     
   3.24599999999997       -69.5163041186347       0.716862217464557     
   3.24699999999997       -69.5222488544092       0.716477839508456     
   3.24799999999997       -69.5282010998640       0.716092740640603     
   3.24899999999997       -69.5341608668531       0.715706918975730     
   3.24999999999997       -69.5401281672522       0.715320372622804     
   3.25099999999997       -69.5461030129625       0.714933099682251     
   3.25199999999997       -69.5520854159064       0.714545098249514     
   3.25299999999997       -69.5580753880320       0.714156366411931     
   3.25399999999997       -69.5640729413122       0.713766902248962     
   3.25499999999997       -69.5700780877397       0.713376703835421     
   3.25599999999997       -69.5760908393343       0.712985769237338     
   3.25699999999997       -69.5821112081389       0.712594096514194     
   3.25799999999997       -69.5881392062203       0.712201683718118     
   3.25899999999997       -69.5941748456684       0.711808528894734     
   3.25999999999997       -69.6002181385984       0.711414630081802     
   3.26099999999997       -69.6062690971491       0.711019985310095     
   3.26199999999997       -69.6123277334823       0.710624592603509     
   3.26299999999997       -69.6183940597881       0.710228449977462     
   3.26399999999997       -69.6244680882749       0.709831553665219     
   3.26499999999997       -69.6305498311787       0.709433905189173     
   3.26599999999997       -69.6366393007596       0.709035500798735     
   3.26699999999997       -69.6427365093039       0.708636338479939     
   3.26799999999997       -69.6488414691185       0.708236416212917     
   3.26899999999997       -69.6549541925379       0.707835731969060     
   3.26999999999997       -69.6610746919195       0.707434283712779     
   3.27099999999997       -69.6672029796468       0.707032069400620     
   3.27199999999997       -69.6733390681269       0.706629086981634     
   3.27299999999997       -69.6794829697918       0.706225334397257     
   3.27399999999997       -69.6856346970985       0.705820809581173     
   3.27499999999997       -69.6917942625291       0.705415510459358     
   3.27599999999997       -69.6979616785904       0.705009434949791     
   3.27699999999997       -69.7041369578141       0.704602580962959     
   3.27799999999997       -69.7103201127564       0.704194946401321     
   3.27899999999997       -69.7165111560005       0.703786529159265     
   3.27999999999997       -69.7227101001523       0.703377327123749     
   3.28099999999997       -69.7289169578446       0.702967338173189     
   3.28199999999997       -69.7351317417349       0.702556560178239     
   3.28299999999997       -69.7413544645058       0.702144991001642     
   3.28399999999997       -69.7475851388658       0.701732628497614     
   3.28499999999997       -69.7538237775490       0.701319470512309     
   3.28599999999997       -69.7600703933135       0.700905514884127     
   3.28699999999997       -69.7663249989452       0.700490759442791     
   3.28799999999997       -69.7725876072543       0.700075202009594     
   3.28899999999997       -69.7788582310754       0.699658840398548     
   3.28999999999997       -69.7851368832717       0.699241672413987     
   3.29099999999997       -69.7914235767305       0.698823695852450     
   3.29199999999997       -69.7977183243645       0.698404908502091     
   3.29299999999997       -69.8040211391135       0.697985308142463     
   3.29399999999997       -69.8103320339427       0.697564892544227     
   3.29499999999997       -69.8166510218437       0.697143659469934     
   3.29599999999997       -69.8229781158332       0.696721606673468     
   3.29699999999997       -69.8293133289551       0.696298731899564     
   3.29799999999997       -69.8356566742789       0.695875032884867     
   3.29899999999997       -69.8420081649004       0.695450507356917     
   3.29999999999997       -69.8483678139420       0.695025153034290     
   3.30099999999997       -69.8547356345521       0.694598967626972     
   3.30199999999997       -69.8611116399055       0.694171948836061     
   3.30299999999997       -69.8674958432047       0.693744094353085     
   3.30399999999997       -69.8738882576759       0.693315401861732     
   3.30499999999997       -69.8802888965766       0.692885869034784     
   3.30599999999997       -69.8866977731855       0.692455493538082     
   3.30699999999997       -69.8931149008121       0.692024273026937     
   3.30799999999997       -69.8995402927910       0.691592205147389     
   3.30899999999997       -69.9059739624831       0.691159287537354     
   3.30999999999997       -69.9124159232788       0.690725517823803     
   3.31099999999997       -69.9188661885914       0.690290893626001     
   3.31199999999997       -69.9253247718662       0.689855412552157     
   3.31299999999997       -69.9317916865702       0.689419072202826     
   3.31399999999997       -69.9382669462017       0.688981868222116     
   3.31499999999997       -69.9447505642850       0.688543802042468     
   3.31599999999997       -69.9512425543700       0.688104869327912     
   3.31699999999997       -69.9577429300368       0.687665067639238     
   3.31799999999996       -69.9642517048912       0.687224394527840     
   3.31899999999996       -69.9707688925661       0.686782847535740     
   3.31999999999996       -69.9772945067232       0.686340424194613     
   3.32099999999996       -69.9838285610507       0.685897122026285     
   3.32199999999996       -69.9903710692656       0.685452938542890     
   3.32299999999996       -69.9969220451103       0.685007871246727     
   3.32399999999996       -70.0034815023576       0.684561917629267     
   3.32499999999996       -70.0100494548072       0.684115075172445     
   3.32599999999996       -70.0166259162859       0.683667341348175     
   3.32699999999996       -70.0232109006490       0.683218713617746     
   3.32799999999996       -70.0298044217813       0.682769189431778     
   3.32899999999996       -70.0364064935924       0.682318766231874     
   3.32999999999996       -70.0430171300230       0.681867441447911     
   3.33099999999996       -70.0496363450400       0.681415212500218     
   3.33199999999996       -70.0562641526400       0.680962076797737     
   3.33299999999996       -70.0629005668470       0.680508031739766     
   3.33399999999996       -70.0695456017140       0.680053074714154     
   3.33499999999996       -70.0761992713217       0.679597203098534     
   3.33599999999996       -70.0828615897807       0.679140414259391     
   3.33699999999996       -70.0895325712282       0.678682705552641     
   3.33799999999996       -70.0962122298319       0.678224074323375     
   3.33899999999996       -70.1029005797874       0.677764517905421     
   3.33999999999996       -70.1095976353172       0.677304033622717     
   3.34099999999996       -70.1163034106773       0.676842618785712     
   3.34199999999996       -70.1230179201470       0.676380270696537     
   3.34299999999996       -70.1297411780401       0.675916986643540     
   3.34399999999996       -70.1364731986945       0.675452763905946     
   3.34499999999996       -70.1432139964809       0.674987599749976     
   3.34599999999996       -70.1499635857953       0.674521491432050     
   3.34699999999996       -70.1567219810663       0.674054436196140     
   3.34799999999996       -70.1634891967514       0.673586431274168     
   3.34899999999996       -70.1702652473351       0.673117473887735     
   3.34999999999996       -70.1770501473338       0.672647561245750     
   3.35099999999996       -70.1838439112926       0.672176690545693     
   3.35199999999996       -70.1906465537845       0.671704858973660     
   3.35299999999996       -70.1974580894146       0.671232063703362     
   3.35399999999996       -70.2042785328160       0.670758301896186     
   3.35499999999996       -70.2111078986524       0.670283570702821     
   3.35599999999996       -70.2179462016175       0.669807867259906     
   3.35699999999996       -70.2247934564324       0.669331186563413     
   3.35799999999996       -70.2316496778505       0.668853529942036     
   3.35899999999996       -70.2385148806571       0.668374892410084     
   3.35999999999996       -70.2453890796628       0.667895271056959     
   3.36099999999996       -70.2522722897102       0.667414662959042     
   3.36199999999996       -70.2591645256749       0.666933065178955     
   3.36299999999996       -70.2660658024577       0.666450474768739     
   3.36399999999996       -70.2729761349934       0.665966888766190     
   3.36499999999996       -70.2798955382466       0.665482304196741     
   3.36599999999996       -70.2868240272100       0.664996718073783     
   3.36699999999996       -70.2937616169111       0.664510127396035     
   3.36799999999996       -70.3007083224049       0.664022529150399     
   3.36899999999996       -70.3076641587752       0.663533920311762     
   3.36999999999996       -70.3146291411414       0.663044297839294     
   3.37099999999996       -70.3216032846496       0.662553658681308     
   3.37199999999996       -70.3285866044787       0.662061999770989     
   3.37299999999996       -70.3355791158388       0.661569318029073     
   3.37399999999996       -70.3425808339692       0.661075610362632     
   3.37499999999996       -70.3495917741419       0.660580873665034     
   3.37599999999996       -70.3566119516594       0.660085104816077     
   3.37699999999996       -70.3636413818532       0.659588300682679     
   3.37799999999996       -70.3706800800915       0.659090458115356     
   3.37899999999996       -70.3777280617687       0.658591573953466     
   3.37999999999996       -70.3847853423108       0.658091645021916     
   3.38099999999996       -70.3918519371782       0.657590668129857     
   3.38199999999996       -70.3989278618615       0.657088640073460     
   3.38299999999996       -70.4060131318812       0.656585557635267     
   3.38399999999996       -70.4131077627915       0.656081417581982     
   3.38499999999996       -70.4202117701782       0.655576216666458     
   3.38599999999996       -70.4273251696568       0.655069951627808     
   3.38699999999996       -70.4344479768776       0.654562619188971     
   3.38799999999996       -70.4415802075206       0.654054216059246     
   3.38899999999996       -70.4487218772973       0.653544738933367     
   3.38999999999996       -70.4558730019544       0.653034184489638     
   3.39099999999996       -70.4630335972667       0.652522549393327     
   3.39199999999996       -70.4702036790434       0.652009830293095     
   3.39299999999996       -70.4773832631267       0.651496021560881     
   3.39399999999996       -70.4845723653880       0.650981124286616     
   3.39499999999996       -70.4917710017340       0.650465132863333     
   3.39599999999996       -70.4989791881037       0.649948043878058     
   3.39699999999996       -70.5061969404654       0.649429853903960     
   3.39799999999996       -70.5134242748237       0.648910559496712     
   3.39899999999996       -70.5206612072142       0.648390157197091     
   3.39999999999996       -70.5279077537053       0.647868643529360     
   3.40099999999996       -70.5351639303986       0.647346015002466     
   3.40199999999996       -70.5424297534263       0.646822268109604     
   3.40299999999996       -70.5497052389571       0.646297399326023     
   3.40399999999996       -70.5569904031913       0.645771405111634     
   3.40499999999996       -70.5642852623597       0.645244281910695     
   3.40599999999996       -70.5715898327287       0.644716026150228     
   3.40699999999996       -70.5789041305986       0.644186634239790     
   3.40799999999996       -70.5862281723012       0.643656102572943     
   3.40899999999995       -70.5935619742011       0.643124427526882     
   3.40999999999995       -70.6009055526990       0.642591605460459     
   3.41099999999995       -70.6082589242260       0.642057632716662     
   3.41199999999995       -70.6156221052488       0.641522505620439     
   3.41299999999995       -70.6229951122663       0.640986220479696     
   3.41399999999995       -70.6303779618113       0.640448773585243     
   3.41499999999995       -70.6377706704511       0.639910161209730     
   3.41599999999995       -70.6451732547861       0.639370379607993     
   3.41699999999995       -70.6525857314513       0.638829425017288     
   3.41799999999995       -70.6600081171137       0.638287293657395     
   3.41899999999995       -70.6674404284758       0.637743981729635     
   3.41999999999995       -70.6748826822748       0.637199485416492     
   3.42099999999995       -70.6823348952801       0.636653800883039     
   3.42199999999995       -70.6897970842972       0.636106924275578     
   3.42299999999995       -70.6972692661629       0.635558851722168     
   3.42399999999995       -70.7047514577524       0.635009579331320     
   3.42499999999995       -70.7122436759726       0.634459100768233     
   3.42599999999995       -70.7197459377647       0.633907416893585     
   3.42699999999995       -70.7272582601053       0.633354521393821     
   3.42799999999995       -70.7347806600051       0.632800410301758     
   3.42899999999995       -70.7423131545112       0.632245079630366     
   3.42999999999995       -70.7498557607018       0.631688525374244     
   3.43099999999995       -70.7574084956926       0.631130743507719     
   3.43199999999995       -70.7649713766344       0.630571729984635     
   3.43299999999995       -70.7725444207104       0.630011480740556     
   3.43399999999995       -70.7801276451422       0.629449991689167     
   3.43499999999995       -70.7877210671836       0.628887258725237     
   3.43599999999995       -70.7953247041238       0.628323277723106     
   3.43699999999995       -70.8029385732883       0.627758044536112     
   3.43799999999995       -70.8105626920391       0.627191554996433     
   3.43899999999995       -70.8181970777708       0.626623804916304     
   3.43999999999995       -70.8258417479129       0.626054790087787     
   3.44099999999995       -70.8334967199338       0.625484506280056     
   3.44199999999995       -70.8411620113344       0.624912949242080     
   3.44299999999995       -70.8488376396534       0.624340114701096     
   3.44399999999995       -70.8565236224617       0.623765998363744     
   3.44499999999995       -70.8642199773701       0.623190595913162     
   3.44599999999995       -70.8719267220230       0.622613903011805     
   3.44699999999995       -70.8796438741010       0.622035915299847     
   3.44799999999995       -70.8873714513200       0.621456628395394     
   3.44899999999995       -70.8951094714323       0.620876037894027     
   3.44999999999995       -70.9028579522263       0.620294139369165     
   3.45099999999995       -70.9106169115273       0.619710928370456     
   3.45199999999995       -70.9183863671957       0.619126397913919     
   3.45299999999995       -70.9261663371279       0.618540548460925     
   3.45399999999995       -70.9339568392576       0.617953373045983     
   3.45499999999995       -70.9417578915535       0.617364867127058     
   3.45599999999995       -70.9495695120229       0.616775026138266     
   3.45699999999995       -70.9573917187076       0.616183845490163     
   3.45799999999995       -70.9652245296867       0.615591320569443     
   3.45899999999995       -70.9730679630766       0.614997446738561     
   3.45999999999995       -70.9809220370285       0.614402219335988     
   3.46099999999995       -70.9887867697318       0.613805633675662     
   3.46199999999995       -70.9966621794134       0.613207685046072     
   3.46299999999995       -71.0045482843352       0.612608368712017     
   3.46399999999995       -71.0124451027983       0.612007679912258     
   3.46499999999995       -71.0203526531386       0.611405613861210     
   3.46599999999995       -71.0282709537296       0.610802165747467     
   3.46699999999995       -71.0362000229835       0.610197330733682     
   3.46799999999995       -71.0441398793478       0.609591103957284     
   3.46899999999995       -71.0520905413078       0.608983480529450     
   3.46999999999995       -71.0600520273875       0.608374455534731     
   3.47099999999995       -71.0680243561460       0.607764024031989     
   3.47199999999995       -71.0760075461819       0.607152181052783     
   3.47299999999995       -71.0840016161300       0.606538921601912     
   3.47399999999995       -71.0920065846635       0.605924240657643     
   3.47499999999995       -71.1000224704923       0.605308133170770     
   3.47599999999995       -71.1080492923649       0.604690594063985     
   3.47699999999995       -71.1160870690674       0.604071615562128     
   3.47799999999995       -71.1241358194242       0.603451197798390     
   3.47899999999995       -71.1321955622962       0.602829333015010     
   3.47999999999995       -71.1402663165833       0.602206016022790     
   3.48099999999995       -71.1483481012233       0.601581241604138     
   3.48199999999995       -71.1564409351927       0.600955004511976     
   3.48299999999995       -71.1645448375042       0.600327299471440     
   3.48399999999995       -71.1726598272108       0.599698121177006     
   3.48499999999995       -71.1807859234023       0.599067464294406     
   3.48599999999995       -71.1889231452082       0.598435323458981     
   3.48699999999995       -71.1970715117947       0.597801693276805     
   3.48799999999995       -71.2052310423694       0.597166568322045     
   3.48899999999995       -71.2134017561736       0.596529943141086     
   3.48999999999995       -71.2215836724914       0.595891812247124     
   3.49099999999995       -71.2297768106445       0.595252170122687     
   3.49199999999995       -71.2379811899931       0.594611011219614     
   3.49299999999995       -71.2461968299344       0.593968329958315     
   3.49399999999995       -71.2544237499066       0.593324120726944     
   3.49499999999995       -71.2626619693880       0.592678377880643     
   3.49599999999995       -71.2709115078908       0.592031095744503     
   3.49699999999995       -71.2791723849700       0.591382268609087     
   3.49799999999995       -71.2874446202204       0.590731890732063     
   3.49899999999995       -71.2957282332734       0.590079953534307     
   3.49999999999994       -71.3040232438003       0.589426456731979     
   3.50099999999994       -71.3123296715127       0.588771391759803     
   3.50199999999994       -71.3206475361600       0.588114752741339     
   3.50299999999994       -71.3289768575320       0.587456533765643     
   3.50399999999994       -71.3373176554575       0.586796728886945     
   3.50499999999994       -71.3456699498031       0.586135332125564     
   3.50599999999994       -71.3540337604781       0.585472337465078     
   3.50699999999994       -71.3624091074283       0.584807738854780     
   3.50799999999994       -71.3707960106418       0.584141530206563     
   3.50899999999994       -71.3791944901440       0.583473705397745     
   3.50999999999994       -71.3876045660015       0.582804258267955     
   3.51099999999994       -71.3960262583201       0.582133182620530     
   3.51199999999994       -71.4044595872437       0.581460472222171     
   3.51299999999994       -71.4129045729606       0.580786120800151     
   3.51399999999994       -71.4213612356931       0.580110122046979     
   3.51499999999994       -71.4298295957091       0.579432469613398     
   3.51599999999994       -71.4383096733129       0.578753157114302     
   3.51699999999994       -71.4468014888492       0.578072178125186     
   3.51799999999994       -71.4553050627036       0.577389523313160     
   3.51899999999994       -71.4638204153028       0.576705191820513     
   3.51999999999994       -71.4723475671117       0.576019174323500     
   3.52099999999994       -71.4808865386355       0.575331464238419     
   3.52199999999994       -71.4894373504219       0.574642054940491     
   3.52299999999994       -71.4980000230573       0.573950939763892     
   3.52399999999994       -71.5065745771693       0.573258112001412     
   3.52499999999994       -71.5151610334239       0.572563564905086     
   3.52599999999994       -71.5237594125302       0.571867291683303     
   3.52699999999994       -71.5323697352368       0.571169285502378     
   3.52799999999994       -71.5409920223310       0.570469539486532     
   3.52899999999994       -71.5496262946454       0.569768046714746     
   3.52999999999994       -71.5582725730481       0.569064800224049     
   3.53099999999994       -71.5669308784510       0.568359793006343     
   3.53199999999994       -71.5756012318061       0.567653018008939     
   3.53299999999994       -71.5842836541050       0.566944468134737     
   3.53399999999994       -71.5929781663823       0.566234136239969     
   3.53499999999994       -71.6016847897116       0.565522015136295     
   3.53599999999994       -71.6104035452082       0.564808094579454     
   3.53699999999994       -71.6191344540287       0.564092373204440     
   3.53799999999994       -71.6278775373701       0.563374840770158     
   3.53899999999994       -71.6366328164695       0.562655489899996     
   3.53999999999994       -71.6454003126076       0.561934313167861     
   3.54099999999994       -71.6541800471048       0.561211303100164     
   3.54199999999994       -71.6629720413204       0.560486452174311     
   3.54299999999994       -71.6717763166587       0.559759752817169     
   3.54399999999994       -71.6805928945640       0.559031197405920     
   3.54499999999994       -71.6894217965209       0.558300778267594     
   3.54599999999994       -71.6982630440557       0.557568487677447     
   3.54699999999994       -71.7071166587359       0.556834317859927     
   3.54799999999994       -71.7159826621703       0.556098260986750     
   3.54899999999994       -71.7248610760099       0.555360309177221     
   3.54999999999994       -71.7337519219468       0.554620454497188     
   3.55099999999994       -71.7426552217137       0.553878688959595     
   3.55199999999994       -71.7515709970851       0.553135001409003     
   3.55299999999994       -71.7604992698769       0.552389389866915     
   3.55399999999994       -71.7694400619485       0.551641843172380     
   3.55499999999994       -71.7783933951966       0.550892353118504     
   3.55599999999994       -71.7873592915650       0.550140911439488     
   3.55699999999994       -71.7963377730331       0.549387509815099     
   3.55799999999994       -71.8053288616267       0.548632139865236     
   3.55899999999994       -71.8143325794116       0.547874793152330     
   3.55999999999994       -71.8233489484949       0.547115461180404     
   3.56099999999994       -71.8323779910254       0.546354135393163     
   3.56199999999994       -71.8414197291935       0.545590807175045     
   3.56299999999994       -71.8504741852328       0.544825467848629     
   3.56399999999994       -71.8595413814168       0.544058108676208     
   3.56499999999994       -71.8686213400611       0.543288720857371     
   3.56599999999994       -71.8777140835239       0.542517295529401     
   3.56699999999994       -71.8868196342055       0.541743820501475     
   3.56799999999994       -71.8959380145457       0.540968293192148     
   3.56899999999994       -71.9050692470287       0.540190701396455     
   3.56999999999994       -71.9142133541797       0.539411035994561     
   3.57099999999994       -71.9233703585654       0.538629287798690     
   3.57199999999994       -71.9325402827943       0.537845447555118     
   3.57299999999994       -71.9417231495185       0.537059505942015     
   3.57399999999994       -71.9509189814276       0.536271453570335     
   3.57499999999994       -71.9601278012576       0.535481280980794     
   3.57599999999994       -71.9693496317859       0.534688978643095     
   3.57699999999994       -71.9785844958285       0.533894536959065     
   3.57799999999994       -71.9878324162478       0.533097946256515     
   3.57899999999994       -71.9970934159435       0.532299196793007     
   3.57999999999994       -72.0063675178614       0.531498275427155     
   3.58099999999994       -72.0156547449861       0.530695178789541     
   3.58199999999994       -72.0249551203452       0.529889893713152     
   3.58299999999994       -72.0342686670091       0.529082410157215     
   3.58399999999994       -72.0435954080885       0.528272718003877     
   3.58499999999994       -72.0529353667386       0.527460807058104     
   3.58599999999994       -72.0622885661529       0.526646667047467     
   3.58699999999994       -72.0716550295680       0.525830287619789     
   3.58799999999994       -72.0810347802653       0.525011658341491     
   3.58899999999994       -72.0904278415642       0.524190768700114     
   3.58999999999994       -72.0998342368280       0.523367608100054     
   3.59099999999993       -72.1092539894607       0.522542165863368     
   3.59199999999993       -72.1186871229093       0.521714427840529     
   3.59299999999993       -72.1281336606614       0.520884389823334     
   3.59399999999993       -72.1375936262479       0.520052037620921     
   3.59499999999993       -72.1470670432406       0.519217360213751     
   3.59599999999993       -72.1565539352515       0.518380346494011     
   3.59699999999993       -72.1660543259381       0.517540985263491     
   3.59799999999993       -72.1755682389958       0.516699265235305     
   3.59899999999993       -72.1850956981644       0.515855175030641     
   3.59999999999993       -72.1946367272234       0.515008703178733     
   3.60099999999993       -72.2041913499954       0.514159838114747     
   3.60199999999993       -72.2137595903438       0.513308568179644     
   3.60299999999993       -72.2233414721733       0.512454878181080     
   3.60399999999993       -72.2329370194319       0.511598762999111     
   3.60499999999993       -72.2425462561053       0.510740207383446     
   3.60599999999993       -72.2521692062265       0.509879199283285     
   3.60699999999993       -72.2618058938637       0.509015726549163     
   3.60799999999993       -72.2714563431307       0.508149776927917     
   3.60899999999993       -72.2811205781814       0.507281338063643     
   3.60999999999993       -72.2907986232110       0.506410397495996     
   3.61099999999993       -72.3004905024548       0.505536942658960     
   3.61199999999993       -72.3101962401920       0.504660960878432     
   3.61299999999993       -72.3199158607405       0.503782439372116     
   3.61399999999993       -72.3296493884596       0.502901361638632     
   3.61499999999993       -72.3393968477515       0.502017721736338     
   3.61599999999993       -72.3491582630578       0.501131503088468     
   3.61699999999993       -72.3589336588615       0.500242692462818     
   3.61799999999993       -72.3687230596846       0.499351276512713     
   3.61899999999993       -72.3785264900939       0.498457241772017     
   3.61999999999993       -72.3883439746944       0.497560574656479     
   3.62099999999993       -72.3981755381312       0.496661261461250     
   3.62199999999993       -72.4080212050919       0.495759288358651     
   3.62299999999993       -72.4178810003035       0.494854637806386     
   3.62399999999993       -72.4277549485337       0.493947302748792     
   3.62499999999993       -72.4376430745902       0.493037265544256     
   3.62599999999993       -72.4475454033226       0.492124511858205     
   3.62699999999993       -72.4574619596187       0.491209027226627     
   3.62799999999993       -72.4673927684075       0.490290797052075     
   3.62899999999993       -72.4773378546581       0.489369806602111     
   3.62999999999993       -72.4872972433801       0.488446041008142     
   3.63099999999993       -72.4972709596216       0.487519485263726     
   3.63199999999993       -72.5072590284724       0.486590120548245     
   3.63299999999993       -72.5172614750597       0.485657938748335     
   3.63399999999993       -72.5272783245525       0.484722920919475     
   3.63499999999993       -72.5373096021582       0.483785051481209     
   3.63599999999993       -72.5473553331242       0.482844314704309     
   3.63699999999993       -72.5574155427369       0.481900694709298     
   3.63799999999993       -72.5674902563219       0.480954175463790     
   3.63899999999993       -72.5775794992444       0.480004740779878     
   3.63999999999993       -72.5876832969077       0.479052374313069     
   3.64099999999993       -72.5978016747545       0.478097055696269     
   3.64199999999993       -72.6079346582675       0.477138775801949     
   3.64299999999993       -72.6180822729657       0.476177514113467     
   3.64399999999993       -72.6282445444076       0.475213253633307     
   3.64499999999993       -72.6384214981906       0.474245977193554     
   3.64599999999993       -72.6486131599510       0.473275667454409     
   3.64699999999993       -72.6588195553617       0.472302306901805     
   3.64799999999993       -72.6690407101328       0.471325874055700     
   3.64899999999993       -72.6792766500163       0.470346358434673     
   3.64999999999993       -72.6895274007977       0.469363738374724     
   3.65099999999993       -72.6997929883017       0.468377995636542     
   3.65199999999993       -72.7100734383908       0.467389111791359     
   3.65299999999993       -72.7203687769653       0.466397068219475     
   3.65399999999993       -72.7306790299606       0.465401846107309     
   3.65499999999993       -72.7410042233501       0.464403426443836     
   3.65599999999993       -72.7513443831450       0.463401786022346     
   3.65699999999993       -72.7616995353921       0.462396913210916     
   3.65799999999993       -72.7720697061743       0.461388784587157     
   3.65899999999993       -72.7824549216113       0.460377380317663     
   3.65999999999993       -72.7928552078603       0.459362680354698     
   3.66099999999993       -72.8032705911122       0.458344664434111     
   3.66199999999993       -72.8137010975947       0.457323308179125     
   3.66299999999993       -72.8241467535713       0.456298598456076     
   3.66399999999993       -72.8346075853401       0.455270510631264     
   3.66499999999993       -72.8450836192352       0.454239023534048     
   3.66599999999993       -72.8555748816247       0.453204115758589     
   3.66699999999993       -72.8660813989134       0.452165765657551     
   3.66799999999993       -72.8766031975388       0.451123951341762     
   3.66899999999993       -72.8871403039738       0.450078646599435     
   3.66999999999993       -72.8976927447249       0.449029836964150     
   3.67099999999993       -72.9082605463327       0.447977495925970     
   3.67199999999993       -72.9188437353709       0.446921600577000     
   3.67299999999993       -72.9294423384483       0.445862127742390     
   3.67399999999993       -72.9400563822060       0.444799053977497     
   3.67499999999993       -72.9506858933176       0.443732351439125     
   3.67599999999993       -72.9613308984912       0.442662004143488     
   3.67699999999993       -72.9719914244634       0.441587983903172     
   3.67799999999993       -72.9826674980095       0.440510266141488     
   3.67899999999993       -72.9933591459313       0.439428825989498     
   3.67999999999993       -73.0040663950649       0.438343638276747     
   3.68099999999992       -73.0147892722773       0.437254673273559     
   3.68199999999992       -73.0255278044668       0.436161913452881     
   3.68299999999992       -73.0362820185627       0.435065328688366     
   3.68399999999992       -73.0470519415251       0.433964892551233     
   3.68499999999992       -73.0578376003438       0.432860578283389     
   3.68599999999992       -73.0686390220400       0.431752354572809     
   3.68699999999992       -73.0794562336646       0.430640202170059     
   3.68799999999992       -73.0902892622966       0.429524089310227     
   3.68899999999992       -73.1011381350453       0.428403987854546     
   3.68999999999992       -73.1120028790487       0.427279869302791     
   3.69099999999992       -73.1228835214732       0.426151700537935     
   3.69199999999992       -73.1337800895129       0.425019460552873     
   3.69299999999992       -73.1446926103929       0.423883115714771     
   3.69399999999992       -73.1556211113628       0.422742636005568     
   3.69499999999992       -73.1665656196993       0.421597991007837     
   3.69599999999992       -73.1775261627075       0.420449145554095     
   3.69699999999992       -73.1885027677202       0.419296076822531     
   3.69799999999992       -73.1994954620925       0.418138749065289     
   3.69899999999992       -73.2105042732099       0.416977130188740     
   3.69999999999992       -73.2215292284805       0.415811183421800     
   3.70099999999992       -73.2325703553380       0.414640883988548     
   3.70199999999992       -73.2436276812418       0.413466194465737     
   3.70299999999992       -73.2547012336750       0.412287080944509     
   3.70399999999992       -73.2657910401436       0.411103509039775     
   3.70499999999992       -73.2768971281800       0.409915439411068     
   3.70599999999992       -73.2880195253371       0.408722845323059     
   3.70699999999992       -73.2991582591920       0.407525686705149     
   3.70799999999992       -73.3103133573423       0.406323927157734     
   3.70899999999992       -73.3214848474123       0.405117525273981     
   3.70999999999992       -73.3326727570406       0.403906452224845     
   3.71099999999992       -73.3438771138929       0.402690665791031     
   3.71199999999992       -73.3550979456528       0.401470127376570     
   3.71299999999992       -73.3663352800244       0.400244793271123     
   3.71399999999992       -73.3775891447313       0.399014632466250     
   3.71499999999992       -73.3888595675170       0.397779600347052     
   3.71599999999992       -73.4001465761431       0.396539655921713     
   3.71699999999992       -73.4114501983886       0.395294752907968     
   3.71799999999992       -73.4227704620544       0.394044858017725     
   3.71899999999992       -73.4341073949522       0.392789923968353     
   3.71999999999992       -73.4454610249161       0.391529902628723     
   3.72099999999992       -73.4568313797928       0.390264758394536     
   3.72199999999992       -73.4682184874473       0.388994442037287     
   3.72299999999992       -73.4796223757583       0.387718907810526     
   3.72399999999992       -73.4910430726187       0.386438104480747     
   3.72499999999992       -73.5024806059363       0.385151993930505     
   3.72599999999992       -73.5139350036327       0.383860523709100     
   3.72699999999992       -73.5254062936431       0.382563640289409     
   3.72799999999992       -73.5368945039126       0.381261303044308     
   3.72899999999992       -73.5483996624003       0.379953457116356     
   3.72999999999992       -73.5599217970763       0.378640046466455     
   3.73099999999992       -73.5714609359210       0.377321027855612     
   3.73199999999992       -73.5830171069239       0.375996343792339     
   3.73299999999992       -73.5945903380837       0.374665935485773     
   3.73399999999992       -73.6061806574121       0.373329756967162     
   3.73499999999992       -73.6177880929232       0.371987747861358     
   3.73599999999992       -73.6294126726415       0.370639846363446     
   3.73699999999992       -73.6410544245995       0.369286003641074     
   3.73799999999992       -73.6527133768317       0.367926156162765     
   3.73899999999992       -73.6643895573828       0.366560238825943     
   3.73999999999992       -73.6760829942989       0.365188199776350     
   3.74099999999992       -73.6877937156318       0.363809967325605     
   3.74199999999992       -73.6995217494373       0.362425486866785     
   3.74299999999992       -73.7112671237707       0.361034689240182     
   3.74399999999992       -73.7230298666929       0.359637503470207     
   3.74499999999992       -73.7348100062652       0.358233871608917     
   3.74599999999992       -73.7466075705472       0.356823715725868     
   3.74699999999992       -73.7584225875997       0.355406974907065     
   3.74799999999992       -73.7702550854837       0.353983573380919     
   3.74899999999992       -73.7821050922557       0.352553433271220     
   3.74999999999992       -73.7939726359705       0.351116489927752     
   3.75099999999992       -73.8058577446808       0.349672657937689     
   3.75199999999992       -73.8177604464339       0.348221869396285     
   3.75299999999992       -73.8296807692708       0.346764035868130     
   3.75399999999992       -73.8416187412274       0.345299086066783     
   3.75499999999992       -73.8535743903351       0.343826928277097     
   3.75599999999992       -73.8655477446132       0.342347487688568     
   3.75699999999992       -73.8775388320773       0.340860669037416     
   3.75799999999992       -73.8895476807277       0.339366393827543     
   3.75899999999992       -73.9015743185601       0.337864562960505     
   3.75999999999992       -73.9136187735559       0.336355094072022     
   3.76099999999992       -73.9256810736840       0.334837883926605     
   3.76199999999992       -73.9377612469006       0.333312846094612     
   3.76299999999992       -73.9498593211482       0.331779872871166     
   3.76399999999992       -73.9619753243554       0.330238873542432     
   3.76499999999992       -73.9741092844307       0.328689735581700     
   3.76599999999992       -73.9862612292704       0.327132363752663     
   3.76699999999992       -73.9984311867483       0.325566640319776     
   3.76799999999992       -74.0106191847221       0.323992460209687     
   3.76899999999992       -74.0228252510285       0.322409715218529     
   3.76999999999992       -74.0350494134821       0.320818279823131     
   3.77099999999992       -74.0472916998756       0.319218045449660     
   3.77199999999991       -74.0595521379786       0.317608880266051     
   3.77299999999991       -74.0718307555368       0.315990664860198     
   3.77399999999991       -74.0841275802686       0.314363276370084     
   3.77499999999991       -74.0964426398664       0.312726573326831     
   3.77599999999991       -74.1087759619951       0.311080426346200     
   3.77699999999991       -74.1211275742901       0.309424697204379     
   3.77799999999991       -74.1334975043572       0.307759248933818     
   3.77899999999991       -74.1458857797688       0.306083925647173     
   3.77999999999991       -74.1582924280668       0.304398582697333     
   3.78099999999991       -74.1707174767585       0.302703066121962     
   3.78199999999991       -74.1831609533156       0.300997222728089     
   3.78299999999991       -74.1956228851737       0.299280879403328     
   3.78399999999991       -74.2081032997307       0.297553873885659     
   3.78499999999991       -74.2206022243450       0.295816033796013     
   3.78599999999991       -74.2331196863346       0.294067181665384     
   3.78699999999991       -74.2456557129786       0.292307134715502     
   3.78799999999991       -74.2582103315076       0.290535704636395     
   3.78899999999991       -74.2707835691137       0.288752697339069     
   3.78999999999991       -74.2833754529385       0.286957917999536     
   3.79099999999991       -74.2959860100798       0.285151149623529     
   3.79199999999991       -74.3086152675851       0.283332184514662     
   3.79299999999991       -74.3212632524513       0.281500802790501     
   3.79399999999991       -74.3339299916262       0.279656771949266     
   3.79499999999991       -74.3466155120006       0.277799868124417     
   3.79599999999991       -74.3593198404157       0.275929843429189     
   3.79699999999991       -74.3720430036525       0.274046447059852     
   3.79799999999991       -74.3847850284370       0.272149419525715     
   3.79899999999991       -74.3975459414340       0.270238492223424     
   3.79999999999991       -74.4103257692501       0.268313381466874     
   3.80099999999991       -74.4231245384263       0.266373809847084     
   3.80199999999991       -74.4359422754429       0.264419473202919     
   3.80299999999991       -74.4487790067126       0.262450056050144     
   3.80399999999991       -74.4616347585816       0.260465247514120     
   3.80499999999991       -74.4745095573256       0.258464708243880     
   3.80599999999991       -74.4874034291519       0.256448085385164     
   3.80699999999991       -74.5003164001945       0.254415029284044     
   3.80799999999991       -74.5132484965126       0.252365153207821     
   3.80899999999991       -74.5261997440894       0.250298072032922     
   3.80999999999991       -74.5391701688312       0.248213384091223     
   3.81099999999991       -74.5521597965643       0.246110653814692     
   3.81199999999991       -74.5651686530333       0.243989444122988     
   3.81299999999991       -74.5781967638998       0.241849292841577     
   3.81399999999991       -74.5912441547397       0.239689717146207     
   3.81499999999991       -74.6043108510424       0.237510212243145     
   3.81599999999991       -74.6173968782081       0.235310249940801     
   3.81699999999991       -74.6305022615456       0.233089277102943     
   3.81799999999991       -74.6436270262707       0.230846713966692     
   3.81899999999991       -74.6567711975045       0.228581952308381     
   3.81999999999991       -74.6699348002707       0.226294347550798     
   3.82099999999991       -74.6831178594933       0.223983239943440     
   3.82199999999991       -74.6963203999958       0.221647911488214     
   3.82299999999991       -74.7095424464993       0.219287629850077     
   3.82399999999991       -74.7227840236166       0.216901598665668     
   3.82499999999991       -74.7360451558556       0.214488995673381     
   3.82599999999991       -74.7493258676117       0.212048945519549     
   3.82699999999991       -74.7626261831707       0.209580521892391     
   3.82799999999991       -74.7759461267027       0.207082737159643     
   3.82899999999991       -74.7892857222610       0.204554561900180     
   3.82999999999991       -74.8026449937804       0.201994877340540     
   3.83099999999991       -74.8160239650742       0.199402511804258     
   3.83199999999991       -74.8294226598318       0.196776209963008     
   3.83299999999991       -74.8428411016171       0.194114631621589     
   3.83399999999991       -74.8562793138658       0.191416337256308     
   3.83499999999991       -74.8697373198811       0.188679803323913     
   3.83599999999991       -74.8832151428345       0.185903368638521     
   3.83699999999991       -74.8967128057606       0.183085259303702     
   3.83799999999991       -74.9102303315565       0.180223575505210     
   3.83899999999991       -74.9237677429780       0.177316238031876     
   3.83999999999991       -74.9373250626363       0.174361008028036     
   3.84099999999991       -74.9509023129976       0.171355460219976     
   3.84199999999991       -74.9644995163788       0.168296946002857     
   3.84299999999991       -74.9781166949457       0.165182565462315     
   3.84399999999991       -74.9917538707092       0.162009153706646     
   3.84499999999991       -75.0054110655241       0.158773209840388     
   3.84599999999991       -75.0190883010844       0.155470896463837     
   3.84699999999991       -75.0327855989228       0.152097945785988     
   3.84799999999991       -75.0465029804055       0.148649593420089     
   3.84899999999991       -75.0602404667304       0.145120530920492     
   3.84999999999991       -75.0739980789264       0.141504781562095     
   3.85099999999991       -75.0877758378454       0.137795585794164     
   3.85199999999991       -75.1015737641642       0.133985236352721     
   3.85299999999991       -75.1153918783794       0.130064927843847     
   3.85399999999991       -75.1292302008036       0.126024458437168     
   3.85499999999991       -75.1430887515649       0.121851960264750     
   3.85599999999991       -75.1569675506006       0.117533433616876     
   3.85699999999991       -75.1708666176571       0.113052247429378     
   3.85799999999991       -75.1847859722847       0.108388300504698     
   3.85899999999991       -75.1987256338352       0.103516988175217     
   3.85999999999991       -75.2126856214590       9.840761864149646E-002
   3.86099999999991       -75.2266659541010       9.302107753283566E-002
   3.86199999999991       -75.2406666504978       8.730618803526724E-002
   3.86299999999990       -75.2546877291751       8.119376643966210E-002
   3.86399999999990       -75.2687292084428       7.458628708028965E-002
   3.86499999999990       -75.2827911063933       6.733832690820889E-002
   3.86599999999990       -75.2968734408963       5.921535862227848E-002
   3.86699999999990       -75.3109762295970       4.979121818329842E-002
   3.86799999999990       -75.3250994899120       3.811313258431274E-002
   3.86899999999990       -75.3392432390240       2.066286084182323E-002
   3.86999999999990       -75.3534048567835       1.776168590095217E-005
   3.87099999999990       -75.3675728673714       6.538872090344761E-006
   3.87199999999990       -75.3817459333344       4.004251219269506E-006
   3.87299999999990       -75.3959240537865       2.882945765669831E-006
   3.87399999999990       -75.4101072278374       2.255380322169209E-006
   3.87499999999990       -75.4242954545972       1.847642532970539E-006
   3.87599999999990       -75.4384887331717       1.565521425458035E-006
   3.87699999999990       -75.4526870626701       1.342175746543717E-006
   3.87799999999990       -75.4668904421940       1.143433449479758E-006
   3.87899999999990       -75.4810988708472       9.711147188247911E-007
   3.87999999999990       -75.4953123477300       8.178485908505451E-007
   3.88099999999990       -75.5095308719432       6.841037141584275E-007
   3.88199999999990       -75.5237544425836       5.635023182145223E-007
   3.88299999999990       -75.5379830587482       4.621389246839414E-007
   3.88399999999990       -75.5522167195328       3.735328193791669E-007
   3.88499999999990       -75.5664554240290       2.975530167074562E-007
   3.88599999999990       -75.5806991713281       2.336042857672046E-007
   3.88699999999990       -75.5949479605212       1.833416551910716E-007
   3.88799999999990       -75.6092017906969       1.419297218641091E-007
   3.88899999999990       -75.6234606609406       1.083722303748165E-007
   3.88999999999990       -75.6377245703384       8.162016780962252E-008
   3.89099999999990       -75.6519935179751       6.063351961257031E-008
   3.89199999999990       -75.6662675029314       4.442856793573924E-008
   3.89299999999990       -75.6805465242885       3.211006571746111E-008
   3.89399999999990       -75.6948305811255       2.289036708328733E-008
   3.89499999999990       -75.7091196725188       1.609551836256884E-008
   3.89599999999990       -75.7234137975450       1.116292950668433E-008
   3.89699999999990       -75.7377129552771       7.636088613279432E-009
   3.89799999999990       -75.7520171447902       5.151995644917899E-009
   3.89899999999990       -75.7663263651523       3.428139994099411E-009
   3.89999999999990       -75.7806406154356       2.249275136515886E-009
   3.90099999999990       -75.7949598947073       1.455375560806734E-009
   3.90199999999990       -75.8092842020343       9.281798292922380E-010
   3.90299999999990       -75.8236135364785       5.831081913617216E-010
   3.90399999999990       -75.8379478971070       3.603122985159264E-010
   3.90499999999990       -75.8522872829785       2.252012280360797E-010
   3.90599999999990       -75.8666316931572       1.387319888597934E-010
   3.90699999999990       -75.8809811266964       8.331916638108321E-011
   3.90799999999990       -75.8953355826579       4.858820753147105E-011
   3.90899999999990       -75.9096950600942       2.735963307761343E-011
   3.90999999999990       -75.9240595580584       1.426766112662866E-011
   3.91099999999990       -75.9384290756066       6.214177320866081E-012
   3.91199999999990       -75.9528036117865       1.857551149934503E-012
   3.91299999999990       -75.9671831656476       1.136646332611235E-012
   3.91399999999990       -75.9815677362394       2.505662344276516E-012
   3.91499999999990       -75.9959573226077       2.753945220016855E-012
   3.91599999999990       -76.0103519237957       3.359904946857265E-012
   3.91699999999990       -76.0247515388473       3.599046986361524E-012
   3.91799999999990       -76.0391561668049       3.377890559856193E-012
   3.91899999999990       -76.0535658067060       3.463155688147405E-012
   3.91999999999990       -76.0679804575910       3.415934202166682E-012
   3.92099999999990       -76.0824001184975       3.495648215334768E-012
   3.92199999999990       -76.0968247884589       3.380259035642060E-012
   3.92299999999990       -76.1112544665103       3.309130747197742E-012
   3.92399999999990       -76.1256891516841       3.006335920948307E-012
   3.92499999999990       -76.1401288430104       2.960927799241138E-012
   3.92599999999990       -76.1545735395169       2.969180457057519E-012
   3.92699999999990       -76.1690232402341       2.134588802012634E-012
   3.92799999999990       -76.1834779441877       2.306969430302767E-012
   3.92899999999990       -76.1979376504017       2.613946096611623E-012
   3.92999999999990       -76.2124023578979       2.693401057740630E-012
   3.93099999999990       -76.2268720657018       2.919072391212770E-012
   3.93199999999990       -76.2413467728282       2.626047527580037E-012
   3.93299999999990       -76.2558264783006       2.467618701966027E-012
   3.93399999999990       -76.2703111811317       2.543965038626084E-012
   3.93499999999990       -76.2848008803405       2.583266933697814E-012
   3.93599999999990       -76.2992955749386       2.440677289901790E-012
   3.93699999999990       -76.3137952639398       2.425578256766888E-012
   3.93799999999990       -76.3282999463531       2.387534614456399E-012
   3.93899999999990       -76.3428096211903       2.849942504212777E-012
   3.93999999999990       -76.3573242874596       3.039309544779675E-012
   3.94099999999990       -76.3718439441652       3.253915655439717E-012
   3.94199999999990       -76.3863685903152       2.998305307736852E-012
   3.94299999999990       -76.4008982249076       2.815118508673701E-012
   3.94399999999990       -76.4154328469496       2.956190847669404E-012
   3.94499999999990       -76.4299724554374       2.879696481272731E-012
   3.94599999999990       -76.4445170493737       2.597588810715479E-012
   3.94699999999990       -76.4590666277540       2.783588174774347E-012
   3.94799999999990       -76.4736211895736       2.720712544146409E-012
   3.94899999999990       -76.4881807338281       2.586005483825223E-012
   3.94999999999990       -76.5027452595086       2.495374277581656E-012
   3.95099999999990       -76.5173147656083       2.484161025032942E-012
   3.95199999999990       -76.5318892511156       2.256713334721402E-012
   3.95299999999990       -76.5464687150194       2.506328478091291E-012
   3.95399999999989       -76.5610531563079       2.802980070271133E-012
   3.95499999999989       -76.5756425739643       2.548813012500280E-012
   3.95599999999989       -76.5902369669752       2.569426153324154E-012
   3.95699999999989       -76.6048363343187       2.399414000819888E-012
   3.95799999999989       -76.6194406749792       2.375877272697835E-012
   3.95899999999989       -76.6340499879354       2.409813089817211E-012
   3.95999999999989       -76.6486642721642       2.708611113177994E-012
   3.96099999999989       -76.6632835266450       2.222851532470334E-012
   3.96199999999989       -76.6779077503504       2.240059989352024E-012
   3.96299999999989       -76.6925369422517       2.156423188163596E-012
   3.96399999999989       -76.7071711013241       2.315666177328997E-012
   3.96499999999989       -76.7218102265386       1.900368751250880E-012
   3.96599999999989       -76.7364543168612       2.245426067304379E-012
   3.96699999999989       -76.7511033712619       2.081372111698935E-012
   3.96799999999989       -76.7657573887070       1.873168287147564E-012
   3.96899999999989       -76.7804163681593       2.019199622319926E-012
   3.96999999999989       -76.7950803085830       1.679804443692016E-012
   3.97099999999989       -76.8097492089403       1.945887895260512E-012
   3.97199999999989       -76.8244230681901       1.793047192203782E-012
   3.97299999999989       -76.8391018852904       1.711926896537837E-012
   3.97399999999989       -76.8537856592024       1.962504233195735E-012
   3.97499999999989       -76.8684743888775       2.212674488077937E-012
   3.97599999999989       -76.8831680732738       1.851518938167374E-012
   3.97699999999989       -76.8978667113411       1.978195385277104E-012
   3.97799999999989       -76.9125703020327       1.813142228949497E-012
   3.97899999999989       -76.9272788442967       1.966649065821002E-012
   3.97999999999989       -76.9419923370854       1.662262919902939E-012
   3.98099999999989       -76.9567107793402       1.645165485323711E-012
   3.98199999999989       -76.9714341700114       1.711482807327987E-012
   3.98299999999989       -76.9861625080409       1.666000670752510E-012
   3.98399999999989       -77.0008957923717       1.804408474489113E-012
   3.98499999999989       -77.0156340219473       1.792825147598857E-012
   3.98599999999989       -77.0303771957030       1.950772876568863E-012
   3.98699999999989       -77.0451253125822       1.905660814334927E-012
   3.98799999999989       -77.0598783715171       2.127261330050108E-012
   3.98899999999989       -77.0746363714475       1.806887972577442E-012
   3.98999999999989       -77.0893993113048       1.661485763785701E-012
   3.99099999999989       -77.1041671900201       2.036297056899154E-012
   3.99199999999989       -77.1189400065291       1.860363714930221E-012
   3.99299999999989       -77.1337177597579       1.950476817095629E-012
   3.99399999999989       -77.1485004486357       1.945332783748199E-012
   3.99499999999989       -77.1632880720901       1.672217919690411E-012
   3.99599999999989       -77.1780806290458       1.739053345772845E-012
   3.99699999999989       -77.1928781184254       1.821949998278190E-012
   3.99799999999989       -77.2076805391526       1.703563216418994E-012
   3.99899999999989       -77.2224878901512       1.711741859367066E-012
