   3.00000000000000       -68.9116210500234       0.766455326465791     
   3.00100000000000       -68.9164622134070       0.766180214325435     
   3.00200000000000       -68.9213088636636       0.765904667166796     
   3.00300000000000       -68.9261610082828       0.765628684225827     
   3.00400000000000       -68.9310186547670       0.765352264581919     
   3.00500000000000       -68.9358818106330       0.765075407310808     
   3.00600000000000       -68.9407504834087       0.764798111486670     
   3.00700000000000       -68.9456246806365       0.764520376180239     
   3.00800000000000       -68.9505044098693       0.764242200460514     
   3.00900000000000       -68.9553896786757       0.763963583392970     
   3.01000000000000       -68.9602804946367       0.763684524040476     
   3.01100000000000       -68.9651768653438       0.763405021464224     
   3.01200000000000       -68.9700787984038       0.763125074722004     
   3.01300000000000       -68.9749863014375       0.762844682868372     
   3.01400000000000       -68.9798993820757       0.762563844956462     
   3.01500000000000       -68.9848180479644       0.762282560035742     
   3.01600000000000       -68.9897423067630       0.762000827153154     
   3.01700000000000       -68.9946721661435       0.761718645352928     
   3.01800000000000       -68.9996076337895       0.761436013677105     
   3.01900000000000       -69.0045487174005       0.761152931164311     
   3.02000000000000       -69.0094954246877       0.760869396850439     
   3.02100000000000       -69.0144477633751       0.760585409769249     
   3.02200000000000       -69.0194057412015       0.760300968950915     
   3.02300000000000       -69.0243693659178       0.760016073423349     
   3.02400000000000       -69.0293386452891       0.759730722211462     
   3.02500000000000       -69.0343135870931       0.759444914337463     
   3.02600000000000       -69.0392941991215       0.759158648820366     
   3.02700000000000       -69.0442804891785       0.758871924677138     
   3.02800000000000       -69.0492724650827       0.758584740921408     
   3.02900000000000       -69.0542701346659       0.758297096563781     
   3.03000000000000       -69.0592735057728       0.758008990612426     
   3.03100000000000       -69.0642825862637       0.757720422071915     
   3.03200000000000       -69.0692973840102       0.757431389944638     
   3.03300000000000       -69.0743179068974       0.757141893230286     
   3.03400000000000       -69.0793441628254       0.756851930925070     
   3.03500000000000       -69.0843761597076       0.756561502022166     
   3.03600000000000       -69.0894139054699       0.756270605512693     
   3.03700000000000       -69.0944574080545       0.755979240383444     
   3.03800000000000       -69.0995066754136       0.755687405619905     
   3.03900000000000       -69.1045617155170       0.755395100203056     
   3.04000000000000       -69.1096225363457       0.755102323112005     
   3.04100000000000       -69.1146891458949       0.754809073322499     
   3.04200000000000       -69.1197615521748       0.754515349807169     
   3.04300000000000       -69.1248397632081       0.754221151535595     
   3.04400000000000       -69.1299237870316       0.753926477474737     
   3.04500000000000       -69.1350136316967       0.753631326588350     
   3.04599999999999       -69.1401093052694       0.753335697836443     
   3.04699999999999       -69.1452108158272       0.753039590177174     
   3.04799999999999       -69.1503181714640       0.752743001105665     
   3.04899999999999       -69.1554313802851       0.752445932471838     
   3.04999999999999       -69.1605504504142       0.752148381783845     
   3.05099999999999       -69.1656753899844       0.751850347987719     
   3.05199999999999       -69.1708062071461       0.751551830025254     
   3.05299999999999       -69.1759429100622       0.751252826835387     
   3.05399999999999       -69.1810855069102       0.750953337354206     
   3.05499999999999       -69.1862340058823       0.750653360513919     
   3.05599999999999       -69.1913884151833       0.750352895244784     
   3.05699999999999       -69.1965487430345       0.750051940472561     
   3.05799999999999       -69.2017149976713       0.749750495120153     
   3.05899999999999       -69.2068871873398       0.749448558108377     
   3.05999999999999       -69.2120653203063       0.749146128352977     
   3.06099999999999       -69.2172494048460       0.748843204768081     
   3.06199999999999       -69.2224394492527       0.748539786263525     
   3.06299999999999       -69.2276354618304       0.748235871746955     
   3.06399999999999       -69.2328374509027       0.747931460121191     
   3.06499999999999       -69.2380454248026       0.747626550287497     
   3.06599999999999       -69.2432593918817       0.747321141142421     
   3.06699999999999       -69.2484793605039       0.747015231580052     
   3.06799999999999       -69.2537053390468       0.746708820491107     
   3.06899999999999       -69.2589373359063       0.746401906762319     
   3.06999999999999       -69.2641753594888       0.746094489277796     
   3.07099999999999       -69.2694194182183       0.745786566918064     
   3.07199999999999       -69.2746695205308       0.745478138560427     
   3.07299999999999       -69.2799256748814       0.745169203077793     
   3.07399999999999       -69.2851878897341       0.744859759341410     
   3.07499999999999       -69.2904561735728       0.744549806217481     
   3.07599999999999       -69.2957305348936       0.744239342569715     
   3.07699999999999       -69.3010109822071       0.743928367258511     
   3.07799999999999       -69.3062975240406       0.743616879140011     
   3.07899999999999       -69.3115901689357       0.743304877067231     
   3.07999999999999       -69.3168889254475       0.742992359890052     
   3.08099999999999       -69.3221938021482       0.742679326454458     
   3.08199999999999       -69.3275048076232       0.742365775603190     
   3.08299999999999       -69.3328219504733       0.742051706175622     
   3.08399999999999       -69.3381452393166       0.741737117006364     
   3.08499999999999       -69.3434746827834       0.741422006927878     
   3.08599999999999       -69.3488102895193       0.741106374768769     
   3.08699999999999       -69.3541520681868       0.740790219353794     
   3.08799999999999       -69.3595000274631       0.740473539503775     
   3.08899999999999       -69.3648541760387       0.740156334036824     
   3.08999999999999       -69.3702145226225       0.739838601766475     
   3.09099999999999       -69.3755810759356       0.739520341503460     
   3.09199999999999       -69.3809538447171       0.739201552053887     
   3.09299999999999       -69.3863328377187       0.738882232221372     
   3.09399999999999       -69.3917180637097       0.738562380804988     
   3.09499999999999       -69.3971095314748       0.738241996599817     
   3.09599999999999       -69.4025072498113       0.737921078398604     
   3.09699999999999       -69.4079112275361       0.737599624988665     
   3.09799999999999       -69.4133214734776       0.737277635154965     
   3.09899999999999       -69.4187379964820       0.736955107678127     
   3.09999999999999       -69.4241608054121       0.736632041334234     
   3.10099999999999       -69.4295899091432       0.736308434897125     
   3.10199999999999       -69.4350253165685       0.735984287135601     
   3.10299999999999       -69.4404670365951       0.735659596815341     
   3.10399999999999       -69.4459150781486       0.735334362697500     
   3.10499999999999       -69.4513694501679       0.735008583539776     
   3.10599999999999       -69.4568301616073       0.734682258096380     
   3.10699999999999       -69.4622972214388       0.734355385116680     
   3.10799999999999       -69.4677706386490       0.734027963347007     
   3.10899999999999       -69.4732504222406       0.733699991529425     
   3.10999999999999       -69.4787365812324       0.733371468401746     
   3.11099999999999       -69.4842291246588       0.733042392698110     
   3.11199999999999       -69.4897280615697       0.732712763148947     
   3.11299999999999       -69.4952334010317       0.732382578480416     
   3.11399999999999       -69.5007451521274       0.732051837414416     
   3.11499999999999       -69.5062633239552       0.731720538669148     
   3.11599999999999       -69.5117879256298       0.731388680958510     
   3.11699999999999       -69.5173189662810       0.731056262992894     
   3.11799999999999       -69.5228564550549       0.730723283478396     
   3.11899999999999       -69.5284004011157       0.730389741116177     
   3.11999999999999       -69.5339508136408       0.730055634604769     
   3.12099999999999       -69.5395077018303       0.729720962635749     
   3.12199999999999       -69.5450710748890       0.729385723901047     
   3.12299999999999       -69.5506409420483       0.729049917084608     
   3.12399999999999       -69.5562173125522       0.728713540867564     
   3.12499999999999       -69.5618001956603       0.728376592283285     
   3.12599999999999       -69.5673896006500       0.728039073266155     
   3.12699999999999       -69.5729855368145       0.727700980865886     
   3.12799999999999       -69.5785880134633       0.727362313746838     
   3.12899999999999       -69.5841970399209       0.727023070569476     
   3.12999999999999       -69.5898126255335       0.726683249987767     
   3.13099999999999       -69.5954347796596       0.726342850653379     
   3.13199999999999       -69.6010635116729       0.726001871213980     
   3.13299999999999       -69.6066988309669       0.725660310311765     
   3.13399999999999       -69.6123407469518       0.725318166584468     
   3.13499999999999       -69.6179892690534       0.724975438665874     
   3.13599999999999       -69.6236444067119       0.724632125186293     
   3.13699999999998       -69.6293061693897       0.724288224769246     
   3.13799999999998       -69.6349745665611       0.723943736036090     
   3.13899999999998       -69.6406496077191       0.723598657602542     
   3.13999999999998       -69.6463313023748       0.723252988079713     
   3.14099999999998       -69.6520196600530       0.722906726075318     
   3.14199999999998       -69.6577146902982       0.722559870191527     
   3.14299999999998       -69.6634164026723       0.722212419025616     
   3.14399999999998       -69.6691248067503       0.721864371172122     
   3.14499999999998       -69.6748399121286       0.721515725218564     
   3.14599999999998       -69.6805617284177       0.721166479750039     
   3.14699999999998       -69.6862902652478       0.720816633345158     
   3.14799999999998       -69.6920255322650       0.720466184578842     
   3.14899999999998       -69.6977675391301       0.720115132021992     
   3.14999999999998       -69.7035162955255       0.719763474239438     
   3.15099999999998       -69.7092718111471       0.719411209792197     
   3.15199999999998       -69.7150340957107       0.719058337236327     
   3.15299999999998       -69.7208031589480       0.718704855122762     
   3.15399999999998       -69.7265790106086       0.718350761998168     
   3.15499999999998       -69.7323616604587       0.717996056404377     
   3.15599999999998       -69.7381511182847       0.717640736877376     
   3.15699999999998       -69.7439473938845       0.717284801950639     
   3.15799999999998       -69.7497504970809       0.716928250149696     
   3.15899999999998       -69.7555604377075       0.716571079998178     
   3.15999999999998       -69.7613772256206       0.716213290012449     
   3.16099999999998       -69.7672008706915       0.715854878705232     
   3.16199999999998       -69.7730313828092       0.715495844583935     
   3.16299999999998       -69.7788687718799       0.715136186151336     
   3.16399999999998       -69.7847130478301       0.714775901904500     
   3.16499999999998       -69.7905642206011       0.714414990335857     
   3.16599999999998       -69.7964223001539       0.714053449932860     
   3.16699999999998       -69.8022872964662       0.713691279177885     
   3.16799999999998       -69.8081592195328       0.713328476548268     
   3.16899999999998       -69.8140380793688       0.712965040515930     
   3.16999999999998       -69.8199238860058       0.712600969547683     
   3.17099999999998       -69.8258166494925       0.712236262105702     
   3.17199999999998       -69.8317163798976       0.711870916646027     
   3.17299999999998       -69.8376230873062       0.711504931620359     
   3.17399999999998       -69.8435367818220       0.711138305474936     
   3.17499999999998       -69.8494574735656       0.710771036650625     
   3.17599999999998       -69.8553851726775       0.710403123583117     
   3.17699999999998       -69.8613198893168       0.710034564702197     
   3.17799999999998       -69.8672616336585       0.709665358433367     
   3.17899999999998       -69.8732104158967       0.709295503196214     
   3.17999999999998       -69.8791662462450       0.708924997404608     
   3.18099999999998       -69.8851291349343       0.708553839467343     
   3.18199999999998       -69.8910990922129       0.708182027788366     
   3.18299999999998       -69.8970761283501       0.707809560764628     
   3.18399999999998       -69.9030602536309       0.707436436789280     
   3.18499999999998       -69.9090514783601       0.707062654248984     
   3.18599999999998       -69.9150498128601       0.706688211525394     
   3.18699999999998       -69.9210552674744       0.706313106993382     
   3.18799999999998       -69.9270678525609       0.705937339024249     
   3.18899999999998       -69.9330875785000       0.705560904140948     
   3.18999999999998       -69.9391144556879       0.705183804353170     
   3.19099999999998       -69.9451484945409       0.704806036203998     
   3.19199999999998       -69.9511897054948       0.704427598040714     
   3.19299999999998       -69.9572380990028       0.704048488205177     
   3.19399999999998       -69.9632936855362       0.703668705033982     
   3.19499999999998       -69.9693564755856       0.703288246857541     
   3.19599999999998       -69.9754264796635       0.702907111999245     
   3.19699999999998       -69.9815037082978       0.702525298778076     
   3.19799999999998       -69.9875881720338       0.702142805507953     
   3.19899999999998       -69.9936798814412       0.701759630494595     
   3.19999999999998       -69.9997788471051       0.701375772038889     
   3.20099999999998       -70.0058850796304       0.700991228436298     
   3.20199999999998       -70.0119985896402       0.700605997975798     
   3.20299999999998       -70.0181193877787       0.700220078940117     
   3.20399999999998       -70.0242474847076       0.699833469606315     
   3.20499999999998       -70.0303828911072       0.699446168245776     
   3.20599999999998       -70.0365256176799       0.699058173122737     
   3.20699999999998       -70.0426756751445       0.698669482496064     
   3.20799999999998       -70.0488330742410       0.698280094618053     
   3.20899999999998       -70.0549978257274       0.697890007735262     
   3.20999999999998       -70.0611699403819       0.697499220087794     
   3.21099999999998       -70.0673494290019       0.697107729909439     
   3.21199999999998       -70.0735363024047       0.696715535427497     
   3.21299999999998       -70.0797305714257       0.696322634863795     
   3.21399999999998       -70.0859322469218       0.695929026432755     
   3.21499999999998       -70.0921413397681       0.695534708343030     
   3.21599999999998       -70.0983578608602       0.695139678796802     
   3.21699999999998       -70.1045818211118       0.694743935989893     
   3.21799999999998       -70.1108132314584       0.694347478111443     
   3.21899999999998       -70.1170521028540       0.693950303343941     
   3.21999999999998       -70.1232984462716       0.693552409864059     
   3.22099999999998       -70.1295522727070       0.693153795840964     
   3.22199999999998       -70.1358135931721       0.692754459438022     
   3.22299999999998       -70.1420824187027       0.692354398810822     
   3.22399999999998       -70.1483587603486       0.691953612110621     
   3.22499999999998       -70.1546426291872       0.691552097478699     
   3.22599999999998       -70.1609340363097       0.691149853052584     
   3.22699999999997       -70.1672329928299       0.690746876961542     
   3.22799999999997       -70.1735395098818       0.690343167327905     
   3.22899999999997       -70.1798535986202       0.689938722267347     
   3.22999999999997       -70.1861752702179       0.689533539889341     
   3.23099999999997       -70.1925045358688       0.689127618295972     
   3.23199999999997       -70.1988414067879       0.688720955582214     
   3.23299999999997       -70.2051858942096       0.688313549836173     
   3.23399999999997       -70.2115380093887       0.687905399139466     
   3.23499999999997       -70.2178977636008       0.687496501565796     
   3.23599999999997       -70.2242651681416       0.687086855182169     
   3.23699999999997       -70.2306402343289       0.686676458048005     
   3.23799999999997       -70.2370229734964       0.686265308217397     
   3.23899999999997       -70.2434133970036       0.685853403734599     
   3.23999999999997       -70.2498115162280       0.685440742638215     
   3.24099999999997       -70.2562173425677       0.685027322959547     
   3.24199999999997       -70.2626308874412       0.684613140709185     
   3.24299999999997       -70.2690521622895       0.684198197891763     
   3.24399999999997       -70.2754811785727       0.683782490540016     
   3.24499999999997       -70.2819179477706       0.683366016656366     
   3.24599999999997       -70.2883624813877       0.682948774233721     
   3.24699999999997       -70.2948147909459       0.682530761259114     
   3.24799999999997       -70.3012748879879       0.682111975712021     
   3.24899999999997       -70.3077427840797       0.681692415563201     
   3.24999999999997       -70.3142184908073       0.681272078776802     
   3.25099999999997       -70.3207020197764       0.680850963309126     
   3.25199999999997       -70.3271933826148       0.680429067108464     
   3.25299999999997       -70.3336925909721       0.680006388115424     
   3.25399999999997       -70.3401996565185       0.679582924262816     
   3.25499999999997       -70.3467145909438       0.679158673476353     
   3.25599999999997       -70.3532374059620       0.678733633672497     
   3.25699999999997       -70.3597681133046       0.678307802761654     
   3.25799999999997       -70.3663067247299       0.677881178643653     
   3.25899999999997       -70.3728532520105       0.677453759213243     
   3.25999999999997       -70.3794077069472       0.677025542354638     
   3.26099999999997       -70.3859701013566       0.676596525946170     
   3.26199999999997       -70.3925404470807       0.676166707856242     
   3.26299999999997       -70.3991187559816       0.675736085945930     
   3.26399999999997       -70.4057050399414       0.675304658068427     
   3.26499999999997       -70.4122993108676       0.674872422067242     
   3.26599999999997       -70.4189015806838       0.674439375780014     
   3.26699999999997       -70.4255118613411       0.674005517033309     
   3.26799999999997       -70.4321301648105       0.673570843646473     
   3.26899999999997       -70.4387565030810       0.673135353431563     
   3.26999999999997       -70.4453908881678       0.672699044190400     
   3.27099999999997       -70.4520333321061       0.672261913717236     
   3.27199999999997       -70.4586838469541       0.671823959797119     
   3.27299999999997       -70.4653424447903       0.671385180207054     
   3.27399999999997       -70.4720091377165       0.670945572714975     
   3.27499999999997       -70.4786839378553       0.670505135080665     
   3.27599999999997       -70.4853668573528       0.670063865054166     
   3.27699999999997       -70.4920579083760       0.669621760377800     
   3.27799999999997       -70.4987571031147       0.669178818784163     
   3.27899999999997       -70.5054644537804       0.668735037997232     
   3.27999999999997       -70.5121799726076       0.668290415731967     
   3.28099999999997       -70.5189036718517       0.667844949694381     
   3.28199999999997       -70.5256355637915       0.667398637581845     
   3.28299999999997       -70.5323756607276       0.666951477081885     
   3.28399999999997       -70.5391239749834       0.666503465873014     
   3.28499999999997       -70.5458805189053       0.666054601624425     
   3.28599999999997       -70.5526453048592       0.665604881997163     
   3.28699999999997       -70.5594183452379       0.665154302464060     
   3.28799999999997       -70.5661996524531       0.664702864977117     
   3.28899999999997       -70.5729892389405       0.664250565034470     
   3.28999999999997       -70.5797871171599       0.663797400258091     
   3.29099999999997       -70.5865932995905       0.663343368261734     
   3.29199999999997       -70.5934077987373       0.662888466648004     
   3.29299999999997       -70.6002306271252       0.662432693011512     
   3.29399999999997       -70.6070617973059       0.661976044935160     
   3.29499999999997       -70.6139013218495       0.661518519993967     
   3.29599999999997       -70.6207492133513       0.661060115752204     
   3.29699999999997       -70.6276054844293       0.660600829764497     
   3.29799999999997       -70.6344701477247       0.660140659575263     
   3.29899999999997       -70.6413432159017       0.659679602719072     
   3.29999999999997       -70.6482247016463       0.659217656720697     
   3.30099999999997       -70.6551146176697       0.658754819094290     
   3.30199999999997       -70.6620129767045       0.658291087344571     
   3.30299999999997       -70.6689197915061       0.657826458965642     
   3.30399999999997       -70.6758350748560       0.657360931440684     
   3.30499999999997       -70.6827588395557       0.656894502243707     
   3.30599999999997       -70.6896910984318       0.656427168837673     
   3.30699999999997       -70.6966318643336       0.655958928674916     
   3.30799999999997       -70.7035811501348       0.655489779197603     
   3.30899999999997       -70.7105389687299       0.655019717837539     
   3.30999999999997       -70.7175053330401       0.654548742015165     
   3.31099999999997       -70.7244802560092       0.654076849140258     
   3.31199999999997       -70.7314637506037       0.653604036612587     
   3.31299999999997       -70.7384558298131       0.653130301820587     
   3.31399999999997       -70.7454565066523       0.652655642141645     
   3.31499999999997       -70.7524657941602       0.652180054941947     
   3.31599999999997       -70.7594837053970       0.651703537577763     
   3.31699999999997       -70.7665102534491       0.651226087392838     
   3.31799999999996       -70.7735454514246       0.650747701720816     
   3.31899999999996       -70.7805893124570       0.650268377883695     
   3.31999999999996       -70.7876418497035       0.649788113191942     
   3.32099999999996       -70.7947030763458       0.649306904944552     
   3.32199999999996       -70.8017730055867       0.648824750430157     
   3.32299999999996       -70.8088516506576       0.648341646924428     
   3.32399999999996       -70.8159390248095       0.647857591692658     
   3.32499999999996       -70.8230351413199       0.647372581987804     
   3.32599999999996       -70.8301400134915       0.646886612701313     
   3.32699999999996       -70.8372536546485       0.646399685710604     
   3.32799999999996       -70.8443760781416       0.645911795933799     
   3.32899999999996       -70.8515072973436       0.645422940577077     
   3.32999999999996       -70.8586473256557       0.644933116833008     
   3.33099999999996       -70.8657961764973       0.644442321884657     
   3.33199999999996       -70.8729538633176       0.643950552900351     
   3.33299999999996       -70.8801203995874       0.643457807037676     
   3.33399999999996       -70.8872957988035       0.642964081441348     
   3.33499999999996       -70.8944800744871       0.642469373243338     
   3.33599999999996       -70.9016732401832       0.641973679563746     
   3.33699999999996       -70.9088753094608       0.641476997510524     
   3.33799999999996       -70.9160862959167       0.640979324177212     
   3.33899999999996       -70.9233062131675       0.640480656647104     
   3.33999999999996       -70.9305350748601       0.639980991988288     
   3.34099999999996       -70.9377728946614       0.639480327257753     
   3.34199999999996       -70.9450196862673       0.638978659498071     
   3.34299999999996       -70.9522754633939       0.638475985740865     
   3.34399999999996       -70.9595402397871       0.637972303001802     
   3.34499999999996       -70.9668140292141       0.637467608285942     
   3.34599999999996       -70.9740968454699       0.636961898583176     
   3.34699999999996       -70.9813887023726       0.636455170870936     
   3.34799999999996       -70.9886896137655       0.635947422113492     
   3.34899999999996       -70.9959995935183       0.635438649260461     
   3.34999999999996       -71.0033186555251       0.634928849248664     
   3.35099999999996       -71.0106468137060       0.634418019000584     
   3.35199999999996       -71.0179840820037       0.633906155426179     
   3.35299999999996       -71.0253304743906       0.633393255419408     
   3.35399999999996       -71.0326860048605       0.632879315862322     
   3.35499999999996       -71.0400506874342       0.632364333621494     
   3.35599999999996       -71.0474245361607       0.631848305549058     
   3.35699999999996       -71.0548075651072       0.631331228485204     
   3.35799999999996       -71.0621997883739       0.630813099252755     
   3.35899999999996       -71.0696012200847       0.630293912196792     
   3.35999999999996       -71.0770118743853       0.629773668984477     
   3.36099999999996       -71.0844317654517       0.629252363987853     
   3.36199999999996       -71.0918609074834       0.628729993972264     
   3.36299999999996       -71.0992993147053       0.628206555688892     
   3.36399999999996       -71.1067470013700       0.627682045873448     
   3.36499999999996       -71.1142039817538       0.627156461246543     
   3.36599999999996       -71.1216702701611       0.626629798513550     
   3.36699999999996       -71.1291458809196       0.626102054365134     
   3.36799999999996       -71.1366308283849       0.625573225476254     
   3.36899999999996       -71.1441251269373       0.625043308506716     
   3.36999999999996       -71.1516287909846       0.624512300099990     
   3.37099999999996       -71.1591418349600       0.623980196884223     
   3.37199999999996       -71.1666642733235       0.623446995471518     
   3.37299999999996       -71.1741961205581       0.622912692459566     
   3.37399999999996       -71.1817373911783       0.622377284427716     
   3.37499999999996       -71.1892880997212       0.621840767940552     
   3.37599999999996       -71.1968482607492       0.621303139547124     
   3.37699999999996       -71.2044178888543       0.620764395778595     
   3.37799999999996       -71.2119969986539       0.620224533150105     
   3.37899999999996       -71.2195856047907       0.619683548161080     
   3.37999999999996       -71.2271837219353       0.619141437292739     
   3.38099999999996       -71.2347913647816       0.618598197011839     
   3.38199999999996       -71.2424085480547       0.618053823765807     
   3.38299999999996       -71.2500352865039       0.617508313985722     
   3.38399999999996       -71.2576715949053       0.616961664086221     
   3.38499999999996       -71.2653174880601       0.616413870464733     
   3.38599999999996       -71.2729729807993       0.615864929500087     
   3.38699999999996       -71.2806380879791       0.615314837554461     
   3.38799999999996       -71.2883128244814       0.614763590972164     
   3.38899999999996       -71.2959972052167       0.614211183442891     
   3.38999999999996       -71.3036912451215       0.613657616483801     
   3.39099999999996       -71.3113949591608       0.613102883811851     
   3.39199999999996       -71.3191083623231       0.612546981700415     
   3.39299999999996       -71.3268314696265       0.611989906403361     
   3.39399999999996       -71.3345642961160       0.611431654156419     
   3.39499999999996       -71.3423068568640       0.610872221176556     
   3.39599999999996       -71.3500591669669       0.610311603662938     
   3.39699999999996       -71.3578212415536       0.609749797794506     
   3.39799999999996       -71.3655930957749       0.609186799732447     
   3.39899999999996       -71.3733747448124       0.608622605618101     
   3.39999999999996       -71.3811662038738       0.608057211573893     
   3.40099999999996       -71.3889674881927       0.607490613703431     
   3.40199999999996       -71.3967786130338       0.606922808089046     
   3.40299999999996       -71.4045995936845       0.606353790795497     
   3.40399999999996       -71.4124304454632       0.605783557866502     
   3.40499999999996       -71.4202711837139       0.605212105326201     
   3.40599999999996       -71.4281218238081       0.604639429178620     
   3.40699999999996       -71.4359823811475       0.604065525406781     
   3.40799999999996       -71.4438528711584       0.603490389974418     
   3.40899999999995       -71.4517333092942       0.602914018824587     
   3.40999999999995       -71.4596237110401       0.602336407878494     
   3.41099999999995       -71.4675240919039       0.601757553037962     
   3.41199999999995       -71.4754344674244       0.601177450182959     
   3.41299999999995       -71.4833548531684       0.600596095171791     
   3.41399999999995       -71.4912852647283       0.600013483842634     
   3.41499999999995       -71.4992257177258       0.599429609242698     
   3.41599999999995       -71.5071762278107       0.598844472629973     
   3.41699999999995       -71.5151368106601       0.598258067079900     
   3.41799999999995       -71.5231074819789       0.597670388343100     
   3.41899999999995       -71.5310882575003       0.597081432147548     
   3.41999999999995       -71.5390791529863       0.596491194199050     
   3.42099999999995       -71.5470801842247       0.595899670181660     
   3.42199999999995       -71.5550913670354       0.595306855755175     
   3.42299999999995       -71.5631127172615       0.594712746557994     
   3.42399999999995       -71.5711442507791       0.594117338204180     
   3.42499999999995       -71.5791859834878       0.593520626286252     
   3.42599999999995       -71.5872379313197       0.592922606371386     
   3.42699999999995       -71.5953001102327       0.592323274004363     
   3.42799999999995       -71.6033725362149       0.591722624705436     
   3.42899999999995       -71.6114552252791       0.591120653972211     
   3.42999999999995       -71.6195481934714       0.590517357276305     
   3.43099999999995       -71.6276514568621       0.589912730066537     
   3.43199999999995       -71.6357650315547       0.589306767765390     
   3.43299999999995       -71.6438889336752       0.588699465772790     
   3.43399999999995       -71.6520231793823       0.588090819462411     
   3.43499999999995       -71.6601677848628       0.587480824182572     
   3.43599999999995       -71.6683227663306       0.586869475257052     
   3.43699999999995       -71.6764881400304       0.586256767983146     
   3.43799999999995       -71.6846639222327       0.585642694752210     
   3.43899999999995       -71.6928501292400       0.585027256491538     
   3.43999999999995       -71.7010467773809       0.584410445618351     
   3.44099999999995       -71.7092538830137       0.583792257326292     
   3.44199999999995       -71.7174714625271       0.583172686781358     
   3.44299999999995       -71.7256995323346       0.582551729124457     
   3.44399999999995       -71.7339381088836       0.581929379467563     
   3.44499999999995       -71.7421872086462       0.581305632896965     
   3.44599999999995       -71.7504468481263       0.580680484469729     
   3.44699999999995       -71.7587170438548       0.580053929217054     
   3.44799999999995       -71.7669978123926       0.579425962140652     
   3.44899999999995       -71.7752891703303       0.578796578214310     
   3.44999999999995       -71.7835911342852       0.578165772384541     
   3.45099999999995       -71.7919037209076       0.577533539566775     
   3.45199999999995       -71.8002269468722       0.576899874650352     
   3.45299999999995       -71.8085608288854       0.576264772493701     
   3.45399999999995       -71.8169053836831       0.575628227926250     
   3.45499999999995       -71.8252606280296       0.574990235747290     
   3.45599999999995       -71.8336265787191       0.574350790726835     
   3.45699999999995       -71.8420032525756       0.573709887603757     
   3.45799999999995       -71.8503906664495       0.573067521087998     
   3.45899999999995       -71.8587888372235       0.572423682837003     
   3.45999999999995       -71.8671977818087       0.571778373449480     
   3.46099999999995       -71.8756175171448       0.571131584608409     
   3.46199999999995       -71.8840480602034       0.570483310897219     
   3.46299999999995       -71.8924894279815       0.569833546869548     
   3.46399999999995       -71.9009416375091       0.569182287045876     
   3.46499999999995       -71.9094047058447       0.568529525913847     
   3.46599999999995       -71.9178786500755       0.567875257929377     
   3.46699999999995       -71.9263634873181       0.567219477515389     
   3.46799999999995       -71.9348592347201       0.566562179061043     
   3.46899999999995       -71.9433659094582       0.565903356921799     
   3.46999999999995       -71.9518835287374       0.565243005420271     
   3.47099999999995       -71.9604121097944       0.564581118843760     
   3.47199999999995       -71.9689516698938       0.563917691446215     
   3.47299999999995       -71.9775022263309       0.563252717445856     
   3.47399999999995       -71.9860637964307       0.562586191026473     
   3.47499999999995       -71.9946363975461       0.561918106336562     
   3.47599999999995       -72.0032200470633       0.561248457487985     
   3.47699999999995       -72.0118147623958       0.560577235490338     
   3.47799999999995       -72.0204205609858       0.559904440422776     
   3.47899999999995       -72.0290374603093       0.559230063313004     
   3.47999999999995       -72.0376654778668       0.558554098128843     
   3.48099999999995       -72.0463046311941       0.557876538797506     
   3.48199999999995       -72.0549549378522       0.557197379211468     
   3.48299999999995       -72.0636164154363       0.556516613222703     
   3.48399999999995       -72.0722890815668       0.555834234646626     
   3.48499999999995       -72.0809729538986       0.555150237258202     
   3.48599999999995       -72.0896680501136       0.554464614794208     
   3.48699999999995       -72.0983743879255       0.553777360951707     
   3.48799999999995       -72.1070919850754       0.553088469388023     
   3.48899999999995       -72.1158208593367       0.552397933719627     
   3.48999999999995       -72.1245610285129       0.551705747522944     
   3.49099999999995       -72.1333125104359       0.551011904332538     
   3.49199999999995       -72.1420753229680       0.550316397642621     
   3.49299999999995       -72.1508494840040       0.549619220904137     
   3.49399999999995       -72.1596350114646       0.548920364352250     
   3.49499999999995       -72.1684319233042       0.548219827599642     
   3.49599999999995       -72.1772402375063       0.547517600894929     
   3.49699999999995       -72.1860599720819       0.546813677518684     
   3.49799999999995       -72.1948911450775       0.546108050706403     
   3.49899999999995       -72.2037337745643       0.545400713650257     
   3.49999999999994       -72.2125878786469       0.544691659496676     
   3.50099999999994       -72.2214534754581       0.543980881347596     
   3.50199999999994       -72.2303305831632       0.543268372258654     
   3.50299999999994       -72.2392192199552       0.542554125239367     
   3.50399999999994       -72.2481194040590       0.541838133253241     
   3.50499999999994       -72.2570311537299       0.541120389215506     
   3.50599999999994       -72.2659544872511       0.540400885995028     
   3.50699999999994       -72.2748894229384       0.539679616411886     
   3.50799999999994       -72.2838359791371       0.538956573237899     
   3.50899999999994       -72.2927941742218       0.538231749195838     
   3.50999999999994       -72.3017640265982       0.537505133621986     
   3.51099999999994       -72.3107455547020       0.536776725698886     
   3.51199999999994       -72.3197387769997       0.536046514772590     
   3.51299999999994       -72.3287437119872       0.535314493364291     
   3.51399999999994       -72.3377603781913       0.534580653943494     
   3.51499999999994       -72.3467887941686       0.533844988928005     
   3.51599999999994       -72.3558289785066       0.533107490682269     
   3.51699999999994       -72.3648809498222       0.532368151517710     
   3.51799999999994       -72.3739447267615       0.531626963692846     
   3.51899999999994       -72.3830203280028       0.530883919410847     
   3.51999999999994       -72.3921077722558       0.530139010819061     
   3.52099999999994       -72.4012070782572       0.529392230011131     
   3.52199999999994       -72.4103182647746       0.528643569023837     
   3.52299999999994       -72.4194413506085       0.527893019836310     
   3.52399999999994       -72.4285763545861       0.527140570949473     
   3.52499999999994       -72.4377232955672       0.526386220950285     
   3.52599999999994       -72.4468821924403       0.525629958340334     
   3.52699999999994       -72.4560530641260       0.524871774865571     
   3.52799999999994       -72.4652359295719       0.524111662213957     
   3.52899999999994       -72.4744308077610       0.523349612010112     
   3.52999999999994       -72.4836377177008       0.522585615819953     
   3.53099999999994       -72.4928566784323       0.521819665146262     
   3.53199999999994       -72.5020877090250       0.521051751429740     
   3.53299999999994       -72.5113308285810       0.520281866046924     
   3.53399999999994       -72.5205860562293       0.519510000311899     
   3.53499999999994       -72.5298534111319       0.518736145472723     
   3.53599999999994       -72.5391329124792       0.517960292712108     
   3.53699999999994       -72.5484245794908       0.517182429624365     
   3.53799999999994       -72.5577284314193       0.516402554174771     
   3.53899999999994       -72.5670444875452       0.515620653948483     
   3.53999999999994       -72.5763727671797       0.514836719859324     
   3.54099999999994       -72.5857132896637       0.514050742751986     
   3.54199999999994       -72.5950660743673       0.513262713401149     
   3.54299999999994       -72.6044311406944       0.512472622509455     
   3.54399999999994       -72.6138085080730       0.511680460709861     
   3.54499999999994       -72.6231981959645       0.510886218561670     
   3.54599999999994       -72.6326002238607       0.510089886550907     
   3.54699999999994       -72.6420146112828       0.509291455089228     
   3.54799999999994       -72.6514413777798       0.508490914513732     
   3.54899999999994       -72.6608805429335       0.507688251460562     
   3.54999999999994       -72.6703321263525       0.506883463222574     
   3.55099999999994       -72.6797961476780       0.506076536416282     
   3.55199999999994       -72.6892726265793       0.505267461068897     
   3.55299999999994       -72.6987615827559       0.504456227128304     
   3.55399999999994       -72.7082630359369       0.503642824461451     
   3.55499999999994       -72.7177770058821       0.502827242853052     
   3.55599999999994       -72.7273035123766       0.502009472007132     
   3.55699999999994       -72.7368425752425       0.501189501541368     
   3.55799999999994       -72.7463942143241       0.500367320991374     
   3.55899999999994       -72.7559584494991       0.499542919805563     
   3.55999999999994       -72.7655353006757       0.498716283635756     
   3.56099999999994       -72.7751247877875       0.497887409026953     
   3.56199999999994       -72.7847269308011       0.497056281597782     
   3.56299999999994       -72.7943417497110       0.496222890443420     
   3.56399999999994       -72.8039692645400       0.495387224567675     
   3.56499999999994       -72.8136094953422       0.494549272882309     
   3.56599999999994       -72.8232624621987       0.493709024205262     
   3.56699999999994       -72.8329281852223       0.492866467260091     
   3.56799999999994       -72.8426066845539       0.492021590673716     
   3.56899999999994       -72.8522979803614       0.491174382977246     
   3.56999999999994       -72.8620020928441       0.490324828840477     
   3.57099999999994       -72.8717190422297       0.489472923961752     
   3.57199999999994       -72.8814488487752       0.488618652961839     
   3.57299999999994       -72.8911915327653       0.487762003969122     
   3.57399999999994       -72.9009471145143       0.486902965009341     
   3.57499999999994       -72.9107156143645       0.486041524002543     
   3.57599999999994       -72.9204970526881       0.485177668762229     
   3.57699999999994       -72.9302914498839       0.484311386995435     
   3.57799999999994       -72.9400988263825       0.483442666297536     
   3.57899999999994       -72.9499192026399       0.482571490393114     
   3.57999999999994       -72.9597525991409       0.481697854017651     
   3.58099999999994       -72.9695990363999       0.480821740825343     
   3.58199999999994       -72.9794585349592       0.479943137960759     
   3.58299999999994       -72.9893311153897       0.479062032451163     
   3.58399999999994       -72.9992167982883       0.478178411206943     
   3.58499999999994       -73.0091156042823       0.477292261016945     
   3.58599999999994       -73.0190275540264       0.476403568548637     
   3.58699999999994       -73.0289526682017       0.475512320347022     
   3.58799999999994       -73.0388909675202       0.474618498968029     
   3.58899999999994       -73.0488424727189       0.473722098255143     
   3.58999999999994       -73.0588072045622       0.472823100676059     
   3.59099999999993       -73.0687851838455       0.471921492262112     
   3.59199999999993       -73.0787764313883       0.471017258914414     
   3.59299999999993       -73.0887809680392       0.470110386398824     
   3.59399999999993       -73.0987988146724       0.469200860345157     
   3.59499999999993       -73.1088299921911       0.468288666245446     
   3.59599999999993       -73.1188745215260       0.467373785562575     
   3.59699999999993       -73.1289324236311       0.466456211102285     
   3.59799999999993       -73.1390037194934       0.465535924212650     
   3.59899999999993       -73.1490884301225       0.464612909812652     
   3.59999999999993       -73.1591865765540       0.463687152672216     
   3.60099999999993       -73.1692981798536       0.462758637409780     
   3.60199999999993       -73.1794232611109       0.461827348491764     
   3.60299999999993       -73.1895618414425       0.460893270228813     
   3.60399999999993       -73.1997139419936       0.459956382768582     
   3.60499999999993       -73.2098795839312       0.459016677922349     
   3.60599999999993       -73.2200587884523       0.458074135698607     
   3.60699999999993       -73.2302515767775       0.457128739762294     
   3.60799999999993       -73.2404579701541       0.456180473611907     
   3.60899999999993       -73.2506779898578       0.455229320573356     
   3.60999999999993       -73.2609116571831       0.454275263804098     
   3.61099999999993       -73.2711589934575       0.453318282258925     
   3.61199999999993       -73.2814200200291       0.452358366587055     
   3.61299999999993       -73.2916947582740       0.451395495575011     
   3.61399999999993       -73.3019832295903       0.450429651660082     
   3.61499999999993       -73.3122854554047       0.449460817090785     
   3.61599999999993       -73.3226014571671       0.448488973927510     
   3.61699999999993       -73.3329312563502       0.447514104038159     
   3.61799999999993       -73.3432748744555       0.446536184969935     
   3.61899999999993       -73.3536323330050       0.445555206231964     
   3.61999999999993       -73.3640036535483       0.444571145170575     
   3.62099999999993       -73.3743888576553       0.443583982850681     
   3.62199999999993       -73.3847879669241       0.442593700126454     
   3.62299999999993       -73.3952010029717       0.441600277642103     
   3.62399999999993       -73.4056279874456       0.440603691725281     
   3.62499999999993       -73.4160689420110       0.439603930563597     
   3.62599999999993       -73.4265238883572       0.438600970248666     
   3.62699999999993       -73.4369928482001       0.437594790535587     
   3.62799999999993       -73.4474758432746       0.436585370951493     
   3.62899999999993       -73.4579728953423       0.435572690785891     
   3.62999999999993       -73.4684840261846       0.434556724949210     
   3.63099999999993       -73.4790092576059       0.433537460311683     
   3.63199999999993       -73.4895486114352       0.432514871503433     
   3.63299999999993       -73.5001021095204       0.431488936835614     
   3.63399999999993       -73.5106697737334       0.430459634362308     
   3.63499999999993       -73.5212516259689       0.429426941876202     
   3.63599999999993       -73.5318476881403       0.428390832644751     
   3.63699999999993       -73.5424579821857       0.427351292212232     
   3.63799999999993       -73.5530825300611       0.426308293526620     
   3.63899999999993       -73.5637213537462       0.425261813291184     
   3.63999999999993       -73.5743744752407       0.424211827925126     
   3.64099999999993       -73.5850419165639       0.423158313559051     
   3.64199999999993       -73.5957236997581       0.422101241566237     
   3.64299999999993       -73.6064198468836       0.421040596147428     
   3.64399999999993       -73.6171303800214       0.419976348310647     
   3.64499999999993       -73.6278553212726       0.418908472971073     
   3.64599999999993       -73.6385946927586       0.417836944726403     
   3.64699999999993       -73.6493485166172       0.416761733364859     
   3.64799999999993       -73.6601168150097       0.415682821540351     
   3.64899999999993       -73.6708996101119       0.414600178623624     
   3.64999999999993       -73.6816969241228       0.413513777878491     
   3.65099999999993       -73.6925087792555       0.412423587902565     
   3.65199999999993       -73.7033351977444       0.411329589634509     
   3.65299999999993       -73.7141762018416       0.410231751196369     
   3.65399999999993       -73.7250318138140       0.409130044415620     
   3.65499999999993       -73.7359020559511       0.408024440739793     
   3.65599999999993       -73.7467869505544       0.406914906768623     
   3.65699999999993       -73.7576865199458       0.405801421830364     
   3.65799999999993       -73.7686007864622       0.404683951989358     
   3.65899999999993       -73.7795297724581       0.403562467108221     
   3.65999999999993       -73.7904735003027       0.402436932225195     
   3.66099999999993       -73.8014319923839       0.401307324895092     
   3.66199999999993       -73.8124052711022       0.400173609559354     
   3.66299999999993       -73.8233933588744       0.399035754359540     
   3.66399999999993       -73.8343962781339       0.397893726985399     
   3.66499999999993       -73.8454140513264       0.396747489981026     
   3.66599999999993       -73.8564467009137       0.395597019167179     
   3.66699999999993       -73.8674942493715       0.394442276418791     
   3.66799999999993       -73.8785567191896       0.393283227517357     
   3.66899999999993       -73.8896341328706       0.392119833005866     
   3.66999999999993       -73.9007265129307       0.390952066809199     
   3.67099999999993       -73.9118338819003       0.389779888725230     
   3.67199999999993       -73.9229562623206       0.388603257920292     
   3.67299999999993       -73.9340936767458       0.387422146317656     
   3.67399999999993       -73.9452461477423       0.386236512263593     
   3.67499999999993       -73.9564136978882       0.385046317778536     
   3.67599999999993       -73.9675963497728       0.383851519610685     
   3.67699999999993       -73.9787941259959       0.382652087649610     
   3.67799999999993       -73.9900070491695       0.381447977733933     
   3.67899999999993       -74.0012351419134       0.380239149460709     
   3.67999999999993       -74.0124784268605       0.379025556882402     
   3.68099999999992       -74.0237369266494       0.377807167756370     
   3.68199999999992       -74.0350106639319       0.376583935130155     
   3.68299999999992       -74.0462996613646       0.375355811109206     
   3.68399999999992       -74.0576039416174       0.374122761246269     
   3.68499999999992       -74.0689235273632       0.372884736547050     
   3.68599999999992       -74.0802584412856       0.371641686977370     
   3.68699999999992       -74.0916087060753       0.370393575817545     
   3.68799999999992       -74.1029743444291       0.369140351833070     
   3.68899999999992       -74.1143553790509       0.367881962646420     
   3.68999999999992       -74.1257518326499       0.366618369180868     
   3.69099999999992       -74.1371637279417       0.365349517749269     
   3.69199999999992       -74.1485910876473       0.364075353411902     
   3.69299999999992       -74.1600339344910       0.362795834631711     
   3.69399999999992       -74.1714922912044       0.361510905039996     
   3.69499999999992       -74.1829661805201       0.360220506896525     
   3.69599999999992       -74.1944556251757       0.358924596084340     
   3.69699999999992       -74.2059606479117       0.357623113306210     
   3.69799999999992       -74.2174812714706       0.356315997756979     
   3.69899999999992       -74.2290175185997       0.355003202606224     
   3.69999999999992       -74.2405694120430       0.353684660421058     
   3.70099999999992       -74.2521369745499       0.352360321843846     
   3.70199999999992       -74.2637202288700       0.351030122380178     
   3.70299999999992       -74.2753191977512       0.349693995795449     
   3.70399999999992       -74.2869339039420       0.348351889747764     
   3.70499999999992       -74.2985643701920       0.347003730999028     
   3.70599999999992       -74.3102106192484       0.345649464491928     
   3.70699999999992       -74.3218726738539       0.344289014722588     
   3.70799999999992       -74.3335505567532       0.342922323840734     
   3.70899999999992       -74.3452442906863       0.341549318708853     
   3.70999999999992       -74.3569538983890       0.340169924067043     
   3.71099999999992       -74.3686794025957       0.338784078569495     
   3.71199999999992       -74.3804208260327       0.337391699264770     
   3.71299999999992       -74.3921781914256       0.335992721735552     
   3.71399999999992       -74.4039515214911       0.334587060022692     
   3.71499999999992       -74.4157408389427       0.333174646514680     
   3.71599999999992       -74.4275461664837       0.331755391997720     
   3.71699999999992       -74.4393675268141       0.330329225527967     
   3.71799999999992       -74.4512049426215       0.328896054374786     
   3.71899999999992       -74.4630584365895       0.327455804109241     
   3.71999999999992       -74.4749280313913       0.326008378202516     
   3.72099999999992       -74.4868137496892       0.324553698571248     
   3.72199999999992       -74.4987156141356       0.323091664590675     
   3.72299999999992       -74.5106336473725       0.321622189227252     
   3.72399999999992       -74.5225678720312       0.320145182758813     
   3.72499999999992       -74.5345183107296       0.318660538623079     
   3.72599999999992       -74.5464849860724       0.317168167915507     
   3.72699999999992       -74.5584679206527       0.315667959128620     
   3.72799999999992       -74.5704671370475       0.314159813790762     
   3.72899999999992       -74.5824826578201       0.312643630553913     
   3.72999999999992       -74.5945145055182       0.311119290542677     
   3.73099999999992       -74.6065627026726       0.309586692549858     
   3.73199999999992       -74.6186272717977       0.308045711726594     
   3.73299999999992       -74.6307082353904       0.306496236294595     
   3.73399999999992       -74.6428056159292       0.304938146078289     
   3.73499999999992       -74.6549194358735       0.303371322843866     
   3.73599999999992       -74.6670497176631       0.301795629863049     
   3.73699999999992       -74.6791964837167       0.300210942560814     
   3.73799999999992       -74.6913597564319       0.298617132915919     
   3.73899999999992       -74.7035395581851       0.297014053444670     
   3.73999999999992       -74.7157359113280       0.295401568979247     
   3.74099999999992       -74.7279488381909       0.293779535071652     
   3.74199999999992       -74.7401783610779       0.292147803249127     
   3.74299999999992       -74.7524245022685       0.290506226194976     
   3.74399999999992       -74.7646872840160       0.288854636142537     
   3.74499999999992       -74.7769667285476       0.287192876987693     
   3.74599999999992       -74.7892628580623       0.285520782471528     
   3.74699999999992       -74.8015756947300       0.283838181421704     
   3.74799999999992       -74.8139052606925       0.282144897541304     
   3.74899999999992       -74.8262515780598       0.280440749192238     
   3.74999999999992       -74.8386146689121       0.278725549162891     
   3.75099999999992       -74.8509945552964       0.276999104422702     
   3.75199999999992       -74.8633912592271       0.275261215866300     
   3.75299999999992       -74.8758048026865       0.273511678036784     
   3.75399999999992       -74.8882352076202       0.271750278840088     
   3.75499999999992       -74.9006824959375       0.269976799237516     
   3.75599999999992       -74.9131466895152       0.268191012918264     
   3.75699999999992       -74.9256278101859       0.266392680346563     
   3.75799999999992       -74.9381258797500       0.264581570705638     
   3.75899999999992       -74.9506409199642       0.262757428235726     
   3.75999999999992       -74.9631729525482       0.260919993884588     
   3.76099999999992       -74.9757219991763       0.259068993683606     
   3.76199999999992       -74.9882880814843       0.257204160849327     
   3.76299999999992       -75.0008712210618       0.255325201736090     
   3.76399999999992       -75.0134714394547       0.253431811640463     
   3.76499999999992       -75.0260887581627       0.251523691799912     
   3.76599999999992       -75.0387231986401       0.249600508729456     
   3.76699999999992       -75.0513747822935       0.247661939219237     
   3.76799999999992       -75.0640435304782       0.245707623896172     
   3.76899999999992       -75.0767294645033       0.243737206703038     
   3.76999999999992       -75.0894326056249       0.241750316606222     
   3.77099999999992       -75.1021529750461       0.239746549794844     
   3.77199999999991       -75.1148905939190       0.237725503127275     
   3.77299999999991       -75.1276454833401       0.235686750071296     
   3.77399999999991       -75.1404176643500       0.233629845431494     
   3.77499999999991       -75.1532071579337       0.231554324185173     
   3.77599999999991       -75.1660139850166       0.229459700222625     
   3.77699999999991       -75.1788381664677       0.227345464981956     
   3.77799999999991       -75.1916797230932       0.225211085974542     
   3.77899999999991       -75.2045386756388       0.223055999194493     
   3.77999999999991       -75.2174150447872       0.220879631074782     
   3.78099999999991       -75.2303088511579       0.218681361309908     
   3.78199999999991       -75.2432201153034       0.216460537856654     
   3.78299999999991       -75.2561488577113       0.214216487458449     
   3.78399999999991       -75.2690950988002       0.211948494643884     
   3.78499999999991       -75.2820588589215       0.209655805178080     
   3.78599999999991       -75.2950401583525       0.207337623065596     
   3.78699999999991       -75.3080390173025       0.204993107239124     
   3.78799999999991       -75.3210554559051       0.202621367908102     
   3.78899999999991       -75.3340894942207       0.200221456264742     
   3.78999999999991       -75.3471411522329       0.197792384754183     
   3.79099999999991       -75.3602104498482       0.195333078822369     
   3.79199999999991       -75.3732974068950       0.192842414745359     
   3.79299999999991       -75.3864020431200       0.190319182260999     
   3.79399999999991       -75.3995243781902       0.187762108873251     
   3.79499999999991       -75.4126644316886       0.185169808340824     
   3.79599999999991       -75.4258222231129       0.182540815504759     
   3.79699999999991       -75.4389977718759       0.179873551381797     
   3.79799999999991       -75.4521910973016       0.177166311700288     
   3.79899999999991       -75.4654022186276       0.174417273032230     
   3.79999999999991       -75.4786311549973       0.171624459033217     
   3.80099999999991       -75.4918779254643       0.168785723431780     
   3.80199999999991       -75.5051425489877       0.165898749614042     
   3.80299999999991       -75.5184250444309       0.162961002395440     
   3.80399999999991       -75.5317254305616       0.159969727258909     
   3.80499999999991       -75.5450437260475       0.156921893723311     
   3.80599999999991       -75.5583799494575       0.153814184760954     
   3.80699999999991       -75.5717341192567       0.150642920980886     
   3.80799999999991       -75.5851062538083       0.147404055116063     
   3.80899999999991       -75.5984963713703       0.144093064088964     
   3.80999999999991       -75.6119044900928       0.140704900329400     
   3.81099999999991       -75.6253306280182       0.137233886802294     
   3.81199999999991       -75.6387748030779       0.133673624417324     
   3.81299999999991       -75.6522370330907       0.130016824149868     
   3.81399999999991       -75.6657173357628       0.126255150058585     
   3.81499999999991       -75.6792157286842       0.122378979275841     
   3.81599999999991       -75.6927322293261       0.118377129802952     
   3.81699999999991       -75.7062668550426       0.114236440812448     
   3.81799999999991       -75.7198196230648       0.109941284662619     
   3.81899999999991       -75.7333905505016       0.105472862882091     
   3.81999999999991       -75.7469796543366       0.100808199889381     
   3.82099999999991       -75.7605869514259       9.591874074174904E-002
   3.82199999999991       -75.7742124584990       9.076824086406517E-002
   3.82299999999991       -75.7878561921520       8.530950407489457E-002
   3.82399999999991       -75.8015181688504       7.947914611183293E-002
   3.82499999999991       -75.8151984049241       7.318851061800398E-002
   3.82599999999991       -75.8288969165664       6.630682911530646E-002
   3.82699999999991       -75.8426137198327       5.862647669155644E-002
   3.82799999999991       -75.8563488306366       4.977933874740696E-002
   3.82899999999991       -75.8701022647502       3.897924707781367E-002
   3.82999999999991       -75.8838740377983       2.369316749853282E-002
   3.83099999999991       -75.8976630062196       2.679931023197302E-005
   3.83199999999991       -75.9114591530526       7.842684216681958E-006
   3.83299999999991       -75.9252601631980       4.590962984848031E-006
   3.83399999999991       -75.9390660359683       3.238435709188951E-006
   3.83499999999991       -75.9528767706733       2.503454116416689E-006
   3.83599999999991       -75.9666923666194       2.039298397741677E-006
   3.83699999999991       -75.9805128231140       1.720318473230620E-006
   3.83799999999991       -75.9943381394619       1.478184179319146E-006
   3.83899999999991       -76.0081683149674       1.276554406922277E-006
   3.83999999999991       -76.0220033489309       1.091173696473232E-006
   3.84099999999991       -76.0358432406539       9.318990391952534E-007
   3.84199999999991       -76.0496879894354       7.839390277301442E-007
   3.84299999999991       -76.0635375945740       6.557085379850965E-007
   3.84399999999991       -76.0773920553665       5.406394676758334E-007
   3.84499999999991       -76.0912513711062       4.442269601797240E-007
   3.84599999999991       -76.1051155410873       3.600808955820748E-007
   3.84699999999991       -76.1189845646038       2.879346587085034E-007
   3.84799999999991       -76.1328584409431       2.301453566981119E-007
   3.84899999999991       -76.1467371693990       1.816097524957409E-007
   3.84999999999991       -76.1606207492554       1.414827175416633E-007
   3.85099999999991       -76.1745091798000       1.088167071265171E-007
   3.85199999999991       -76.1884024603187       8.262588113705505E-008
   3.85299999999991       -76.2023005900954       6.193945982039632E-008
   3.85399999999991       -76.2162035684116       4.584037756790357E-008
   3.85499999999991       -76.2301113945483       3.349283676327511E-008
   3.85599999999991       -76.2440240677842       2.415923431679327E-008
   3.85699999999991       -76.2579415873999       1.720392683868255E-008
   3.85799999999991       -76.2718639526696       1.209475001632635E-008
   3.85899999999991       -76.2857911628692       8.394106187914474E-009
   3.85999999999991       -76.2997232172744       5.880200548702419E-009
   3.86099999999991       -76.3136601151552       4.069799053318945E-009
   3.86199999999991       -76.3276018557833       2.782733784142029E-009
   3.86299999999990       -76.3415484384284       1.879178479491372E-009
   3.86399999999990       -76.3554998623604       1.253296207555839E-009
   3.86499999999990       -76.3694561268441       8.253992304455929E-010
   3.86599999999990       -76.3834172311466       5.370116943718509E-010
   3.86699999999990       -76.3973831745293       3.449209066512064E-010
   3.86799999999990       -76.4113539562584       2.180574979841291E-010
   3.86899999999990       -76.4253295755944       1.356053047629757E-010
   3.86999999999990       -76.4393100317944       8.266050806800725E-011
   3.87099999999990       -76.4532953241196       4.893319083265624E-011
   3.87199999999990       -76.4672854518272       2.793587583482804E-011
   3.87299999999990       -76.4812804141720       1.536992755291067E-011
   3.87399999999990       -76.4952802104084       7.525128668343465E-012
   3.87499999999990       -76.5092848397899       3.003190289045202E-012
   3.87599999999990       -76.5232943015669       2.136069099378801E-013
   3.87699999999990       -76.5373085949908       1.207774621055554E-012
   3.87799999999990       -76.5513277193104       1.525150376361732E-012
   3.87899999999990       -76.5653516737724       1.743309200700575E-012
   3.87999999999990       -76.5793804576225       2.545889425202101E-012
   3.88099999999990       -76.5934140701080       2.860785682419949E-012
   3.88199999999990       -76.6074525104671       3.001561961942419E-012
   3.88299999999990       -76.6214957779470       3.430182064316038E-012
   3.88399999999990       -76.6355438717838       3.715879455986244E-012
   3.88499999999990       -76.6495967912205       3.628837970855633E-012
   3.88599999999990       -76.6636545354932       3.879785381855072E-012
   3.88699999999990       -76.6777171038380       3.724872262485708E-012
   3.88799999999990       -76.6917844954889       3.920271514819736E-012
   3.88899999999990       -76.7058567096827       3.768393005051014E-012
   3.88999999999990       -76.7199337456476       3.831601702586340E-012
   3.89099999999990       -76.7340156026172       3.466523364655435E-012
   3.89199999999990       -76.7481022798211       3.124574673070887E-012
   3.89299999999990       -76.7621937764859       2.644995333866973E-012
   3.89399999999990       -76.7762900918394       2.546555559016876E-012
   3.89499999999990       -76.7903912251051       3.270457978506632E-012
   3.89599999999990       -76.8044971755106       2.964369490617476E-012
   3.89699999999990       -76.8186079422764       2.605693438795242E-012
   3.89799999999990       -76.8327235246238       2.435015152476202E-012
   3.89899999999990       -76.8468439217708       2.616869683909802E-012
   3.89999999999990       -76.8609691329395       2.624752267384641E-012
   3.90099999999990       -76.8750991573461       2.894499454934400E-012
   3.90199999999990       -76.8892339942055       2.844280366787189E-012
   3.90299999999990       -76.9033736427317       2.699174217468681E-012
   3.90399999999990       -76.9175181021398       2.690847544783992E-012
   3.90499999999990       -76.9316673716410       2.563801023332720E-012
   3.90599999999990       -76.9458214504436       2.427835710250292E-012
   3.90699999999990       -76.9599803377588       2.056836182854719E-012
   3.90799999999990       -76.9741440327921       2.041552112549046E-012
   3.90899999999990       -76.9883125347533       1.840453715355276E-012
   3.90999999999990       -77.0024858428448       1.723362193691476E-012
   3.91099999999990       -77.0166639562706       1.700380577081736E-012
   3.91199999999990       -77.0308468742326       1.940151742966615E-012
   3.91299999999990       -77.0450345959319       1.797784143775516E-012
   3.91399999999990       -77.0592271205691       1.828537321557633E-012
   3.91499999999990       -77.0734244473409       2.017830347256222E-012
   3.91599999999990       -77.0876265754449       1.680322547770174E-012
   3.91699999999990       -77.1018335040771       1.438515973006815E-012
   3.91799999999990       -77.1160452324324       1.533699093651345E-012
   3.91899999999990       -77.1302617597008       2.271849375290458E-012
   3.91999999999990       -77.1444830850735       2.389718053071495E-012
   3.92099999999990       -77.1587092077437       1.880532766544244E-012
   3.92199999999990       -77.1729401269008       2.067309286720350E-012
   3.92299999999990       -77.1871758417276       1.876535963655594E-012
   3.92399999999990       -77.2014163514137       1.793454273979478E-012
   3.92499999999990       -77.2156616551419       2.099135680092938E-012
   3.92599999999990       -77.2299117520987       2.108276516329018E-012
   3.92699999999990       -77.2441666414625       2.261265249122365E-012
   3.92799999999990       -77.2584263224173       2.543668979152850E-012
   3.92899999999990       -77.2726907941398       2.030671926907720E-012
   3.92999999999990       -77.2869600558093       2.019532689227314E-012
   3.93099999999990       -77.3012341066009       2.156867277373446E-012
   3.93199999999990       -77.3155129456936       2.084295698997115E-012
   3.93299999999990       -77.3297965722578       2.053246461741765E-012
   3.93399999999990       -77.3440849854685       1.970090757197340E-012
   3.93499999999990       -77.3583781844966       2.078559546703218E-012
   3.93599999999990       -77.3726761685114       2.068530532047438E-012
   3.93699999999990       -77.3869789366807       2.334021864669467E-012
   3.93799999999990       -77.4012864881750       2.472688720445149E-012
   3.93899999999990       -77.4155988221585       1.822579124658811E-012
   3.93999999999990       -77.4299159377953       1.645942641440949E-012
   3.94099999999990       -77.4442378342492       1.933675441989635E-012
   3.94199999999990       -77.4585645106847       2.074784788419493E-012
   3.94299999999990       -77.4728959662582       2.114604787569382E-012
   3.94399999999990       -77.4872322001327       2.296348296700520E-012
   3.94499999999990       -77.5015732114653       1.792714125296395E-012
   3.94599999999990       -77.5159189994136       1.513826101510555E-012
   3.94699999999990       -77.5302695631315       1.623960225553371E-012
   3.94799999999990       -77.5446249017741       1.433334932225231E-012
   3.94899999999990       -77.5589850144932       1.438626995309278E-012
   3.94999999999990       -77.5733499004416       1.316243410561431E-012
   3.95099999999990       -77.5877195587695       1.621665764635812E-012
   3.95199999999990       -77.6020939886259       1.436628593864953E-012
   3.95299999999990       -77.6164731891575       1.387334691571596E-012
   3.95399999999989       -77.6308571595111       1.149487912262733E-012
   3.95499999999989       -77.6452458988327       9.238905936589010E-013
   3.95599999999989       -77.6596394062637       9.558650167681055E-013
   3.95699999999989       -77.6740376809473       1.339225027171172E-012
   3.95799999999989       -77.6884407220267       1.337115603424384E-012
   3.95899999999989       -77.7028485286388       1.193156684564656E-012
   3.95999999999989       -77.7172610999238       1.316798522073744E-012
   3.96099999999989       -77.7316784350188       1.225797241488635E-012
   3.96199999999989       -77.7461005330578       1.423268910135296E-012
   3.96299999999989       -77.7605273931786       1.210365141446346E-012
   3.96399999999989       -77.7749590145113       1.230719230231140E-012
   3.96499999999989       -77.7893953961888       1.365685342591405E-012
   3.96599999999989       -77.8038365373426       1.108816742127298E-012
   3.96699999999989       -77.8182824371009       1.400657367867097E-012
   3.96799999999989       -77.8327330945928       1.439848240636366E-012
   3.96899999999989       -77.8471885089450       1.403580955165277E-012
   3.96999999999989       -77.8616486792829       1.317834730230061E-012
   3.97099999999989       -77.8761136047293       1.409391122327482E-012
   3.97199999999989       -77.8905832844096       1.129577912687789E-012
   3.97299999999989       -77.9050577174422       1.167547540129969E-012
   3.97399999999989       -77.9195369029503       1.026142134226878E-012
   3.97499999999989       -77.9340208400507       8.325932536005590E-013
   3.97599999999989       -77.9485095278630       9.705569681273118E-013
   3.97699999999989       -77.9630029655020       1.146416295227937E-012
   3.97799999999989       -77.9775011520840       1.166770384012731E-012
   3.97899999999989       -77.9920040867231       1.240563207716150E-012
   3.97999999999989       -78.0065117685297       1.646682790124032E-012
   3.98099999999989       -78.0210241966189       1.387815788215600E-012
   3.98199999999989       -78.0355413700965       1.338928967697939E-012
   3.98299999999989       -78.0500632880736       1.619334296284099E-012
   3.98399999999989       -78.0645899496580       1.499097142717195E-012
   3.98499999999989       -78.0791213539543       1.599202252104230E-012
   3.98599999999989       -78.0936575000682       1.601237660982709E-012
   3.98699999999989       -78.1081983871043       1.670552585153473E-012
   3.98799999999989       -78.1227440141623       1.610119445179710E-012
   3.98899999999989       -78.1372943803462       1.629844407583884E-012
   3.98999999999989       -78.1518494847537       1.543247011663122E-012
   3.99099999999989       -78.1664093264853       1.402507739574806E-012
   3.99199999999989       -78.1809739046365       1.305881328998263E-012
   3.99299999999989       -78.1955432183029       1.405542349175448E-012
   3.99399999999989       -78.2101172665802       1.594539315400804E-012
   3.99499999999989       -78.2246960485626       1.576997791611727E-012
   3.99599999999989       -78.2392795633417       1.526593666293744E-012
   3.99699999999989       -78.2538678100092       1.486477607670622E-012
   3.99799999999989       -78.2684607876518       1.242487594292167E-012
   3.99899999999989       -78.2830584953598       1.447545786940433E-012
