   3.00000000000000       -69.6192840671643       0.736979607814871     
   3.00100000000000       -69.6245637257341       0.736678809410307     
   3.00200000000000       -69.6298491424928       0.736377541820061     
   3.00300000000000       -69.6351403249247       0.736075804682418     
   3.00400000000000       -69.6404372805222       0.735773597009520     
   3.00500000000000       -69.6457400167943       0.735470917808843     
   3.00600000000000       -69.6510485412593       0.735167766085962     
   3.00700000000000       -69.6563628614502       0.734864140842936     
   3.00800000000000       -69.6616829849090       0.734560041079690     
   3.00900000000000       -69.6670089191899       0.734255465793450     
   3.01000000000000       -69.6723406718635       0.733950413976878     
   3.01100000000000       -69.6776782505081       0.733644884621411     
   3.01200000000000       -69.6830216627150       0.733338876715209     
   3.01300000000000       -69.6883709160905       0.733032389242286     
   3.01400000000000       -69.6937260182471       0.732725421186268     
   3.01500000000000       -69.6990869768159       0.732417971525034     
   3.01600000000000       -69.7044537994383       0.732110039234800     
   3.01700000000000       -69.7098264937643       0.731801623289519     
   3.01800000000000       -69.7152050674620       0.731492722658348     
   3.01900000000000       -69.7205895282093       0.731183336308410     
   3.02000000000000       -69.7259798836936       0.730873463204502     
   3.02100000000000       -69.7313761416192       0.730563102307240     
   3.02200000000000       -69.7367783097016       0.730252252574126     
   3.02300000000000       -69.7421863956654       0.729940912961138     
   3.02400000000000       -69.7476004072538       0.729629082418806     
   3.02500000000000       -69.7530203522149       0.729316759897242     
   3.02600000000000       -69.7584462383156       0.729003944341337     
   3.02700000000000       -69.7638780733317       0.728690634694030     
   3.02800000000000       -69.7693158650542       0.728376829894248     
   3.02900000000000       -69.7747596212844       0.728062528878621     
   3.03000000000000       -69.7802093498371       0.727747730580319     
   3.03100000000000       -69.7856650585377       0.727432433929888     
   3.03200000000000       -69.7911267552297       0.727116637852779     
   3.03300000000000       -69.7965944477625       0.726800341273943     
   3.03400000000000       -69.8020681440039       0.726483543112651     
   3.03500000000000       -69.8075478518292       0.726166242287139     
   3.03600000000000       -69.8130335791306       0.725848437710976     
   3.03700000000000       -69.8185253338102       0.725530128294980     
   3.03800000000000       -69.8240231237851       0.725211311244374     
   3.03900000000000       -69.8295269569849       0.724891988842597     
   3.04000000000000       -69.8350368413481       0.724572158314194     
   3.04100000000000       -69.8405527848318       0.724251818555467     
   3.04200000000000       -69.8460747954022       0.723930968461390     
   3.04300000000000       -69.8516028810399       0.723609606922826     
   3.04400000000000       -69.8571370497373       0.723287732827599     
   3.04500000000000       -69.8626773095007       0.722965345060030     
   3.04599999999999       -69.8682236683489       0.722642442501115     
   3.04699999999999       -69.8737761343137       0.722319024028391     
   3.04799999999999       -69.8793347154405       0.721995088516058     
   3.04899999999999       -69.8848994197861       0.721670634835216     
   3.04999999999999       -69.8904702554218       0.721345661853143     
   3.05099999999999       -69.8960472304307       0.721020168434103     
   3.05199999999999       -69.9016303529098       0.720694153438688     
   3.05299999999999       -69.9072196309710       0.720367615723301     
   3.05399999999999       -69.9128150727365       0.720040554141869     
   3.05499999999999       -69.9184166863417       0.719712967544946     
   3.05599999999999       -69.9240244799367       0.719384854778791     
   3.05699999999999       -69.9296384616848       0.719056214686576     
   3.05799999999999       -69.9352586397607       0.718727046108102     
   3.05899999999999       -69.9408850223554       0.718397347878631     
   3.05999999999999       -69.9465176176688       0.718067118832093     
   3.06099999999999       -69.9521564339182       0.717736357796165     
   3.06199999999999       -69.9578014793314       0.717405063597063     
   3.06299999999999       -69.9634527621534       0.717073235055275     
   3.06399999999999       -69.9691102906355       0.716740870990575     
   3.06499999999999       -69.9747740730519       0.716407970215533     
   3.06599999999999       -69.9804441176819       0.716074531542164     
   3.06699999999999       -69.9861204328214       0.715740553777645     
   3.06799999999999       -69.9918030267818       0.715406035724514     
   3.06899999999999       -69.9974919078829       0.715070976183779     
   3.06999999999999       -70.0031870844638       0.714735373950463     
   3.07099999999999       -70.0088885648743       0.714399227816876     
   3.07199999999999       -70.0145963574751       0.714062536572755     
   3.07299999999999       -70.0203104706460       0.713725299001639     
   3.07399999999999       -70.0260309127779       0.713387513884573     
   3.07499999999999       -70.0317576922715       0.713049180000152     
   3.07599999999999       -70.0374908175493       0.712710296119952     
   3.07699999999999       -70.0432302970386       0.712370861015299     
   3.07799999999999       -70.0489761391864       0.712030873451285     
   3.07899999999999       -70.0547283524542       0.711690332188635     
   3.07999999999999       -70.0604869453114       0.711349235986829     
   3.08099999999999       -70.0662519262463       0.711007583599386     
   3.08199999999999       -70.0720233037579       0.710665373776872     
   3.08299999999999       -70.0778010863605       0.710322605265415     
   3.08399999999999       -70.0835852825835       0.709979276807108     
   3.08499999999999       -70.0893759009681       0.709635387140370     
   3.08599999999999       -70.0951729500690       0.709290934999966     
   3.08699999999999       -70.1009764384563       0.708945919116201     
   3.08799999999999       -70.1067863747148       0.708600338215100     
   3.08899999999999       -70.1126027674404       0.708254191019509     
   3.08999999999999       -70.1184256252471       0.707907476246842     
   3.09099999999999       -70.1242549567583       0.707560192612264     
   3.09199999999999       -70.1300907706140       0.707212338825695     
   3.09299999999999       -70.1359330754684       0.706863913593102     
   3.09399999999999       -70.1417818799897       0.706514915616145     
   3.09499999999999       -70.1476371928590       0.706165343593050     
   3.09599999999999       -70.1534990227721       0.705815196217574     
   3.09699999999999       -70.1593673784406       0.705464472178501     
   3.09799999999999       -70.1652422685883       0.705113170161537     
   3.09899999999999       -70.1711237019535       0.704761288847692     
   3.09999999999999       -70.1770116872895       0.704408826913825     
   3.10099999999999       -70.1829062333624       0.704055783032745     
   3.10199999999999       -70.1888073489557       0.703702155872025     
   3.10299999999999       -70.1947150428655       0.703347944095681     
   3.10399999999999       -70.2006293238978       0.702993146364935     
   3.10499999999999       -70.2065502008824       0.702637761333146     
   3.10599999999999       -70.2124776826545       0.702281785746941     
   3.10699999999999       -70.2184117780694       0.701925222033341     
   3.10799999999999       -70.2243524959940       0.701568066959133     
   3.10899999999999       -70.2302998453105       0.701210319162287     
   3.10999999999999       -70.2362538349178       0.700851977275376     
   3.11099999999999       -70.2422144737236       0.700493039928789     
   3.11199999999999       -70.2481817706566       0.700133505746062     
   3.11299999999999       -70.2541557346563       0.699773373347428     
   3.11399999999999       -70.2601363746773       0.699412641348533     
   3.11499999999999       -70.2661236996888       0.699051308360772     
   3.11599999999999       -70.2721177186781       0.698689372989344     
   3.11699999999999       -70.2781184406403       0.698326833837492     
   3.11799999999999       -70.2841258745927       0.697963689501446     
   3.11899999999999       -70.2901400295605       0.697599938574933     
   3.11999999999999       -70.2961609145886       0.697235579645393     
   3.12099999999999       -70.3021885387359       0.696870611295882     
   3.12199999999999       -70.3082229110725       0.696505032106154     
   3.12299999999999       -70.3142640406889       0.696138840649206     
   3.12399999999999       -70.3203119366858       0.695772035494862     
   3.12499999999999       -70.3263666081815       0.695404615207522     
   3.12599999999999       -70.3324280643074       0.695036578347206     
   3.12699999999999       -70.3384963142119       0.694667923468673     
   3.12799999999999       -70.3445713670569       0.694298649122039     
   3.12899999999999       -70.3506532320191       0.693928753853121     
   3.12999999999999       -70.3567419182903       0.693558236202383     
   3.13099999999999       -70.3628374350803       0.693187094704764     
   3.13199999999999       -70.3689397916082       0.692815327891989     
   3.13299999999999       -70.3750489971134       0.692442934289426     
   3.13399999999999       -70.3811650608477       0.692069912418018     
   3.13499999999999       -70.3872879920798       0.691696260793665     
   3.13599999999999       -70.3934178000915       0.691321977927439     
   3.13699999999998       -70.3995544941808       0.690947062325416     
   3.13799999999998       -70.4056980836631       0.690571512487828     
   3.13899999999998       -70.4118485778647       0.690195326911249     
   3.13999999999998       -70.4180059861302       0.689818504086112     
   3.14099999999998       -70.4241703178188       0.689441042498194     
   3.14199999999998       -70.4303415823059       0.689062940627659     
   3.14299999999998       -70.4365197889798       0.688684196950364     
   3.14399999999998       -70.4427049472475       0.688304809935805     
   3.14499999999998       -70.4488970665285       0.687924778049618     
   3.14599999999998       -70.4550961562596       0.687544099751117     
   3.14699999999998       -70.4613022258921       0.687162773494925     
   3.14799999999998       -70.4675152848934       0.686780797730038     
   3.14899999999998       -70.4737353427463       0.686398170900511     
   3.14999999999998       -70.4799624089476       0.686014891445190     
   3.15099999999998       -70.4861964930138       0.685630957796446     
   3.15199999999998       -70.4924376044719       0.685246368382708     
   3.15299999999998       -70.4986857528678       0.684861121626386     
   3.15399999999998       -70.5049409477627       0.684475215943979     
   3.15499999999998       -70.5112031987320       0.684088649747376     
   3.15599999999998       -70.5174725153683       0.683701421442507     
   3.15699999999998       -70.5237489072796       0.683313529429688     
   3.15799999999998       -70.5300323840893       0.682924972103813     
   3.15899999999998       -70.5363229554369       0.682535747854330     
   3.15999999999998       -70.5426206309777       0.682145855065105     
   3.16099999999998       -70.5489254203818       0.681755292114381     
   3.16199999999998       -70.5552373333374       0.681364055301094     
   3.16299999999998       -70.5615563795482       0.680972147102074     
   3.16399999999998       -70.5678825687305       0.680579563841350     
   3.16499999999998       -70.5742159106207       0.680186303873882     
   3.16599999999998       -70.5805564149695       0.679792365549205     
   3.16699999999998       -70.5869040915428       0.679397747211399     
   3.16799999999998       -70.5932589501241       0.679002447198052     
   3.16899999999998       -70.5996210005120       0.678606463841548     
   3.16999999999998       -70.6059902525222       0.678209795467710     
   3.17099999999998       -70.6123667159849       0.677812440397083     
   3.17199999999998       -70.6187504007477       0.677414396943911     
   3.17299999999998       -70.6251413166729       0.677015663417168     
   3.17399999999998       -70.6315394736420       0.676616238118383     
   3.17499999999998       -70.6379448815511       0.676216119343766     
   3.17599999999998       -70.6443575503095       0.675815305384622     
   3.17699999999998       -70.6507774898489       0.675413794524113     
   3.17799999999998       -70.6572047101115       0.675011585041038     
   3.17899999999998       -70.6636392210602       0.674608675206706     
   3.17999999999998       -70.6700810326713       0.674205063287335     
   3.18099999999998       -70.6765301549392       0.673800747541986     
   3.18199999999998       -70.6829865978740       0.673395726224198     
   3.18299999999998       -70.6894503715025       0.672989997580788     
   3.18399999999998       -70.6959214858679       0.672583559852539     
   3.18499999999998       -70.7023999510301       0.672176411273510     
   3.18599999999998       -70.7088857770649       0.671768550071921     
   3.18699999999998       -70.7153789740658       0.671359974469028     
   3.18799999999998       -70.7218795521417       0.670950682680054     
   3.18899999999998       -70.7283875214192       0.670540672913360     
   3.18999999999998       -70.7349028920394       0.670129943371575     
   3.19099999999998       -70.7414256741644       0.669718492249469     
   3.19199999999998       -70.7479558779689       0.669306317736185     
   3.19299999999998       -70.7544935136444       0.668893418014801     
   3.19399999999998       -70.7610385914027       0.668479791260018     
   3.19499999999998       -70.7675911214695       0.668065435641036     
   3.19599999999998       -70.7741511140873       0.667650349320679     
   3.19699999999998       -70.7807185795178       0.667234530453616     
   3.19799999999998       -70.7872935280354       0.666817977189350     
   3.19899999999998       -70.7938759699362       0.666400687669420     
   3.19999999999998       -70.8004659155296       0.665982660028967     
   3.20099999999998       -70.8070633751440       0.665563892396147     
   3.20199999999998       -70.8136683591241       0.665144382892144     
   3.20299999999998       -70.8202808778313       0.664724129631065     
   3.20399999999998       -70.8269009416447       0.664303130720325     
   3.20499999999998       -70.8335285609600       0.663881384259899     
   3.20599999999998       -70.8401637461900       0.663458888343356     
   3.20699999999998       -70.8468065077649       0.663035641056297     
   3.20799999999998       -70.8534568561321       0.662611640477450     
   3.20899999999998       -70.8601148017557       0.662186884678878     
   3.20999999999998       -70.8667803551181       0.661761369474096     
   3.21099999999998       -70.8734535267167       0.661335097378984     
   3.21199999999998       -70.8801343270687       0.660908064234182     
   3.21299999999998       -70.8868227667077       0.660480268082180     
   3.21399999999998       -70.8935188561838       0.660051706958305     
   3.21499999999998       -70.9002226060662       0.659622378889866     
   3.21599999999998       -70.9069340269393       0.659192281897188     
   3.21699999999998       -70.9136531294066       0.658761413992637     
   3.21799999999998       -70.9203799240879       0.658329773181648     
   3.21899999999998       -70.9271144216218       0.657897357461426     
   3.21999999999998       -70.9338566326624       0.657464164822155     
   3.22099999999998       -70.9406065678848       0.657030193245007     
   3.22199999999998       -70.9473642379773       0.656595440705489     
   3.22299999999998       -70.9541296536482       0.656159905169840     
   3.22399999999998       -70.9609028256238       0.655723584596944     
   3.22499999999998       -70.9676837646475       0.655286476937479     
   3.22599999999998       -70.9744724814786       0.654848580135099     
   3.22699999999997       -70.9812689868982       0.654409892124348     
   3.22799999999997       -70.9880732917003       0.653970410833088     
   3.22899999999997       -70.9948854066999       0.653530134179831     
   3.22999999999997       -71.0017053427296       0.653089060075927     
   3.23099999999997       -71.0085331106378       0.652647186424239     
   3.23199999999997       -71.0153687212926       0.652204511119753     
   3.23299999999997       -71.0222121855792       0.651761032048963     
   3.23399999999997       -71.0290635144014       0.651316747089906     
   3.23499999999997       -71.0359227186797       0.650871654112966     
   3.23599999999997       -71.0427898093538       0.650425750979449     
   3.23699999999997       -71.0496647973813       0.649979035542775     
   3.23799999999997       -71.0565476937353       0.649531505648079     
   3.23899999999997       -71.0634385094110       0.649083159131366     
   3.23999999999997       -71.0703372554189       0.648633993820438     
   3.24099999999997       -71.0772439427885       0.648184007534563     
   3.24199999999997       -71.0841585825670       0.647733198084214     
   3.24299999999997       -71.0910811858200       0.647281563271468     
   3.24399999999997       -71.0980117636323       0.646829100889065     
   3.24499999999997       -71.1049503271046       0.646375808721671     
   3.24599999999997       -71.1118968873574       0.645921684544896     
   3.24699999999997       -71.1188514555292       0.645466726125130     
   3.24799999999997       -71.1258140427777       0.645010931219940     
   3.24899999999997       -71.1327846602764       0.644554297578498     
   3.24999999999997       -71.1397633192198       0.644096822940062     
   3.25099999999997       -71.1467500308211       0.643638502626404     
   3.25199999999997       -71.1537448063075       0.643179339127282     
   3.25299999999997       -71.1607476569304       0.642719327793921     
   3.25399999999997       -71.1677585939549       0.642258466329888     
   3.25499999999997       -71.1747776286682       0.641796752428118     
   3.25599999999997       -71.1818047723746       0.641334183772890     
   3.25699999999997       -71.1888400363942       0.640870758039792     
   3.25799999999997       -71.1958834320723       0.640406472892861     
   3.25899999999997       -71.2029349707656       0.639941325988802     
   3.25999999999997       -71.2099946638537       0.639475314973506     
   3.26099999999997       -71.2170625227340       0.639008437483527     
   3.26199999999997       -71.2241385588229       0.638540691145371     
   3.26299999999997       -71.2312227835539       0.638072073576473     
   3.26399999999997       -71.2383152083811       0.637602582383812     
   3.26499999999997       -71.2454158447766       0.637132215164482     
   3.26599999999997       -71.2525247042309       0.636660969506446     
   3.26699999999997       -71.2596417982537       0.636188842986787     
   3.26799999999997       -71.2667671383753       0.635715833172631     
   3.26899999999997       -71.2739007361408       0.635241937621507     
   3.26999999999997       -71.2810426031179       0.634767153880122     
   3.27099999999997       -71.2881927508916       0.634291479485590     
   3.27199999999997       -71.2953511910681       0.633814911963582     
   3.27299999999997       -71.3025179352685       0.633337448830814     
   3.27399999999997       -71.3096929951359       0.632859087592937     
   3.27499999999997       -71.3168763823323       0.632379825744604     
   3.27599999999997       -71.3240681085376       0.631899660770736     
   3.27699999999997       -71.3312681854516       0.631418590145476     
   3.27799999999997       -71.3384766247935       0.630936611331272     
   3.27899999999997       -71.3456934383018       0.630453721780923     
   3.27999999999997       -71.3529186377318       0.629969918936586     
   3.28099999999997       -71.3601522348615       0.629485200228415     
   3.28199999999997       -71.3673942414861       0.628999563076518     
   3.28299999999997       -71.3746446694214       0.628513004888830     
   3.28399999999997       -71.3819035304995       0.628025523064175     
   3.28499999999997       -71.3891708365762       0.627537114988121     
   3.28599999999997       -71.3964465995236       0.627047775512110     
   3.28699999999997       -71.4037308312349       0.626557506992757     
   3.28799999999997       -71.4110235436199       0.626066304312896     
   3.28899999999997       -71.4183247486119       0.625574164813139     
   3.28999999999997       -71.4256344581600       0.625081085823133     
   3.29099999999997       -71.4329526842363       0.624587064660460     
   3.29199999999997       -71.4402794388288       0.624092098631776     
   3.29299999999997       -71.4476147339477       0.623596185031340     
   3.29399999999997       -71.4549585816219       0.623099321141886     
   3.29499999999997       -71.4623109938996       0.622601504233753     
   3.29599999999997       -71.4696719828501       0.622102731565640     
   3.29699999999997       -71.4770415605592       0.621603000384939     
   3.29799999999997       -71.4844197391358       0.621102307925607     
   3.29899999999997       -71.4918065307081       0.620600651409436     
   3.29999999999997       -71.4992019474203       0.620098028047880     
   3.30099999999997       -71.5066060014424       0.619594435037112     
   3.30199999999997       -71.5140187049580       0.619089869563606     
   3.30299999999997       -71.5214400701755       0.618584328799017     
   3.30399999999997       -71.5288701093203       0.618077809904024     
   3.30499999999997       -71.5363088346400       0.617570310025135     
   3.30599999999997       -71.5437562583995       0.617061826297489     
   3.30699999999997       -71.5512123928857       0.616552355842781     
   3.30799999999997       -71.5586772504023       0.616041895769888     
   3.30899999999997       -71.5661508432769       0.615530443174471     
   3.30999999999997       -71.5736331838577       0.615017995137746     
   3.31099999999997       -71.5811242845080       0.614504548730712     
   3.31199999999997       -71.5886241576142       0.613990101008841     
   3.31299999999997       -71.5961328155846       0.613474649014071     
   3.31399999999997       -71.6036502708435       0.612958189776437     
   3.31499999999997       -71.6111765358372       0.612440720311623     
   3.31599999999997       -71.6187116230338       0.611922237620943     
   3.31699999999997       -71.6262555449197       0.611402738692805     
   3.31799999999996       -71.6338083140014       0.610882217792320     
   3.31899999999996       -71.6413699428098       0.610360677234085     
   3.31999999999996       -71.6489404438870       0.609838111319121     
   3.32099999999996       -71.6565198298061       0.609314516977437     
   3.32199999999996       -71.6641081131532       0.608789891127818     
   3.32299999999996       -71.6717053065371       0.608264230673846     
   3.32399999999996       -71.6793114225867       0.607737532504592     
   3.32499999999996       -71.6869264739519       0.607209793494837     
   3.32599999999996       -71.6945504733038       0.606681010503962     
   3.32699999999996       -71.7021834333311       0.606151180378009     
   3.32799999999996       -71.7098253667459       0.605620299946904     
   3.32899999999996       -71.7174762862802       0.605088366026094     
   3.32999999999996       -71.7251362046838       0.604555375416408     
   3.33099999999996       -71.7328051347325       0.604021324902587     
   3.33199999999996       -71.7404830892177       0.603486211254790     
   3.33299999999996       -71.7481700809529       0.602950031228257     
   3.33399999999996       -71.7558661227717       0.602412781562126     
   3.33499999999996       -71.7635712275323       0.601874458979358     
   3.33599999999996       -71.7712854081087       0.601335060188170     
   3.33699999999996       -71.7790086773975       0.600794581880902     
   3.33799999999996       -71.7867410483157       0.600253020734124     
   3.33899999999996       -71.7944825338028       0.599710373406945     
   3.33999999999996       -71.8022331468162       0.599166636544774     
   3.34099999999996       -71.8099929003363       0.598621806774433     
   3.34199999999996       -71.8177618073636       0.598075880707764     
   3.34299999999996       -71.8255398809193       0.597528854939739     
   3.34399999999996       -71.8333271340470       0.596980726048137     
   3.34499999999996       -71.8411235798077       0.596431487792273     
   3.34599999999996       -71.8489292312870       0.595881142253448     
   3.34699999999996       -71.8567441015898       0.595329683223954     
   3.34799999999996       -71.8645682038434       0.594777107213784     
   3.34899999999996       -71.8724015511926       0.594223410717670     
   3.34999999999996       -71.8802441568076       0.593668590210527     
   3.35099999999996       -71.8880960338744       0.593112642152651     
   3.35199999999996       -71.8959571956077       0.592555562982817     
   3.35299999999996       -71.9038276552360       0.591997349125718     
   3.35399999999996       -71.9117074260134       0.591437996985903     
   3.35499999999996       -71.9195965212121       0.590877502951653     
   3.35599999999996       -71.9274949541289       0.590315863391275     
   3.35699999999996       -71.9354027380783       0.589753074656014     
   3.35799999999996       -71.9433198863977       0.589189133079059     
   3.35899999999996       -71.9512464124471       0.588624034973412     
   3.35999999999996       -71.9591823296053       0.588057776634822     
   3.36099999999996       -71.9671276512724       0.587490354340265     
   3.36199999999996       -71.9750823908724       0.586921764346370     
   3.36299999999996       -71.9830465618496       0.586352002891679     
   3.36399999999996       -71.9910201776659       0.585781066196242     
   3.36499999999996       -71.9990032518105       0.585208950459052     
   3.36599999999996       -72.0069957977912       0.584635651859899     
   3.36699999999996       -72.0149978291351       0.584061166560626     
   3.36799999999996       -72.0230093593963       0.583485490700000     
   3.36899999999996       -72.0310304021442       0.582908620400114     
   3.36999999999996       -72.0390609709724       0.582330548801334     
   3.37099999999996       -72.0471010794987       0.581751277824662     
   3.37199999999996       -72.0551507413570       0.581170800646594     
   3.37299999999996       -72.0632099702064       0.580589113305879     
   3.37399999999996       -72.0712787797271       0.580006211820411     
   3.37499999999996       -72.0793571836198       0.579422092187641     
   3.37599999999996       -72.0874451956095       0.578836750382407     
   3.37699999999996       -72.0955428294374       0.578250182361134     
   3.37799999999996       -72.1036500988725       0.577662384055745     
   3.37899999999996       -72.1117670177016       0.577073351378497     
   3.37999999999996       -72.1198935997330       0.576483080219491     
   3.38099999999996       -72.1280298588006       0.575891566445747     
   3.38199999999996       -72.1361758087562       0.575298805903131     
   3.38299999999996       -72.1443314634732       0.574704794415445     
   3.38399999999996       -72.1524968368503       0.574109527782848     
   3.38499999999996       -72.1606719428040       0.573513001783634     
   3.38599999999996       -72.1688567952751       0.572915212173264     
   3.38699999999996       -72.1770514082257       0.572316154683603     
   3.38799999999996       -72.1852557956391       0.571715825023279     
   3.38899999999996       -72.1934699715215       0.571114218877885     
   3.38999999999996       -72.2016939498993       0.570511331909571     
   3.39099999999996       -72.2099277448218       0.569907159756044     
   3.39199999999996       -72.2181713703615       0.569301694952131     
   3.39299999999996       -72.2264248406094       0.568694939160404     
   3.39399999999996       -72.2346881696820       0.568086884949866     
   3.39499999999996       -72.2429613717159       0.567477527861029     
   3.39599999999996       -72.2512444608700       0.566866863409776     
   3.39699999999996       -72.2595374513254       0.566254887086410     
   3.39799999999996       -72.2678403572840       0.565641594357013     
   3.39899999999996       -72.2761531929721       0.565026980660928     
   3.39999999999996       -72.2844759726363       0.564411041412508     
   3.40099999999996       -72.2928087105462       0.563793771999854     
   3.40199999999996       -72.3011514209901       0.563175167786312     
   3.40299999999996       -72.3095041182832       0.562555224106781     
   3.40399999999996       -72.3178668167611       0.561933936270723     
   3.40499999999996       -72.3262395307806       0.561311299560560     
   3.40599999999996       -72.3346222747205       0.560687309232228     
   3.40699999999996       -72.3430150629830       0.560061960513651     
   3.40799999999996       -72.3514179099909       0.559435248605968     
   3.40899999999995       -72.3598308301907       0.558807168681849     
   3.40999999999995       -72.3682538380510       0.558177715886311     
   3.41099999999995       -72.3766869480606       0.557546885336468     
   3.41199999999995       -72.3851301747331       0.556914668913002     
   3.41299999999995       -72.3935835326015       0.556281067997326     
   3.41399999999995       -72.4020470362244       0.555646074503009     
   3.41499999999995       -72.4105207001786       0.555009683432101     
   3.41599999999995       -72.4190045390679       0.554371889755583     
   3.41699999999995       -72.4274985675149       0.553732688416074     
   3.41799999999995       -72.4360028001644       0.553092074325982     
   3.41899999999995       -72.4445172516853       0.552450042367293     
   3.41999999999995       -72.4530419367671       0.551806587390975     
   3.42099999999995       -72.4615768701228       0.551161704218041     
   3.42199999999995       -72.4701220664879       0.550515387637535     
   3.42299999999995       -72.4786775406188       0.549867632407722     
   3.42399999999995       -72.4872433072958       0.549218433254728     
   3.42499999999995       -72.4958193813189       0.548567784874003     
   3.42599999999995       -72.5044057775143       0.547915681926578     
   3.42699999999995       -72.5130025107272       0.547262119043157     
   3.42799999999995       -72.5216095958287       0.546607090819346     
   3.42899999999995       -72.5302270477065       0.545950591820515     
   3.42999999999995       -72.5388548812772       0.545292613256068     
   3.43099999999995       -72.5474931114748       0.544633156161198     
   3.43199999999995       -72.5561417532588       0.543972211776585     
   3.43299999999995       -72.5648008216090       0.543309774530255     
   3.43399999999995       -72.5734703315305       0.542645838815455     
   3.43499999999995       -72.5821502980452       0.541980398991285     
   3.43599999999995       -72.5908407362053       0.541313449379351     
   3.43699999999995       -72.5995416610777       0.540644984268003     
   3.43799999999995       -72.6082530877570       0.539974997907688     
   3.43899999999995       -72.6169750313573       0.539303484513534     
   3.43999999999995       -72.6257075070171       0.538630438263534     
   3.44099999999995       -72.6344505298950       0.537955853299215     
   3.44199999999995       -72.6432041151755       0.537279723722911     
   3.44299999999995       -72.6519682780610       0.536602043601833     
   3.44399999999995       -72.6607430337806       0.535922806963002     
   3.44499999999995       -72.6695283975829       0.535242007795333     
   3.44599999999995       -72.6783243847409       0.534559636663576     
   3.44699999999995       -72.6871310105484       0.533875694141818     
   3.44799999999995       -72.6959482903223       0.533190170820573     
   3.44899999999995       -72.7047762394031       0.532503060530565     
   3.44999999999995       -72.7136148731512       0.531814357062945     
   3.45099999999995       -72.7224642069516       0.531124054167343     
   3.45199999999995       -72.7313242562104       0.530432145552317     
   3.45299999999995       -72.7401950363583       0.529738624884458     
   3.45399999999995       -72.7490765628459       0.529043485788771     
   3.45499999999995       -72.7579688511458       0.528346721848130     
   3.45599999999995       -72.7668719167559       0.527648326601260     
   3.45699999999995       -72.7757857751957       0.526948293544065     
   3.45799999999995       -72.7847104420047       0.526246616129465     
   3.45899999999995       -72.7936459327482       0.525543287764496     
   3.45999999999995       -72.8025922630102       0.524838301813597     
   3.46099999999995       -72.8115494484017       0.524131648104914     
   3.46199999999995       -72.8205175045503       0.523423326773059     
   3.46299999999995       -72.8294964471123       0.522713327667414     
   3.46399999999995       -72.8384862917619       0.522001643967871     
   3.46499999999995       -72.8474870541967       0.521288268807402     
   3.46599999999995       -72.8564987501385       0.520573195270829     
   3.46699999999995       -72.8655213953282       0.519856416395477     
   3.46799999999995       -72.8745550055319       0.519137925169754     
   3.46899999999995       -72.8835995965374       0.518417714533025     
   3.46999999999995       -72.8926551841539       0.517695777374994     
   3.47099999999995       -72.9017217842119       0.516972106536633     
   3.47199999999995       -72.9107994125687       0.516246694805457     
   3.47299999999995       -72.9198880850988       0.515519534920955     
   3.47399999999995       -72.9289878177025       0.514790616073469     
   3.47499999999995       -72.9380986262993       0.514059937765802     
   3.47599999999995       -72.9472205268334       0.513327489201499     
   3.47699999999995       -72.9563535352723       0.512593262907852     
   3.47799999999995       -72.9654976676011       0.511857251359360     
   3.47899999999995       -72.9746529398316       0.511119446974424     
   3.47999999999995       -72.9838193679951       0.510379842117190     
   3.48099999999995       -72.9929969681482       0.509638429095358     
   3.48199999999995       -73.0021857563655       0.508895200161342     
   3.48299999999995       -73.0113857487477       0.508150147509046     
   3.48399999999995       -73.0205969614134       0.507403263276805     
   3.48499999999995       -73.0298194105078       0.506654539542420     
   3.48599999999995       -73.0390531121957       0.505903968325465     
   3.48699999999995       -73.0482980826641       0.505151537961597     
   3.48799999999995       -73.0575543381228       0.504397247469425     
   3.48899999999995       -73.0668218948017       0.503641085189871     
   3.48999999999995       -73.0761007689563       0.502883042899378     
   3.49099999999995       -73.0853909768616       0.502123112312604     
   3.49199999999995       -73.0946925348139       0.501361285082149     
   3.49299999999995       -73.1040054591331       0.500597552795381     
   3.49399999999995       -73.1133297661606       0.499831906975837     
   3.49499999999995       -73.1226654722606       0.499064339081030     
   3.49599999999995       -73.1320125938160       0.498294840504002     
   3.49699999999995       -73.1413711472347       0.497523402569526     
   3.49799999999995       -73.1507411489461       0.496750016535360     
   3.49899999999995       -73.1601226153991       0.495974669837892     
   3.49999999999994       -73.1695155630679       0.495197360961438     
   3.50099999999994       -73.1789200084454       0.494418077339477     
   3.50199999999994       -73.1883359680478       0.493636809950903     
   3.50299999999994       -73.1977634584112       0.492853549703852     
   3.50399999999994       -73.2072024960966       0.492068287432180     
   3.50499999999994       -73.2166530976831       0.491281013897953     
   3.50599999999994       -73.2261152797743       0.490491719787411     
   3.50699999999994       -73.2355890589929       0.489700395713758     
   3.50799999999994       -73.2450744519850       0.488907032211977     
   3.50899999999994       -73.2545714754166       0.488111619740798     
   3.50999999999994       -73.2640801459756       0.487314144819276     
   3.51099999999994       -73.2736004803727       0.486514605322040     
   3.51199999999994       -73.2831324953392       0.485712987754290     
   3.51299999999994       -73.2926762076254       0.484909282256757     
   3.51399999999994       -73.3022316340069       0.484103478887654     
   3.51499999999994       -73.3117987912768       0.483295567624080     
   3.51599999999994       -73.3213776962530       0.482485538356557     
   3.51699999999994       -73.3309683657712       0.481673380892851     
   3.51799999999994       -73.3405708166896       0.480859084953567     
   3.51899999999994       -73.3501850658899       0.480042640171397     
   3.51999999999994       -73.3598111302696       0.479224032157536     
   3.52099999999994       -73.3694490267516       0.478403258077231     
   3.52199999999994       -73.3790987722791       0.477580303512909     
   3.52299999999994       -73.3887603838127       0.476755157739554     
   3.52399999999994       -73.3984338783391       0.475927809935409     
   3.52499999999994       -73.4081192728619       0.475098249186802     
   3.52599999999994       -73.4178165844072       0.474266464483968     
   3.52699999999994       -73.4275258300206       0.473432444720636     
   3.52799999999994       -73.4372470267702       0.472596178692603     
   3.52899999999994       -73.4469801917432       0.471757651143524     
   3.52999999999994       -73.4567253420461       0.470916858408474     
   3.53099999999994       -73.4664824948104       0.470073785187117     
   3.53199999999994       -73.4762516671821       0.469228419870648     
   3.53299999999994       -73.4860328763322       0.468380750744000     
   3.53399999999994       -73.4958261394504       0.467530765986864     
   3.53499999999994       -73.5056314737456       0.466678453671317     
   3.53599999999994       -73.5154488964487       0.465823801760173     
   3.53699999999994       -73.5252784248096       0.464966798105703     
   3.53799999999994       -73.5351200760984       0.464107426381284     
   3.53899999999994       -73.5449738676071       0.463245682170347     
   3.53999999999994       -73.5548398166418       0.462381549088001     
   3.54099999999994       -73.5647179405364       0.461515014527736     
   3.54199999999994       -73.5746082566383       0.460646065765478     
   3.54299999999994       -73.5845107823186       0.459774689957339     
   3.54399999999994       -73.5944255349660       0.458900874137277     
   3.54499999999994       -73.6043525319891       0.458024605216439     
   3.54599999999994       -73.6142917908163       0.457145865875246     
   3.54699999999994       -73.6242433288956       0.456264650797218     
   3.54799999999994       -73.6342071636926       0.455380942582958     
   3.54899999999994       -73.6441833126969       0.454494727630259     
   3.54999999999994       -73.6541717934110       0.453605992205430     
   3.55099999999994       -73.6641726233609       0.452714722439036     
   3.55199999999994       -73.6741858200902       0.451820904325246     
   3.55299999999994       -73.6842114011612       0.450924523720701     
   3.55399999999994       -73.6942493841570       0.450025562106949     
   3.55499999999994       -73.7042997866760       0.449124013326354     
   3.55599999999994       -73.7143626263403       0.448219858759939     
   3.55699999999994       -73.7244379207844       0.447313083688832     
   3.55799999999994       -73.7345256876670       0.446403673243151     
   3.55899999999994       -73.7446259446612       0.445491612402187     
   3.55999999999994       -73.7547387094617       0.444576885991311     
   3.56099999999994       -73.7648639997792       0.443659474422985     
   3.56199999999994       -73.7750018333441       0.442739370518725     
   3.56299999999994       -73.7851522279028       0.441816554564966     
   3.56399999999994       -73.7953152012217       0.440891010746771     
   3.56499999999994       -73.8054907710851       0.439962723084034     
   3.56599999999994       -73.8156789552929       0.439031675427793     
   3.56699999999994       -73.8258797716660       0.438097847297216     
   3.56799999999994       -73.8360932380392       0.437161230313692     
   3.56899999999994       -73.8463193722676       0.436221803840144     
   3.56999999999994       -73.8565581922233       0.435279551024869     
   3.57099999999994       -73.8668097157943       0.434334454834253     
   3.57199999999994       -73.8770739608876       0.433386498048509     
   3.57299999999994       -73.8873509454252       0.432435663259690     
   3.57399999999994       -73.8976406873471       0.431481928529492     
   3.57499999999994       -73.9079432046108       0.430525284522581     
   3.57599999999994       -73.9182585151891       0.429565709116152     
   3.57699999999994       -73.9285866370725       0.428603184116486     
   3.57799999999994       -73.9389275882677       0.427637691125072     
   3.57899999999994       -73.9492813867981       0.426669211535463     
   3.57999999999994       -73.9596480507023       0.425697722145321     
   3.58099999999994       -73.9700275980355       0.424723212464618     
   3.58199999999994       -73.9804200468692       0.423745659073404     
   3.58299999999994       -73.9908254152911       0.422765042496610     
   3.58399999999994       -74.0012437214032       0.421781343034496     
   3.58499999999994       -74.0116749833254       0.420794540756284     
   3.58599999999994       -74.0221192191896       0.419804610993671     
   3.58699999999994       -74.0325764471470       0.418811542111872     
   3.58799999999994       -74.0430466853614       0.417815309189936     
   3.58899999999994       -74.0535299520124       0.416815891335512     
   3.58999999999994       -74.0640262652936       0.415813267405877     
   3.59099999999993       -74.0745356434153       0.414807411544035     
   3.59199999999993       -74.0850581046019       0.413798310763920     
   3.59299999999993       -74.0955936670909       0.412785938915549     
   3.59399999999993       -74.1061423491353       0.411770273806087     
   3.59499999999993       -74.1167041690017       0.410751292967845     
   3.59599999999993       -74.1272791449708       0.409728969181452     
   3.59699999999993       -74.1378672953383       0.408703288110054     
   3.59799999999993       -74.1484686384128       0.407674222197496     
   3.59899999999993       -74.1590831925151       0.406641747827263     
   3.59999999999993       -74.1697109759814       0.405605841082285     
   3.60099999999993       -74.1803520071608       0.404566473190017     
   3.60199999999993       -74.1910063044150       0.403523628449954     
   3.60299999999993       -74.2016738861189       0.402477277707892     
   3.60399999999993       -74.2123547706594       0.401427395784920     
   3.60499999999993       -74.2230489764373       0.400373957172670     
   3.60599999999993       -74.2337565218640       0.399316931337599     
   3.60699999999993       -74.2444774253655       0.398256301191055     
   3.60799999999993       -74.2552117053769       0.397192035767706     
   3.60899999999993       -74.2659593803486       0.396124108170818     
   3.60999999999993       -74.2767204687390       0.395052486521688     
   3.61099999999993       -74.2874949890209       0.393977152148505     
   3.61199999999993       -74.2982829596774       0.392898072685669     
   3.61299999999993       -74.3090843992021       0.391815219736256     
   3.61399999999993       -74.3198993261001       0.390728559909490     
   3.61499999999993       -74.3307277588867       0.389638072929952     
   3.61599999999993       -74.3415697160897       0.388543724861062     
   3.61699999999993       -74.3524252162440       0.387445485681478     
   3.61799999999993       -74.3632942778976       0.386343320308490     
   3.61899999999993       -74.3741769196064       0.385237206827869     
   3.61999999999993       -74.3850731599378       0.384127109550772     
   3.62099999999993       -74.3959830174657       0.383012996690837     
   3.62199999999993       -74.4069065107761       0.381894831280942     
   3.62299999999993       -74.4178436584640       0.380772589718710     
   3.62399999999993       -74.4287944791317       0.379646234364507     
   3.62499999999993       -74.4397589913905       0.378515731512186     
   3.62599999999993       -74.4507372138612       0.377381042095972     
   3.62699999999993       -74.4617291651719       0.376242140766835     
   3.62799999999993       -74.4727348639586       0.375098987715608     
   3.62899999999993       -74.4837543288640       0.373951542415783     
   3.62999999999993       -74.4947875785407       0.372799777646840     
   3.63099999999993       -74.5058346316463       0.371643652063877     
   3.63199999999993       -74.5168955068470       0.370483128170355     
   3.63299999999993       -74.5279702228154       0.369318162916060     
   3.63399999999993       -74.5390587982290       0.368148727192427     
   3.63499999999993       -74.5501612517746       0.366974777045341     
   3.63599999999993       -74.5612776021414       0.365796267611587     
   3.63699999999993       -74.5724078680264       0.364613167792691     
   3.63799999999993       -74.5835520681329       0.363425431736952     
   3.63899999999993       -74.5947102211659       0.362233012591008     
   3.63999999999993       -74.6058823458412       0.361035877207957     
   3.64099999999993       -74.6170684608720       0.359833977658141     
   3.64199999999993       -74.6282685849814       0.358627264911948     
   3.64299999999993       -74.6394827368949       0.357415703701817     
   3.64399999999993       -74.6507109353413       0.356199243825326     
   3.64499999999993       -74.6619531990542       0.354977833875302     
   3.64599999999993       -74.6732095467681       0.353751436376999     
   3.64699999999993       -74.6844799972241       0.352519998645987     
   3.64799999999993       -74.6957645691621       0.351283466679447     
   3.64899999999993       -74.7070632813269       0.350041800694101     
   3.64999999999993       -74.7183761524639       0.348794940352482     
   3.65099999999993       -74.7297032013223       0.347542843646753     
   3.65199999999993       -74.7410444466501       0.346285453542316     
   3.65299999999993       -74.7523999071997       0.345022711488601     
   3.65399999999993       -74.7637696017207       0.343754572967841     
   3.65499999999993       -74.7751535489647       0.342480972821866     
   3.65599999999993       -74.7865517676853       0.341201864175477     
   3.65699999999993       -74.7979642766326       0.339917184899753     
   3.65799999999993       -74.8093910945591       0.338626871119263     
   3.65899999999993       -74.8208322402153       0.337330873190501     
   3.65999999999993       -74.8322877323505       0.336029120183489     
   3.66099999999993       -74.8437575897125       0.334721559915073     
   3.66199999999993       -74.8552418310474       0.333408119199670     
   3.66299999999993       -74.8667404750984       0.332088743237073     
   3.66399999999993       -74.8782535406075       0.330763361455227     
   3.66499999999993       -74.8897810463139       0.329431901148538     
   3.66599999999993       -74.9013230109516       0.328094304278788     
   3.66699999999993       -74.9128794532520       0.326750490293659     
   3.66799999999993       -74.9244503919431       0.325400398274293     
   3.66899999999993       -74.9360358457477       0.324043944699541     
   3.66999999999993       -74.9476358333838       0.322681065655038     
   3.67099999999993       -74.9592503735660       0.321311674410004     
   3.67199999999993       -74.9708794850002       0.319935698728973     
   3.67299999999993       -74.9825231863872       0.318553064008760     
   3.67399999999993       -74.9941814964256       0.317163679050132     
   3.67499999999993       -75.0058544338002       0.315767471025700     
   3.67599999999993       -75.0175420171951       0.314364344861777     
   3.67699999999993       -75.0292442652822       0.312954224215132     
   3.67799999999993       -75.0409611967276       0.311537009837706     
   3.67899999999993       -75.0526928301901       0.310112616391875     
   3.67999999999993       -75.0644391843169       0.308680956011483     
   3.68099999999992       -75.0762002777472       0.307241923363009     
   3.68199999999992       -75.0879761291103       0.305795431671365     
   3.68299999999992       -75.0997667570260       0.304341370577963     
   3.68399999999992       -75.1115721801041       0.302879643549788     
   3.68499999999992       -75.1233924169401       0.301410151327430     
   3.68599999999992       -75.1352274861213       0.299932776045617     
   3.68699999999992       -75.1470774062215       0.298447413432270     
   3.68799999999992       -75.1589421958027       0.296953950944659     
   3.68899999999992       -75.1708218734132       0.295452278387851     
   3.68999999999992       -75.1827164575880       0.293942266809782     
   3.69099999999992       -75.1946259668498       0.292423800149944     
   3.69199999999992       -75.2065504197058       0.290896753767117     
   3.69299999999992       -75.2184898346468       0.289361005032726     
   3.69399999999992       -75.2304442301506       0.287816411803277     
   3.69499999999992       -75.2424136246780       0.286262844575228     
   3.69599999999992       -75.2543980366734       0.284700164685403     
   3.69699999999992       -75.2663974845644       0.283128229620544     
   3.69799999999992       -75.2784119867616       0.281546892859428     
   3.69899999999992       -75.2904415616566       0.279956009208582     
   3.69999999999992       -75.3024862276238       0.278355412630066     
   3.70099999999992       -75.3145460030170       0.276744949135575     
   3.70199999999992       -75.3266209061727       0.275124454493331     
   3.70299999999992       -75.3387109554057       0.273493759574475     
   3.70399999999992       -75.3508161690085       0.271852690146566     
   3.70499999999992       -75.3629365652558       0.270201066649243     
   3.70599999999992       -75.3750721623984       0.268538703968394     
   3.70699999999992       -75.3872229786646       0.266865411186489     
   3.70799999999992       -75.3993890322604       0.265180985632365     
   3.70899999999992       -75.4115703413685       0.263485235276064     
   3.70999999999992       -75.4237669241462       0.261777944571346     
   3.71099999999992       -75.4359787987259       0.260058896646834     
   3.71199999999992       -75.4482059832184       0.258327867368290     
   3.71299999999992       -75.4604484957023       0.256584619237217     
   3.71399999999992       -75.4727063542340       0.254828923887115     
   3.71499999999992       -75.4849795768412       0.253060527650617     
   3.71599999999992       -75.4972681815242       0.251279167867306     
   3.71699999999992       -75.5095721862542       0.249484589841378     
   3.71799999999992       -75.5218916089739       0.247676512225415     
   3.71899999999992       -75.5342264675940       0.245854643014572     
   3.71999999999992       -75.5465767799985       0.244018697305680     
   3.72099999999992       -75.5589425640372       0.242168355210402     
   3.72199999999992       -75.5713238375289       0.240303302785756     
   3.72299999999992       -75.5837206182593       0.238423213261896     
   3.72399999999992       -75.5961329239821       0.236527729084441     
   3.72499999999992       -75.6085607724162       0.234616496322292     
   3.72599999999992       -75.6210041812468       0.232689140247967     
   3.72699999999992       -75.6334631681212       0.230745270417372     
   3.72799999999992       -75.6459377506540       0.228784479725223     
   3.72899999999992       -75.6584279464196       0.226806343397573     
   3.72999999999992       -75.6709337729592       0.224810417891457     
   3.73099999999992       -75.6834552477712       0.222796239721378     
   3.73199999999992       -75.6959923883172       0.220763324174305     
   3.73299999999992       -75.7085452120181       0.218711163929060     
   3.73399999999992       -75.7211137362558       0.216639221303599     
   3.73499999999992       -75.7336979783694       0.214546951350244     
   3.73599999999992       -75.7462979556560       0.212433756987341     
   3.73699999999992       -75.7589136853703       0.210299030135678     
   3.73799999999992       -75.7715451847229       0.208142124880464     
   3.73899999999992       -75.7841924708813       0.205962367551712     
   3.73999999999992       -75.7968555609634       0.203759023376233     
   3.74099999999992       -75.8095344720467       0.201531355287339     
   3.74199999999992       -75.8222292211568       0.199278559245064     
   3.74299999999992       -75.8349398252753       0.196999785371021     
   3.74399999999992       -75.8476663013314       0.194694152869532     
   3.74499999999992       -75.8604086662078       0.192360702481535     
   3.74599999999992       -75.8731669367351       0.189998435338906     
   3.74699999999992       -75.8859411296933       0.187606282917429     
   3.74799999999992       -75.8987312618098       0.185183101174189     
   3.74899999999992       -75.9115373497591       0.182727689505228     
   3.74999999999992       -75.9243594101621       0.180238739137471     
   3.75099999999992       -75.9371974595836       0.177714869476144     
   3.75199999999992       -75.9500515145341       0.175154586970795     
   3.75299999999992       -75.9629215914667       0.172556307037610     
   3.75399999999992       -75.9758077067755       0.169918290294051     
   3.75499999999992       -75.9887098767987       0.167238700620993     
   3.75599999999992       -76.0016281178126       0.164515518058697     
   3.75699999999992       -76.0145624460341       0.161746573114640     
   3.75799999999992       -76.0275128776180       0.158929493374644     
   3.75899999999992       -76.0404794286578       0.156061699399331     
   3.75999999999992       -76.0534621151810       0.153140376716355     
   3.76099999999992       -76.0664609531528       0.150162423038680     
   3.76199999999992       -76.0794759584725       0.147124435953724     
   3.76299999999992       -76.0925071469721       0.144022633337868     
   3.76399999999992       -76.1055545344168       0.140852844846734     
   3.76499999999992       -76.1186181365026       0.137610391306288     
   3.76599999999992       -76.1316979688558       0.134290057363782     
   3.76699999999992       -76.1447940470338       0.130885930260332     
   3.76799999999992       -76.1579063865188       0.127391344440487     
   3.76899999999992       -76.1710350027216       0.123798671123057     
   3.76999999999992       -76.1841799109814       0.120099141663367     
   3.77099999999992       -76.1973411265588       0.116282608039476     
   3.77199999999991       -76.2105186646396       0.112337176629842     
   3.77299999999991       -76.2237125403329       0.108248796463208     
   3.77399999999991       -76.2369227686690       0.104000671291453     
   3.77499999999991       -76.2501493645979       9.957239293818199E-002
   3.77599999999991       -76.2633923429903       9.493880675629866E-002
   3.77699999999991       -76.2766517186326       9.006829265266669E-002
   3.77799999999991       -76.2899275062312       8.492014585571417E-002
   3.77899999999991       -76.3032197204057       7.944047621749710E-002
   3.77999999999991       -76.3165283756901       7.355530314958836E-002
   3.78099999999991       -76.3298534865354       6.715819058087162E-002
   3.78199999999991       -76.3431950673008       6.008593587503097E-002
   3.78299999999991       -76.3565531322575       5.206427382020214E-002
   3.78399999999991       -76.3699276955866       4.255994226041563E-002
   3.78499999999991       -76.3833187713776       3.020512390814252E-002
   3.78599999999991       -76.3967263735778       3.983569186208828E-003
   3.78699999999991       -76.4101447600165       1.204914196054988E-005
   3.78799999999991       -76.4235678340803       5.970609103049067E-006
   3.78899999999991       -76.4369955940139       3.963399988389978E-006
   3.78999999999991       -76.4504280392886       2.972605063470783E-006
   3.79099999999991       -76.4638651693770       2.371704553897717E-006
   3.79199999999991       -76.4773069837502       1.968300732476299E-006
   3.79299999999991       -76.4907534818758       1.688483091048335E-006
   3.79399999999991       -76.5042046632221       1.465876189987725E-006
   3.79499999999991       -76.5176605272562       1.266321674076032E-006
   3.79599999999991       -76.5311210734442       1.091604111288132E-006
   3.79699999999991       -76.5445863012481       9.343650833419185E-007
   3.79799999999991       -76.5580562101334       7.952671651952533E-007
   3.79899999999991       -76.5715307995584       6.678564328232994E-007
   3.79999999999991       -76.5850100689857       5.588806747391928E-007
   3.80099999999991       -76.5984940178741       4.617821244649415E-007
   3.80199999999991       -76.6119826456797       3.767363149590845E-007
   3.80299999999991       -76.6254759518617       3.034738426110906E-007
   3.80399999999991       -76.6389739358740       2.444594152291775E-007
   3.80499999999991       -76.6524765971699       1.945731657275000E-007
   3.80599999999991       -76.6659839352032       1.530207815643910E-007
   3.80699999999991       -76.6794959494245       1.189072535249617E-007
   3.80799999999991       -76.6930126392855       9.129675659913516E-008
   3.80899999999991       -76.7065340042338       6.926200390999782E-008
   3.80999999999991       -76.7200600437177       5.191916515231062E-008
   3.81099999999991       -76.7335907571833       3.845444451755498E-008
   3.81199999999991       -76.7471261440776       2.814242353969358E-008
   3.81299999999991       -76.7606662038408       2.074130933671370E-008
   3.81399999999991       -76.7742109359194       1.511459524206060E-008
   3.81499999999991       -76.7877603397520       1.088988710318262E-008
   3.81599999999991       -76.8013144147827       7.757742670477796E-009
   3.81699999999991       -76.8148731604486       5.464848869725832E-009
   3.81799999999991       -76.8284365761839       3.805831353768478E-009
   3.81899999999991       -76.8420046614289       2.620190879080534E-009
   3.81999999999991       -76.8555774156200       1.783168723790141E-009
   3.82099999999991       -76.8691548381894       1.199624695876385E-009
   3.82199999999991       -76.8827369285683       7.973755359695170E-010
   3.82299999999991       -76.8963236861905       5.238940022541291E-010
   3.82399999999991       -76.9099151104850       3.399424815716164E-010
   3.82499999999991       -76.9235112008830       2.174161221428032E-010
   3.82599999999991       -76.9371119568097       1.373156773472791E-010
   3.82699999999991       -76.9507173776914       8.497517504461409E-011
   3.82799999999991       -76.9643274629563       5.206931182518323E-011
   3.82899999999991       -76.9779422120236       3.038362154465327E-011
   3.82999999999991       -76.9915616243218       1.647178689741698E-011
   3.83099999999991       -77.0051856992705       7.849535836138935E-012
   3.83199999999991       -77.0188144362883       3.303505617206307E-012
   3.83299999999991       -77.0324478347963       1.333044785667425E-012
   3.83399999999991       -77.0460858942111       8.697857249255018E-013
   3.83499999999991       -77.0597286139497       1.477854875512700E-012
   3.83599999999991       -77.0733759934284       2.459403051583801E-012
   3.83699999999991       -77.0870280320594       2.862673061561812E-012
   3.83799999999991       -77.1006847292583       2.925400662453133E-012
   3.83899999999991       -77.1143460844343       2.469432066239582E-012
   3.83999999999991       -77.1280120969988       2.823445181358390E-012
   3.84099999999991       -77.1416827663618       2.859601444527016E-012
   3.84199999999991       -77.1553580919300       3.026245920523252E-012
   3.84299999999991       -77.1690380731114       2.382575618279740E-012
   3.84399999999991       -77.1827227093095       2.358853852986916E-012
   3.84499999999991       -77.1964119999313       1.906697022491244E-012
   3.84599999999991       -77.2101059443783       2.017127206007293E-012
   3.84699999999991       -77.2238045420521       1.979971742116504E-012
   3.84799999999991       -77.2375077923543       1.547724911195776E-012
   3.84899999999991       -77.2512156946835       1.417236698368167E-012
   3.84999999999991       -77.2649282484390       1.929752653969293E-012
   3.85099999999991       -77.2786454530161       1.635802604482706E-012
   3.85199999999991       -77.2923673078113       2.006395050102583E-012
   3.85299999999991       -77.3060938122191       1.791233827930228E-012
   3.85399999999991       -77.3198249656319       2.130517984255675E-012
   3.85499999999991       -77.3335607674433       2.310781196020647E-012
   3.85599999999991       -77.3473012170441       1.744086356817813E-012
   3.85699999999991       -77.3610463138219       1.605937605120289E-012
   3.85799999999991       -77.3747960571678       1.489253165232185E-012
   3.85899999999991       -77.3885504464659       1.294853113620320E-012
   3.85999999999991       -77.4023094811035       1.436147497220948E-012
   3.86099999999991       -77.4160731604667       1.682728030990196E-012
   3.86199999999991       -77.4298414839382       1.722622045008393E-012
   3.86299999999990       -77.4436144508974       1.722733067310855E-012
   3.86399999999990       -77.4573920607290       1.830091633792108E-012
   3.86499999999990       -77.4711743128112       1.973273396534599E-012
   3.86599999999990       -77.4849612065251       1.744271393988583E-012
   3.86699999999990       -77.4987527412435       1.597536917567292E-012
   3.86799999999990       -77.5125489163450       1.665519574108506E-012
   3.86899999999990       -77.5263497312052       1.688020094074242E-012
   3.86999999999990       -77.5401551851975       1.792714125296395E-012
   3.87099999999990       -77.5539652776943       1.411389523771807E-012
   3.87199999999990       -77.5677800080654       1.379822182438299E-012
   3.87299999999990       -77.5815993756839       1.380747368292153E-012
   3.87399999999990       -77.5954233799146       1.240415177979533E-012
   3.87499999999990       -77.6092520201310       1.471748648877262E-012
   3.87599999999990       -77.6230852956943       1.421233501256817E-012
   3.87699999999990       -77.6369232059715       1.183016647606413E-012
   3.87799999999990       -77.6507657503271       9.251858538542972E-013
   3.87899999999990       -77.6646129281236       1.176022242551274E-012
   3.87999999999990       -77.6784647387240       1.112443470674407E-012
   3.88099999999990       -77.6923211814859       1.420160285666346E-012
   3.88199999999990       -77.7061822557705       1.272870697732742E-012
   3.88299999999990       -77.7200479609356       1.337929766975776E-012
   3.88399999999990       -77.7339182963374       1.200595178829644E-012
   3.88499999999990       -77.7477932613328       1.157037428830184E-012
   3.88599999999990       -77.7616728552736       1.378452907374594E-012
   3.88699999999990       -77.7755570775172       1.086057170122482E-012
   3.88799999999990       -77.7894459274118       1.215324137623005E-012
   3.88899999999990       -77.8033394043094       1.305659284393338E-012
   3.88999999999990       -77.8172375075591       1.320980362133165E-012
   3.89099999999990       -77.8311402365104       1.328492871266462E-012
   3.89199999999990       -77.8450475905091       1.398436921817847E-012
   3.89299999999990       -77.8589595689050       1.221023282482747E-012
   3.89399999999990       -77.8728761710377       1.555977569012157E-012
   3.89499999999990       -77.8867973962550       1.161626350665301E-012
   3.89599999999990       -77.9007232438956       1.247705642507905E-012
   3.89699999999990       -77.9146537133038       1.147341481081791E-012
   3.89799999999990       -77.9285888038162       1.397437721095685E-012
   3.89899999999990       -77.9425285147768       1.055970126155141E-012
   3.89999999999990       -77.9564728455182       1.216249323476859E-012
   3.90099999999990       -77.9704217953791       1.181462335371937E-012
   3.90199999999990       -77.9843753636944       1.057154364048074E-012
   3.90299999999990       -77.9983335497990       9.733325256888747E-013
   3.90399999999990       -78.0122963530243       1.257068523348911E-012
   3.90499999999990       -78.0262637727028       1.393773985114422E-012
   3.90599999999990       -78.0402358081658       1.388518929464529E-012
   3.90699999999990       -78.0542124587410       1.405320304570523E-012
   3.90799999999990       -78.0681937237582       1.123323656315733E-012
   3.90899999999990       -78.0821796025411       1.524521249981111E-012
   3.90999999999990       -78.0961700944184       1.458722032054993E-012
   3.91099999999990       -78.1101651987145       1.141605328787894E-012
   3.91199999999990       -78.1241649147524       1.189048859373543E-012
   3.91299999999990       -78.1381692418530       1.138940793528794E-012
   3.91399999999990       -78.1521781793395       1.189566963451701E-012
   3.91499999999990       -78.1661917265284       1.451912664170625E-012
   3.91599999999990       -78.1802098827431       1.415423334094612E-012
   3.91699999999990       -78.1942326472961       1.412610769098895E-012
   3.91799999999990       -78.2082600195093       1.264321980443128E-012
   3.91899999999990       -78.2222919986913       1.087426445186187E-012
   3.91999999999990       -78.2363285841597       1.407836810093007E-012
   3.92099999999990       -78.2503697752280       1.318426849176528E-012
   3.92199999999990       -78.2644155712050       1.163143655465622E-012
   3.92299999999990       -78.2784659714029       1.189344918846776E-012
   3.92399999999990       -78.2925209751310       1.234679025685637E-012
   3.92499999999990       -78.3065805816968       1.000940071567887E-012
   3.92599999999990       -78.3206447904055       1.228424769313581E-012
   3.92699999999990       -78.3347136005661       1.228720828786815E-012
   3.92799999999990       -78.3487870114793       1.165327094080719E-012
   3.92899999999990       -78.3628650224526       1.025290963241332E-012
   3.92999999999990       -78.3769476327851       1.050641055636940E-012
   3.93099999999990       -78.3910348417791       1.289413020799657E-012
   3.93199999999990       -78.4051266487337       1.045385999987047E-012
   3.93299999999990       -78.4192230529482       1.044571836435656E-012
   3.93399999999990       -78.4333240537195       1.091867337284687E-012
   3.93499999999990       -78.4474296503456       1.159516926918513E-012
   3.93599999999990       -78.4615398421178       1.037910498287905E-012
   3.93699999999990       -78.4756546283337       7.418880324886837E-013
   3.93799999999990       -78.4897740082840       8.496906881797864E-013
   3.93899999999990       -78.5038979812620       1.185126071353200E-012
   3.93999999999990       -78.5180265465564       1.251924490001481E-012
   3.94099999999990       -78.5321597034594       1.089165794591433E-012
   3.94199999999990       -78.5462974512546       8.153477892847150E-013
   3.94299999999990       -78.5604397892338       1.083059567955994E-012
   3.94399999999990       -78.5745867166790       1.068182579426017E-012
   3.94499999999990       -78.5887382328779       1.076324214939935E-012
   3.94599999999990       -78.6028943371112       1.225131107673860E-012
   3.94699999999990       -78.6170550286617       9.372502773885572E-013
   3.94799999999990       -78.6312203068136       1.080098973223661E-012
   3.94899999999990       -78.6453901708425       1.144158841744532E-012
   3.94999999999990       -78.6595646200315       6.048124963816311E-013
   3.95099999999990       -78.6737436536558       8.716360966332104E-013
   3.95199999999990       -78.6879272709907       1.037762468551288E-012
   3.95299999999990       -78.7021154713156       6.715369001616031E-013
   3.95399999999989       -78.7163082539015       7.501036828709099E-013
   3.95499999999989       -78.7305056180230       6.210217525411584E-013
   3.95599999999989       -78.7447075629507       1.037281371907284E-012
   3.95699999999989       -78.7589140879565       9.288495898355602E-013
   3.95799999999989       -78.7731251923094       1.039279773351609E-012
   3.95899999999989       -78.7873408752780       1.048864698797540E-012
   3.95999999999989       -78.8015611361297       1.161996425006843E-012
   3.96099999999989       -78.8157859741326       9.215591253071882E-013
   3.96199999999989       -78.8300153885477       8.852548324019457E-013
   3.96299999999989       -78.8442493786433       7.546185898377189E-013
   3.96399999999989       -78.8584879436768       6.686133128634234E-013
   3.96499999999989       -78.8727310829139       6.407837223794862E-013
   3.96599999999989       -78.8869787956153       5.796104337226401E-013
   3.96699999999989       -78.9012310810375       5.737262516921268E-013
   3.96799999999989       -78.9154879384405       7.711609129046337E-013
   3.96899999999989       -78.9297493670826       1.521782699853702E-012
   3.96999999999989       -78.9440153662162       8.204918226321448E-013
   3.97099999999989       -78.9582859350995       7.432573075523882E-013
   3.97199999999989       -78.9725610729824       7.097285722087084E-013
   3.97299999999989       -78.9868407791225       5.886402476562580E-013
   3.97399999999989       -79.0011250527667       6.523300418355878E-013
   3.97499999999989       -79.0154138931651       5.653995790074381E-013
   3.97599999999989       -79.0297072995695       6.354176444271312E-013
   3.97699999999989       -79.0440052712263       7.922921578066658E-013
   3.97799999999989       -79.0583078073813       6.728691677911532E-013
   3.97899999999989       -79.0726149072818       8.197146665149072E-013
   3.97999999999989       -79.0869265701733       4.187391174544549E-013
   3.98099999999989       -79.1012427952957       9.256299430641472E-013
   3.98199999999989       -79.1155635818936       5.472289288377397E-013
   3.98299999999989       -79.1298889292081       7.690884965920001E-013
   3.98399999999989       -79.1442188364780       1.027474401856428E-012
   3.98499999999989       -79.1585533029442       6.838973831690964E-013
   3.98599999999989       -79.1728923278423       6.710928109517530E-013
   3.98699999999989       -79.1872359104079       2.986129861900129E-013
   3.98799999999989       -79.2015840498819       5.484871815989815E-013
   3.98899999999989       -79.2159367454910       5.449344679201810E-013
   3.98999999999989       -79.2302939964737       6.659487776043230E-013
   3.99099999999989       -79.2446558020617       7.932173436605202E-013
   3.99199999999989       -79.2590221614835       8.144596108650148E-013
   3.99299999999989       -79.2733930739704       9.604909460373772E-013
   3.99399999999989       -79.2877685387520       7.239764343580646E-013
   3.99499999999989       -79.3021485550539       1.044941910777197E-012
   3.99599999999989       -79.3165331221029       8.370711531332139E-013
   3.99699999999989       -79.3309222391266       9.099017835486241E-013
   3.99799999999989       -79.3453159053459       7.817080316385727E-013
   3.99899999999989       -79.3597141199858       9.290716344404852E-013
