   3.00000000000000       -70.3800105842575       0.704580991789525     
   3.00100000000000       -70.3857302779734       0.704252243654056     
   3.00200000000000       -70.3914559756247       0.703922986645836     
   3.00300000000000       -70.3971876846231       0.703593221000581     
   3.00400000000000       -70.4029254123941       0.703262945636129     
   3.00500000000000       -70.4086691663707       0.702932159469027     
   3.00600000000000       -70.4144189540031       0.702600861409784     
   3.00700000000000       -70.4201747827458       0.702269050368538     
   3.00800000000000       -70.4259366600692       0.701936725250241     
   3.00900000000000       -70.4317045934531       0.701603884956957     
   3.01000000000000       -70.4374785903874       0.701270528387986     
   3.01100000000000       -70.4432586583736       0.700936654439493     
   3.01200000000000       -70.4490448049280       0.700602262002638     
   3.01300000000000       -70.4548370375735       0.700267349966677     
   3.01400000000000       -70.4606353638456       0.699931915254989     
   3.01500000000000       -70.4664397912933       0.699595960644703     
   3.01600000000000       -70.4722503274720       0.699259483081892     
   3.01700000000000       -70.4780669799551       0.698922481440706     
   3.01800000000000       -70.4838897563209       0.698584954593692     
   3.01900000000000       -70.4897186641641       0.698246901408757     
   3.02000000000000       -70.4955537110850       0.697908320751959     
   3.02100000000000       -70.5013949047011       0.697569211483851     
   3.02200000000000       -70.5072422526392       0.697229572462334     
   3.02300000000000       -70.5130957625363       0.696889402542268     
   3.02400000000000       -70.5189554420407       0.696548700574922     
   3.02500000000000       -70.5248212988158       0.696207465406602     
   3.02600000000000       -70.5306933405320       0.695865695882077     
   3.02700000000000       -70.5365715748721       0.695523390841863     
   3.02800000000000       -70.5424560095331       0.695180549122262     
   3.02900000000000       -70.5483466522214       0.694837169555983     
   3.03000000000000       -70.5542435106544       0.694493250973116     
   3.03100000000000       -70.5601465925627       0.694148792199476     
   3.03200000000000       -70.5660559056870       0.693803792057049     
   3.03300000000000       -70.5719714577795       0.693458249364891     
   3.03400000000000       -70.5778932566063       0.693112162937158     
   3.03500000000000       -70.5838213099429       0.692765531585799     
   3.03600000000000       -70.5897556255760       0.692418354117999     
   3.03700000000000       -70.5956962113066       0.692070629337402     
   3.03800000000000       -70.6016430749458       0.691722356043956     
   3.03900000000000       -70.6075962243132       0.691373533034959     
   3.04000000000000       -70.6135556672485       0.691024159101122     
   3.04100000000000       -70.6195214115936       0.690674233032462     
   3.04200000000000       -70.6254934652093       0.690323753613218     
   3.04300000000000       -70.6314718359626       0.689972719625286     
   3.04400000000000       -70.6374565317376       0.689621129844766     
   3.04500000000000       -70.6434475604260       0.689268983045978     
   3.04599999999999       -70.6494449299344       0.688916277997642     
   3.04699999999999       -70.6554486481779       0.688563013465924     
   3.04799999999999       -70.6614587230865       0.688209188212264     
   3.04899999999999       -70.6674751626015       0.687854800994048     
   3.04999999999999       -70.6734979746739       0.687499850565906     
   3.05099999999999       -70.6795271672695       0.687144335677073     
   3.05199999999999       -70.6855627483644       0.686788255073561     
   3.05299999999999       -70.6916047259474       0.686431607496884     
   3.05399999999999       -70.6976531080181       0.686074391685506     
   3.05499999999999       -70.7037079025891       0.685716606372842     
   3.05599999999999       -70.7097691176853       0.685358250288643     
   3.05699999999999       -70.7158367613433       0.684999322158291     
   3.05799999999999       -70.7219108416108       0.684639820703844     
   3.05899999999999       -70.7279913665485       0.684279744642440     
   3.05999999999999       -70.7340783442298       0.683919092687479     
   3.06099999999999       -70.7401717827381       0.683557863548478     
   3.06199999999999       -70.7462716901705       0.683196055930136     
   3.06299999999999       -70.7523780746373       0.682833668533069     
   3.06399999999999       -70.7584909442587       0.682470700053994     
   3.06499999999999       -70.7646103071678       0.682107149185519     
   3.06599999999999       -70.7707361715095       0.681743014616074     
   3.06699999999999       -70.7768685454436       0.681378295028628     
   3.06799999999999       -70.7830074371380       0.681012989103575     
   3.06899999999999       -70.7891528547764       0.680647095515735     
   3.06999999999999       -70.7953048065519       0.680280612936557     
   3.07099999999999       -70.8014633006718       0.679913540032267     
   3.07199999999999       -70.8076283453560       0.679545875465057     
   3.07299999999999       -70.8137999488357       0.679177617892971     
   3.07399999999999       -70.8199781193523       0.678808763821305     
   3.07499999999999       -70.8261628651649       0.678439316160421     
   3.07599999999999       -70.8323541945415       0.678069271441206     
   3.07699999999999       -70.8385521157610       0.677698628304315     
   3.07799999999999       -70.8447566371197       0.677327385383989     
   3.07899999999999       -70.8509677669206       0.676955541312791     
   3.07999999999999       -70.8571855134829       0.676583094716612     
   3.08099999999999       -70.8634098851389       0.676210044217100     
   3.08199999999999       -70.8696408902280       0.675836388433226     
   3.08299999999999       -70.8758785371098       0.675462125976030     
   3.08399999999999       -70.8821228341513       0.675087255454507     
   3.08499999999999       -70.8883737897326       0.674711775472516     
   3.08599999999999       -70.8946314122475       0.674335684628886     
   3.08699999999999       -70.9008957101029       0.673958981517349     
   3.08799999999999       -70.9071666917148       0.673581664728553     
   3.08899999999999       -70.9134443655176       0.673203732846181     
   3.08999999999999       -70.9197287399529       0.672825184451134     
   3.09099999999999       -70.9260198234783       0.672446018118246     
   3.09199999999999       -70.9323176245631       0.672066232418098     
   3.09299999999999       -70.9386221516882       0.671685825916662     
   3.09399999999999       -70.9449334133496       0.671304797174355     
   3.09499999999999       -70.9512514180541       0.670923144747228     
   3.09599999999999       -70.9575761743220       0.670540867186640     
   3.09699999999999       -70.9639076906857       0.670157963038588     
   3.09799999999999       -70.9702459756924       0.669774430844134     
   3.09899999999999       -70.9765910378992       0.669390269139820     
   3.09999999999999       -70.9829428858782       0.669005476456968     
   3.10099999999999       -70.9893015282132       0.668620051321695     
   3.10199999999999       -70.9956669735021       0.668233992255180     
   3.10299999999999       -71.0020392303546       0.667847297773687     
   3.10399999999999       -71.0084183073941       0.667459966388173     
   3.10499999999999       -71.0148042132561       0.667071996604807     
   3.10599999999999       -71.0211969565895       0.666683386924327     
   3.10699999999999       -71.0275965460566       0.666294135842374     
   3.10799999999999       -71.0340029903319       0.665904241849745     
   3.10899999999999       -71.0404162981043       0.665513703431018     
   3.10999999999999       -71.0468364780721       0.665122519067355     
   3.11099999999999       -71.0532635389524       0.664730687232432     
   3.11199999999999       -71.0596974894713       0.664338206395890     
   3.11299999999999       -71.0661383383676       0.663945075022644     
   3.11399999999999       -71.0725860943964       0.663551291570880     
   3.11499999999999       -71.0790407663230       0.663156854494320     
   3.11599999999999       -71.0855023629261       0.662761762241363     
   3.11699999999999       -71.0919708930018       0.662366013253620     
   3.11799999999999       -71.0984463653537       0.661969605968759     
   3.11899999999999       -71.1049287888000       0.661572538819285     
   3.11999999999999       -71.1114181721742       0.661174810230523     
   3.12099999999999       -71.1179145243223       0.660776418623205     
   3.12199999999999       -71.1244178541034       0.660377362412385     
   3.12299999999999       -71.1309281703881       0.659977640008363     
   3.12399999999999       -71.1374454820632       0.659577247523742     
   3.12499999999999       -71.1439697980269       0.659176187897572     
   3.12599999999999       -71.1505011271914       0.658774457271852     
   3.12699999999999       -71.1570394784830       0.658372054032858     
   3.12799999999999       -71.1635848608407       0.657968976561974     
   3.12899999999999       -71.1701372832149       0.657565223235091     
   3.12999999999999       -71.1766967545739       0.657160792420860     
   3.13099999999999       -71.1832632838940       0.656755682483973     
   3.13199999999999       -71.1898368801715       0.656349891781073     
   3.13299999999999       -71.1964175524100       0.655943418665240     
   3.13399999999999       -71.2030053096289       0.655536261482337     
   3.13499999999999       -71.2096001608628       0.655128418572023     
   3.13599999999999       -71.2162021151584       0.654719888268748     
   3.13699999999998       -71.2228111815741       0.654310668901068     
   3.13799999999998       -71.2294273691858       0.653900758790419     
   3.13899999999998       -71.2360506870798       0.653490156253197     
   3.13999999999998       -71.2426811443582       0.653078859599012     
   3.14099999999998       -71.2493187501342       0.652666867132229     
   3.14199999999998       -71.2559635135375       0.652254177149951     
   3.14299999999998       -71.2626154437102       0.651840787943658     
   3.14399999999998       -71.2692745498072       0.651426697798869     
   3.14499999999998       -71.2759408409983       0.651011904994236     
   3.14599999999998       -71.2826143264670       0.650596407802431     
   3.14699999999998       -71.2892950154095       0.650180204489879     
   3.14799999999998       -71.2959829170372       0.649763293316578     
   3.14899999999998       -71.3026780405744       0.649345672535842     
   3.14999999999998       -71.3093803952607       0.648927340394477     
   3.15099999999998       -71.3160899903469       0.648508295133370     
   3.15199999999998       -71.3228068350981       0.648088534987300     
   3.15299999999998       -71.3295309387967       0.647668058182756     
   3.15399999999998       -71.3362623107340       0.647246862941749     
   3.15499999999998       -71.3430009602195       0.646824947478044     
   3.15599999999998       -71.3497468965750       0.646402309999298     
   3.15699999999998       -71.3565001291349       0.645978948706918     
   3.15799999999998       -71.3632606672494       0.645554861795174     
   3.15899999999998       -71.3700285202811       0.645130047452241     
   3.15999999999998       -71.3768036976096       0.644704503857899     
   3.16099999999998       -71.3835862086258       0.644278229186452     
   3.16199999999998       -71.3903760627345       0.643851221605172     
   3.16299999999998       -71.3971732693562       0.643423479274168     
   3.16399999999998       -71.4039778379236       0.642995000347325     
   3.16499999999998       -71.4107897778864       0.642565782970172     
   3.16599999999998       -71.4176090987053       0.642135825282196     
   3.16699999999998       -71.4244358098570       0.641705125415743     
   3.16799999999998       -71.4312699208314       0.641273679027851     
   3.16899999999998       -71.4381114411342       0.640841489125433     
   3.16999999999998       -71.4449603802834       0.640408551397525     
   3.17099999999998       -71.4518167478116       0.639974863947819     
   3.17199999999998       -71.4586805532665       0.639540424872640     
   3.17299999999998       -71.4655518062098       0.639105232260722     
   3.17399999999998       -71.4724305162174       0.638669284193803     
   3.17499999999998       -71.4793166928787       0.638232578746495     
   3.17599999999998       -71.4862103457981       0.637795113985710     
   3.17699999999998       -71.4931114845954       0.637356887970416     
   3.17799999999998       -71.5000201189027       0.636917898753047     
   3.17899999999998       -71.5069362583678       0.636478144377816     
   3.17999999999998       -71.5138599126528       0.636037622881349     
   3.18099999999998       -71.5207910914333       0.635596332293370     
   3.18199999999998       -71.5277298044012       0.635154270634481     
   3.18299999999998       -71.5346760612609       0.634711435919418     
   3.18399999999998       -71.5416298717321       0.634267826153653     
   3.18499999999998       -71.5485912455486       0.633823439335633     
   3.18599999999998       -71.5555601924596       0.633378273455825     
   3.18699999999998       -71.5625367222294       0.632932326495948     
   3.18799999999998       -71.5695208446335       0.632485596431498     
   3.18899999999998       -71.5765125694664       0.632038081228168     
   3.18999999999998       -71.5835119065336       0.631589778845017     
   3.19099999999998       -71.5905188656567       0.631140687232557     
   3.19199999999998       -71.5975334566721       0.630690804332883     
   3.19299999999998       -71.6045556894315       0.630240128079667     
   3.19399999999998       -71.6115855737987       0.629788656399699     
   3.19499999999998       -71.6186231196572       0.629336387209100     
   3.19599999999998       -71.6256683368971       0.628883318419240     
   3.19699999999998       -71.6327212354312       0.628429447929450     
   3.19799999999998       -71.6397818251836       0.627974773632695     
   3.19899999999998       -71.6468501160932       0.627519293412992     
   3.19999999999998       -71.6539261181138       0.627063005145909     
   3.20099999999998       -71.6610098412124       0.626605906699021     
   3.20199999999998       -71.6681012953755       0.626147995929611     
   3.20299999999998       -71.6752004905998       0.625689270688005     
   3.20399999999998       -71.6823074368983       0.625229728814902     
   3.20499999999998       -71.6894221443000       0.624769368142662     
   3.20599999999998       -71.6965446228473       0.624308183865915     
   3.20699999999998       -71.7036748825995       0.623846179002302     
   3.20799999999998       -71.7108129336265       0.623383348782240     
   3.20899999999998       -71.7179587860189       0.622919691001263     
   3.20999999999998       -71.7251124498776       0.622455203447673     
   3.21099999999998       -71.7322739353212       0.621989883899393     
   3.21199999999998       -71.7394432524829       0.621523730125519     
   3.21299999999998       -71.7466204115097       0.621056739886578     
   3.21399999999998       -71.7538054225646       0.620588910932914     
   3.21499999999998       -71.7609982958272       0.620120241005706     
   3.21599999999998       -71.7681990414873       0.619650727837956     
   3.21699999999998       -71.7754076697548       0.619180369151782     
   3.21799999999998       -71.7826241908533       0.618709162660122     
   3.21899999999998       -71.7898486150199       0.618237106067092     
   3.21999999999998       -71.7970809525097       0.617764197066025     
   3.22099999999998       -71.8043212135889       0.617290433342153     
   3.22199999999998       -71.8115694085446       0.616815812568982     
   3.22299999999998       -71.8188255476724       0.616340332412182     
   3.22399999999998       -71.8260896412896       0.615863990526117     
   3.22499999999998       -71.8333616997243       0.615386784556240     
   3.22599999999998       -71.8406417333218       0.614908712137405     
   3.22699999999997       -71.8479297524410       0.614429770894875     
   3.22799999999997       -71.8552257674597       0.613949958442963     
   3.22899999999997       -71.8625297887658       0.613469272387375     
   3.22999999999997       -71.8698418267670       0.612987710322173     
   3.23099999999997       -71.8771618918860       0.612505269830986     
   3.23199999999997       -71.8844899945567       0.612021948488804     
   3.23299999999997       -71.8918261452333       0.611537743858629     
   3.23399999999997       -71.8991703543817       0.611052653493716     
   3.23499999999997       -71.9065226324871       0.610566674935888     
   3.23599999999997       -71.9138829900467       0.610079805717439     
   3.23699999999997       -71.9212514375752       0.609592043359061     
   3.23799999999997       -71.9286279856004       0.609103385372024     
   3.23899999999997       -71.9360126446684       0.608613826491726     
   3.23999999999997       -71.9434054253412       0.608123369672916     
   3.24099999999997       -71.9508063381911       0.607632009690163     
   3.24199999999997       -71.9582153938130       0.607139744008749     
   3.24299999999997       -71.9656326028118       0.606646570085162     
   3.24399999999997       -71.9730579758117       0.606152485362853     
   3.24499999999997       -71.9804915234502       0.605657487275156     
   3.24599999999997       -71.9879332563808       0.605161573244320     
   3.24699999999997       -71.9953831852749       0.604664740679415     
   3.24799999999997       -72.0028413208154       0.604166986980715     
   3.24899999999997       -72.0103076737049       0.603668309534387     
   3.24999999999997       -72.0177822546587       0.603168705716867     
   3.25099999999997       -72.0252650744103       0.602668172891438     
   3.25199999999997       -72.0327561437069       0.602166708410540     
   3.25299999999997       -72.0402554733124       0.601664309614584     
   3.25399999999997       -72.0477630740062       0.601160973831654     
   3.25499999999997       -72.0552789565846       0.600656698377951     
   3.25599999999997       -72.0628031318574       0.600151480558045     
   3.25699999999997       -72.0703356106516       0.599645317663837     
   3.25799999999997       -72.0778764038108       0.599138206975077     
   3.25899999999997       -72.0854255221930       0.598630145758827     
   3.25999999999997       -72.0929829766723       0.598121131270594     
   3.26099999999997       -72.1005487781397       0.597611160752476     
   3.26199999999997       -72.1081229375011       0.597100231434437     
   3.26299999999997       -72.1157054656785       0.596588340533477     
   3.26399999999997       -72.1232963736095       0.596075485254309     
   3.26499999999997       -72.1308956722489       0.595561662788008     
   3.26599999999997       -72.1385033725660       0.595046870313634     
   3.26699999999997       -72.1461194855478       0.594531104996200     
   3.26799999999997       -72.1537440221948       0.594014361109667     
   3.26899999999997       -72.1613769935253       0.593496641484053     
   3.26999999999997       -72.1690184105735       0.592977940431476     
   3.27099999999997       -72.1766682843890       0.592458255064582     
   3.27199999999997       -72.1843266260381       0.591937582481875     
   3.27299999999997       -72.1919934466029       0.591415919768912     
   3.27399999999997       -72.1996687571812       0.590893263997460     
   3.27499999999997       -72.2073525688883       0.590369612224822     
   3.27599999999997       -72.2150448928518       0.589844961495991     
   3.27699999999997       -72.2227457402217       0.589319308840123     
   3.27799999999997       -72.2304551221594       0.588792651272794     
   3.27899999999997       -72.2381730498414       0.588264985797321     
   3.27999999999997       -72.2458995344674       0.587736309399021     
   3.28099999999997       -72.2536345872435       0.587206619053159     
   3.28199999999997       -72.2613782194012       0.586675911716405     
   3.28299999999997       -72.2691304421811       0.586144184334176     
   3.28399999999997       -72.2768912668441       0.585611433835380     
   3.28499999999997       -72.2846607046668       0.585077657134254     
   3.28599999999997       -72.2924387669418       0.584542851130461     
   3.28699999999997       -72.3002254649763       0.584007012709003     
   3.28799999999997       -72.3080208100959       0.583470138739293     
   3.28899999999997       -72.3158248136418       0.582932226075552     
   3.28999999999997       -72.3236374869722       0.582393271556404     
   3.29099999999997       -72.3314588414602       0.581853272005833     
   3.29199999999997       -72.3392888884967       0.581312224231288     
   3.29299999999997       -72.3471276394879       0.580770125025032     
   3.29399999999997       -72.3549751058561       0.580226968165407     
   3.29499999999997       -72.3628312990414       0.579682756336441     
   3.29599999999997       -72.3706962304989       0.579137483355957     
   3.29699999999997       -72.3785699117031       0.578591145951410     
   3.29799999999997       -72.3864523541392       0.578043740836076     
   3.29899999999997       -72.3943435693155       0.577495264704553     
   3.29999999999997       -72.4022435687509       0.576945714236613     
   3.30099999999997       -72.4101523639851       0.576395086094475     
   3.30199999999997       -72.4180699665717       0.575843376923944     
   3.30299999999997       -72.4259963880813       0.575290583354452     
   3.30399999999997       -72.4339316401038       0.574736701996937     
   3.30499999999997       -72.4418757342404       0.574181729446769     
   3.30599999999997       -72.4498286821114       0.573625662281783     
   3.30699999999997       -72.4577904953570       0.573068497060866     
   3.30799999999997       -72.4657611856290       0.572510230327116     
   3.30899999999997       -72.4737407645965       0.571950858606103     
   3.30999999999997       -72.4817292439478       0.571390378403882     
   3.31099999999997       -72.4897266353864       0.570828786209980     
   3.31199999999997       -72.4977329506316       0.570266078495323     
   3.31299999999997       -72.5057482014201       0.569702251713032     
   3.31399999999997       -72.5137723995055       0.569137302297096     
   3.31499999999997       -72.5218055566583       0.568571226663633     
   3.31599999999997       -72.5298476846635       0.568004021209900     
   3.31699999999997       -72.5378987953260       0.567435682314585     
   3.31799999999996       -72.5459589004639       0.566866203168985     
   3.31899999999996       -72.5540280119147       0.566295586368468     
   3.31999999999996       -72.5621061415328       0.565723825144728     
   3.32099999999996       -72.5701933011865       0.565150915800799     
   3.32199999999996       -72.5782895027627       0.564576854618858     
   3.32299999999996       -72.5863947581654       0.564001637860576     
   3.32399999999996       -72.5945090793151       0.563425261769082     
   3.32499999999996       -72.6026324781482       0.562847722567165     
   3.32599999999996       -72.6107649666187       0.562269016457309     
   3.32699999999996       -72.6189065566966       0.561689139621746     
   3.32799999999996       -72.6270572603693       0.561108088221965     
   3.32899999999996       -72.6352170896404       0.560525858399255     
   3.32999999999996       -72.6433860565328       0.559942446272850     
   3.33099999999996       -72.6515641730807       0.559357847943858     
   3.33199999999996       -72.6597514513407       0.558772059488567     
   3.33299999999996       -72.6679479033838       0.558185076964124     
   3.33399999999996       -72.6761535412990       0.557596896405514     
   3.33499999999996       -72.6843683771891       0.557007513826698     
   3.33599999999996       -72.6925924231773       0.556416925218664     
   3.33699999999996       -72.7008256914027       0.555825126550969     
   3.33799999999996       -72.7090681940194       0.555232113771153     
   3.33899999999996       -72.7173199432008       0.554637879523722     
   3.33999999999996       -72.7255809511373       0.554042426181617     
   3.34099999999996       -72.7338512300301       0.553445746432720     
   3.34199999999996       -72.7421307921090       0.552847836130464     
   3.34299999999996       -72.7504196496099       0.552248691110269     
   3.34399999999996       -72.7587178147906       0.551648307181043     
   3.34499999999996       -72.7670252999243       0.551046680129350     
   3.34599999999996       -72.7753421173023       0.550443805717638     
   3.34699999999996       -72.7836682792324       0.549839679684037     
   3.34799999999996       -72.7920037980388       0.549234297742996     
   3.34899999999996       -72.8003486860642       0.548627655584301     
   3.34999999999996       -72.8087029556652       0.548019748873901     
   3.35099999999996       -72.8170666192181       0.547410573251284     
   3.35199999999996       -72.8254396891158       0.546800124332496     
   3.35299999999996       -72.8338221777663       0.546188397707887     
   3.35399999999996       -72.8422140975969       0.545575388942330     
   3.35499999999996       -72.8506154610508       0.544961093574496     
   3.35599999999996       -72.8590262805885       0.544345507117332     
   3.35699999999996       -72.8674465686869       0.543728625058676     
   3.35799999999996       -72.8758763378401       0.543110439474356     
   3.35899999999996       -72.8843156005598       0.542490952470945     
   3.35999999999996       -72.8927643693741       0.541870156164837     
   3.36099999999996       -72.9012226568281       0.541248045936311     
   3.36199999999996       -72.9096904754833       0.540624617138697     
   3.36299999999996       -72.9181678379204       0.539999865096589     
   3.36399999999996       -72.9266547567351       0.539373785107584     
   3.36499999999996       -72.9351512445406       0.538746372441182     
   3.36599999999996       -72.9436573139673       0.538117622338826     
   3.36699999999996       -72.9521729776611       0.537487530013326     
   3.36799999999996       -72.9606982482890       0.536856090647806     
   3.36899999999996       -72.9692331385307       0.536223299397253     
   3.36999999999996       -72.9777776610843       0.535589151387623     
   3.37099999999996       -72.9863318286665       0.534953641713522     
   3.37199999999996       -72.9948956540075       0.534316765442449     
   3.37299999999996       -73.0034691498592       0.533678517608747     
   3.37399999999996       -73.0120523289863       0.533038893218977     
   3.37499999999996       -73.0206452041736       0.532397883793959     
   3.37599999999996       -73.0292477882203       0.531755491080577     
   3.37699999999996       -73.0378600939455       0.531111706638416     
   3.37799999999996       -73.0464821341827       0.530466525347788     
   3.37899999999996       -73.0551139217843       0.529819942058042     
   3.37999999999996       -73.0637554696176       0.529171951585897     
   3.38099999999996       -73.0724067905690       0.528522548715358     
   3.38199999999996       -73.0810678975420       0.527871728197762     
   3.38299999999996       -73.0897388034542       0.527219484752217     
   3.38399999999996       -73.0984195212444       0.526565813062935     
   3.38499999999996       -73.1071100638661       0.525910707781762     
   3.38599999999996       -73.1158104442880       0.525254163525845     
   3.38699999999996       -73.1245206755001       0.524596174877554     
   3.38799999999996       -73.1332407705067       0.523936736385666     
   3.38899999999996       -73.1419707423291       0.523275842563435     
   3.38999999999996       -73.1507106040064       0.522613487888310     
   3.39099999999996       -73.1594603685937       0.521949663236845     
   3.39199999999996       -73.1682200491651       0.521284370034932     
   3.39299999999996       -73.1769896588092       0.520617599194864     
   3.39399999999996       -73.1857692106325       0.519949345049296     
   3.39499999999996       -73.1945587177593       0.519279601893930     
   3.39599999999996       -73.2033581933307       0.518608363986154     
   3.39699999999996       -73.2121676505039       0.517935625546795     
   3.39799999999996       -73.2209871024520       0.517261380758358     
   3.39899999999996       -73.2298165623697       0.516585623762993     
   3.39999999999996       -73.2386560434643       0.515908348665745     
   3.40099999999996       -73.2475055589584       0.515229549532362     
   3.40199999999996       -73.2563651220996       0.514549220386277     
   3.40299999999996       -73.2652347461427       0.513867355214195     
   3.40399999999996       -73.2741144443648       0.513183947960014     
   3.40499999999996       -73.2830042300612       0.512498988930176     
   3.40599999999996       -73.2919041165391       0.511812479062649     
   3.40699999999996       -73.3008141171279       0.511124408694161     
   3.40799999999996       -73.3097342451699       0.510434771602257     
   3.40899999999995       -73.3186645140261       0.509743561522098     
   3.40999999999995       -73.3276049370750       0.509050772145094     
   3.41099999999995       -73.3365555277098       0.508356397119275     
   3.41199999999995       -73.3455162993409       0.507660430049417     
   3.41299999999995       -73.3544872653984       0.506962864494007     
   3.41399999999995       -73.3634684393256       0.506263693968323     
   3.41499999999995       -73.3724598345854       0.505562911940600     
   3.41599999999995       -73.3814614646548       0.504860511834483     
   3.41699999999995       -73.3904733430305       0.504156487026187     
   3.41799999999995       -73.3994954832232       0.503450830845631     
   3.41899999999995       -73.4085278987616       0.502743532819038     
   3.41999999999995       -73.4175706031934       0.502034593564944     
   3.42099999999995       -73.4266236100777       0.501324002636673     
   3.42199999999995       -73.4356869329956       0.500611753170734     
   3.42299999999995       -73.4447605855418       0.499897838253980     
   3.42399999999995       -73.4538445813281       0.499182250924182     
   3.42499999999995       -73.4629389339849       0.498464984166788     
   3.42599999999995       -73.4720436571575       0.497746030917959     
   3.42699999999995       -73.4811587645064       0.497025384061557     
   3.42799999999995       -73.4902842697129       0.496303036428133     
   3.42899999999995       -73.4994201864706       0.495578980796642     
   3.42999999999995       -73.5085665284910       0.494853209892504     
   3.43099999999995       -73.5177233095045       0.494125712593320     
   3.43199999999995       -73.5268905432554       0.493396488967604     
   3.43299999999995       -73.5360682435044       0.492665527913194     
   3.43399999999995       -73.5452564240307       0.491932821934563     
   3.43499999999995       -73.5544550986293       0.491198363480079     
   3.43599999999995       -73.5636642811102       0.490462144941605     
   3.43699999999995       -73.5728839853008       0.489724158652836     
   3.43799999999995       -73.5821142250438       0.488984396889124     
   3.43899999999995       -73.5913550142028       0.488242851865616     
   3.43999999999995       -73.6006063666515       0.487499515739591     
   3.44099999999995       -73.6098682962846       0.486754380605754     
   3.44199999999995       -73.6191408170101       0.486007438499487     
   3.44299999999995       -73.6284239427543       0.485258677445738     
   3.44399999999995       -73.6377176874577       0.484508097105575     
   3.44499999999995       -73.6470220650817       0.483755685515710     
   3.44599999999995       -73.6563370895969       0.483001434460045     
   3.44699999999995       -73.6656627749956       0.482245335655455     
   3.44799999999995       -73.6749991352833       0.481487380754114     
   3.44899999999995       -73.6843461844845       0.480727561340696     
   3.44999999999995       -73.6937039366372       0.479965868934000     
   3.45099999999995       -73.7030724057964       0.479202294983661     
   3.45199999999995       -73.7124516060325       0.478436830872005     
   3.45299999999995       -73.7218415514326       0.477669463979118     
   3.45399999999995       -73.7312422561015       0.476900193258909     
   3.45499999999995       -73.7406537341557       0.476129006094336     
   3.45599999999995       -73.7500759997323       0.475355893581915     
   3.45699999999995       -73.7595090669804       0.474580846746549     
   3.45799999999995       -73.7689529500683       0.473803856538038     
   3.45899999999995       -73.7784076631772       0.473024913831806     
   3.45999999999995       -73.7878732205055       0.472244009427256     
   3.46099999999995       -73.7973496362682       0.471461134046958     
   3.46199999999995       -73.8068369246932       0.470676278336165     
   3.46299999999995       -73.8163351000291       0.469889428844692     
   3.46399999999995       -73.8258441765340       0.469100583932882     
   3.46499999999995       -73.8353641684861       0.468309730142374     
   3.46599999999995       -73.8448950901779       0.467516857795712     
   3.46699999999995       -73.8544369559162       0.466721957134908     
   3.46799999999995       -73.8639897800260       0.465925018315639     
   3.46899999999995       -73.8735535768448       0.465126031410541     
   3.46999999999995       -73.8831283607266       0.464324986405620     
   3.47099999999995       -73.8927141460423       0.463521873198928     
   3.47199999999995       -73.9023109471768       0.462716677558897     
   3.47299999999995       -73.9119187785305       0.461909397126852     
   3.47399999999995       -73.9215376545168       0.461100017648950     
   3.47499999999995       -73.9311675895700       0.460288528662012     
   3.47599999999995       -73.9408085981323       0.459474919612283     
   3.47699999999995       -73.9504606946673       0.458659179850303     
   3.47799999999995       -73.9601238936509       0.457841298630687     
   3.47899999999995       -73.9697982095735       0.457021265113021     
   3.47999999999995       -73.9794836569417       0.456199068356891     
   3.48099999999995       -73.9891802502759       0.455374693161259     
   3.48199999999995       -73.9988880041139       0.454548136536904     
   3.48299999999995       -74.0086069330055       0.453719383245739     
   3.48399999999995       -74.0183370515144       0.452888421943798     
   3.48499999999995       -74.0280783742233       0.452055241178560     
   3.48599999999995       -74.0378309157282       0.451219829392116     
   3.48699999999995       -74.0475946906362       0.450382174920969     
   3.48799999999995       -74.0573697135740       0.449542265988979     
   3.48899999999995       -74.0671559991763       0.448700086509136     
   3.48999999999995       -74.0769535621014       0.447855632707050     
   3.49099999999995       -74.0867624170136       0.447008888442047     
   3.49199999999995       -74.0965825785969       0.446159841485139     
   3.49299999999995       -74.1064140615470       0.445308479491079     
   3.49399999999995       -74.1162568805737       0.444454789996020     
   3.49499999999995       -74.1261110504029       0.443598760414367     
   3.49599999999995       -74.1359765857733       0.442740378038483     
   3.49699999999995       -74.1458535014371       0.441879625704028     
   3.49799999999995       -74.1557418121633       0.441016498924579     
   3.49899999999995       -74.1656415327305       0.440150980467446     
   3.49999999999994       -74.1755526779355       0.439283057115733     
   3.50099999999994       -74.1854752625848       0.438412715522616     
   3.50199999999994       -74.1954093015030       0.437539942206280     
   3.50299999999994       -74.2053548095259       0.436664723549928     
   3.50399999999994       -74.2153118015008       0.435787041443596     
   3.50499999999994       -74.2252802922937       0.434906890505632     
   3.50599999999994       -74.2352602967808       0.434024252534378     
   3.50699999999994       -74.2452518298507       0.433139113350646     
   3.50799999999994       -74.2552549064099       0.432251458626661     
   3.50899999999994       -74.2652695413717       0.431361273888782     
   3.50999999999994       -74.2752957496692       0.430468544511116     
   3.51099999999994       -74.2853335462438       0.429573251256701     
   3.51199999999994       -74.2953829460511       0.428675387899865     
   3.51299999999994       -74.3054439640629       0.427774935090183     
   3.51399999999994       -74.3155166152583       0.426871877576303     
   3.51499999999994       -74.3256009146338       0.425966199943544     
   3.51599999999994       -74.3356968771965       0.425057886611417     
   3.51699999999994       -74.3458045179674       0.424146917401380     
   3.51799999999994       -74.3559238519783       0.423233285041891     
   3.51899999999994       -74.3660548942756       0.422316969214851     
   3.51999999999994       -74.3761976599161       0.421397953651736     
   3.52099999999994       -74.3863521639712       0.420476221905046     
   3.52199999999994       -74.3965184215227       0.419551757345496     
   3.52299999999994       -74.4066964476650       0.418624538689630     
   3.52399999999994       -74.4168862575048       0.417694557652177     
   3.52499999999994       -74.4270878661604       0.416761792782137     
   3.52599999999994       -74.4373012887629       0.415826226692234     
   3.52699999999994       -74.4475265404546       0.414887841796915     
   3.52799999999994       -74.4577636363903       0.413946620310471     
   3.52899999999994       -74.4680125917338       0.413002539666137     
   3.52999999999994       -74.4782734216644       0.412055590587931     
   3.53099999999994       -74.4885461413693       0.411105750312637     
   3.53199999999994       -74.4988307660487       0.410153000215910     
   3.53299999999994       -74.5091273109146       0.409197321456862     
   3.53399999999994       -74.5194357911897       0.408238690447187     
   3.53499999999994       -74.5297562221071       0.407277096707800     
   3.53599999999994       -74.5400886189104       0.406312516420982     
   3.53699999999994       -74.5504329968554       0.405344929831754     
   3.53799999999994       -74.5607893712074       0.404374316948920     
   3.53899999999994       -74.5711577572450       0.403400657537443     
   3.53999999999994       -74.5815381702549       0.402423926344971     
   3.54099999999994       -74.5919306255321       0.401444111926962     
   3.54199999999994       -74.6023351383870       0.400461188766204     
   3.54299999999994       -74.6127517241370       0.399475135615509     
   3.54399999999994       -74.6231803981107       0.398485926374043     
   3.54499999999994       -74.6336211756462       0.397493548181938     
   3.54599999999994       -74.6440740720900       0.396497974634379     
   3.54699999999994       -74.6545391028017       0.395499183392451     
   3.54799999999994       -74.6650162831480       0.394497151834820     
   3.54899999999994       -74.6755056285066       0.393491852338080     
   3.54999999999994       -74.6860071542625       0.392483270848187     
   3.55099999999994       -74.6965208758116       0.391471379397221     
   3.55199999999994       -74.7070468085598       0.390456154166705     
   3.55299999999994       -74.7175849679194       0.389437571027933     
   3.55399999999994       -74.7281353693138       0.388415600636216     
   3.55499999999994       -74.7386980281752       0.387390227724815     
   3.55599999999994       -74.7492729599414       0.386361422560794     
   3.55699999999994       -74.7598601800630       0.385329159699444     
   3.55799999999994       -74.7704597039957       0.384293408487451     
   3.55899999999994       -74.7810715472057       0.383254152228256     
   3.55999999999994       -74.7916957251653       0.382211359830504     
   3.56099999999994       -74.8023322533562       0.381165004429326     
   3.56199999999994       -74.8129811472684       0.380115053901662     
   3.56299999999994       -74.8236424223978       0.379061490107539     
   3.56399999999994       -74.8343160942476       0.378004280434445     
   3.56499999999994       -74.8450021783325       0.376943396478959     
   3.56599999999994       -74.8557006901686       0.375878804480176     
   3.56699999999994       -74.8664116452843       0.374810484824490     
   3.56799999999994       -74.8771350592110       0.373738403204443     
   3.56899999999994       -74.8878709474893       0.372662529549850     
   3.56999999999994       -74.8986193256669       0.371582828271676     
   3.57099999999994       -74.9093802092947       0.370499278249504     
   3.57199999999994       -74.9201536139341       0.369411843289254     
   3.57299999999994       -74.9309395551506       0.368320486568019     
   3.57399999999994       -74.9417380485152       0.367225185282088     
   3.57499999999994       -74.9525491096048       0.366125901941407     
   3.57599999999994       -74.9633727540050       0.365022603193575     
   3.57699999999994       -74.9742089973032       0.363915250021683     
   3.57799999999994       -74.9850578550953       0.362803818018818     
   3.57899999999994       -74.9959193429781       0.361688267431775     
   3.57999999999994       -75.0067934765581       0.360568557698871     
   3.58099999999994       -75.0176802714436       0.359444662659056     
   3.58199999999994       -75.0285797432499       0.358316540944834     
   3.58299999999994       -75.0394919075968       0.357184150303620     
   3.58399999999994       -75.0504167801044       0.356047462780308     
   3.58499999999994       -75.0613543764020       0.354906435239563     
   3.58599999999994       -75.0723047121213       0.353761023578017     
   3.58699999999994       -75.0832678028957       0.352611197994395     
   3.58799999999994       -75.0942436643651       0.351456913422949     
   3.58899999999994       -75.1052323121705       0.350298123736563     
   3.58999999999994       -75.1162337619594       0.349134797227811     
   3.59099999999993       -75.1272480293780       0.347966886722778     
   3.59199999999993       -75.1382751300784       0.346794343884550     
   3.59299999999993       -75.1493150797159       0.345617135029465     
   3.59399999999993       -75.1603678939458       0.344435210682029     
   3.59499999999993       -75.1714335884260       0.343248520093692     
   3.59599999999993       -75.1825121788190       0.342057027522876     
   3.59699999999993       -75.1936036807862       0.340860675786412     
   3.59799999999993       -75.2047081099934       0.339659427094712     
   3.59899999999993       -75.2158254821049       0.338453227964409     
   3.59999999999993       -75.2269558127883       0.337242023453959     
   3.60099999999993       -75.2380991177121       0.336025773545414     
   3.60199999999993       -75.2492554125442       0.334804416586186     
   3.60299999999993       -75.2604247129554       0.333577910399964     
   3.60399999999993       -75.2716070346140       0.332346191661433     
   3.60499999999993       -75.2828023931907       0.331109215994233     
   3.60599999999993       -75.2940108043551       0.329866923310764     
   3.60699999999993       -75.3052322837783       0.328619251764068     
   3.60799999999993       -75.3164668471275       0.327366154426139     
   3.60899999999993       -75.3277145100709       0.326107562234313     
   3.60999999999993       -75.3389752882771       0.324843425883499     
   3.61099999999993       -75.3502491974115       0.323573674072727     
   3.61199999999993       -75.3615362531382       0.322298255046757     
   3.61299999999993       -75.3728364711202       0.321017095078453     
   3.61399999999993       -75.3841498670191       0.319730139876294     
   3.61499999999993       -75.3954764564926       0.318437313091836     
   3.61599999999993       -75.4068162551975       0.317138557800324     
   3.61699999999993       -75.4181692787865       0.315833794823557     
   3.61799999999993       -75.4295355429106       0.314522964499095     
   3.61899999999993       -75.4409150632168       0.313205984596453     
   3.61999999999993       -75.4523078553487       0.311882792597600     
   3.62099999999993       -75.4637139349458       0.310553302986059     
   3.62199999999993       -75.4751333176452       0.309217450256089     
   3.62299999999993       -75.4865660190775       0.307875145352548     
   3.62399999999993       -75.4980120548700       0.306526314149990     
   3.62499999999993       -75.5094714406443       0.305170880262006     
   3.62599999999993       -75.5209441920185       0.303808749609051     
   3.62699999999993       -75.5324303246031       0.302439847766968     
   3.62799999999993       -75.5439298540047       0.301064076406327     
   3.62899999999993       -75.5554427958232       0.299681351915376     
   3.62999999999993       -75.5669691656516       0.298291588294725     
   3.63099999999993       -75.5785089790779       0.296894681001844     
   3.63199999999993       -75.5900622516820       0.295490539896099     
   3.63299999999993       -75.6016289990363       0.294079072348487     
   3.63399999999993       -75.6132092367067       0.292660166779015     
   3.63499999999993       -75.6248029802516       0.291233725917182     
   3.63599999999993       -75.6364102452197       0.289799644262526     
   3.63699999999993       -75.6480310471539       0.288357819111640     
   3.63799999999993       -75.6596654015853       0.286908128534857     
   3.63899999999993       -75.6713133240386       0.285450464410359     
   3.63999999999993       -75.6829748300263       0.283984710059193     
   3.64099999999993       -75.6946499350556       0.282510745745701     
   3.64199999999993       -75.7063386546183       0.281028454068140     
   3.64299999999993       -75.7180410042015       0.279537697747628     
   3.64399999999993       -75.7297569992760       0.278038352782781     
   3.64499999999993       -75.7414866553063       0.276530286022852     
   3.64599999999993       -75.7532299877424       0.275013360634867     
   3.64699999999993       -75.7649870120251       0.273487435956221     
   3.64799999999993       -75.7767577435806       0.271952367344491     
   3.64899999999993       -75.7885421978254       0.270408006014758     
   3.64999999999993       -75.8003403901604       0.268854198873268     
   3.65099999999993       -75.8121523359751       0.267290788337354     
   3.65199999999993       -75.8239780506463       0.265717612148824     
   3.65299999999993       -75.8358175495352       0.264134503177844     
   3.65399999999993       -75.8476708479901       0.262541289212512     
   3.65499999999993       -75.8595379613422       0.260937792743551     
   3.65599999999993       -75.8714189049121       0.259323830725113     
   3.65699999999993       -75.8833136940018       0.257699214336080     
   3.65799999999993       -75.8952223438978       0.256063748718515     
   3.65899999999993       -75.9071448698719       0.254417226788641     
   3.65999999999993       -75.9190812871782       0.252759452436054     
   3.66099999999993       -75.9310316110539       0.251090205209391     
   3.66199999999993       -75.9429958567196       0.249409257316996     
   3.66299999999993       -75.9549740393786       0.247716390776606     
   3.66399999999993       -75.9669661742137       0.246011362454279     
   3.66499999999993       -75.9789722763927       0.244293920536395     
   3.66599999999993       -75.9909923610614       0.242563822197977     
   3.66699999999993       -76.0030264433478       0.240820791885104     
   3.66799999999993       -76.0150745383588       0.239064567875574     
   3.66899999999993       -76.0271366611827       0.237294854663713     
   3.66999999999993       -76.0392128268872       0.235511369788405     
   3.67099999999993       -76.0513030505178       0.233713795445539     
   3.67199999999993       -76.0634073470974       0.231901820098488     
   3.67299999999993       -76.0755257316292       0.230075113495122     
   3.67399999999993       -76.0876582190938       0.228233332092318     
   3.67499999999993       -76.0998048244471       0.226376124338115     
   3.67599999999993       -76.1119655626236       0.224503105674035     
   3.67699999999993       -76.1241404485329       0.222613893944757     
   3.67799999999993       -76.1363294970601       0.220708078063111     
   3.67899999999993       -76.1485327230664       0.218785247589085     
   3.67999999999993       -76.1607501413878       0.216844954943549     
   3.68099999999992       -76.1729817668333       0.214886738607563     
   3.68199999999992       -76.1852276141866       0.212910109422809     
   3.68299999999992       -76.1974876982063       0.210914574213109     
   3.68399999999992       -76.2097620336208       0.208899590640388     
   3.68499999999992       -76.2220506351324       0.206864609159815     
   3.68599999999992       -76.2343535174155       0.204809052422640     
   3.68699999999992       -76.2466706951151       0.202732294659493     
   3.68799999999992       -76.2590021828474       0.200633697023147     
   3.68899999999992       -76.2713479951986       0.198512573798396     
   3.68999999999992       -76.2837081467253       0.196368221371782     
   3.69099999999992       -76.2960826519528       0.194199877627868     
   3.69199999999992       -76.3084715253745       0.192006737366729     
   3.69299999999992       -76.3208747814532       0.189787961955407     
   3.69399999999992       -76.3332924346183       0.187542656153377     
   3.69499999999992       -76.3457244992677       0.185269870333945     
   3.69599999999992       -76.3581709897636       0.182968595751594     
   3.69699999999992       -76.3706319204358       0.180637752723411     
   3.69799999999992       -76.3831073055785       0.178276210602276     
   3.69899999999992       -76.3955971594520       0.175882735856054     
   3.69999999999992       -76.4081014962801       0.173456023437243     
   3.70099999999992       -76.4206203302496       0.170994688741697     
   3.70199999999992       -76.4331536755115       0.168497218493774     
   3.70299999999992       -76.4457015461791       0.165961999482642     
   3.70399999999992       -76.4582639563260       0.163387306330538     
   3.70499999999992       -76.4708409199893       0.160771247771916     
   3.70599999999992       -76.4834324511669       0.158111790036742     
   3.70699999999992       -76.4960385638144       0.155406731890979     
   3.70799999999992       -76.5086592718481       0.152653662767878     
   3.70899999999992       -76.5212945891437       0.149849964397347     
   3.70999999999992       -76.5339445295347       0.146992754487393     
   3.71099999999992       -76.5466091068131       0.144078871995344     
   3.71199999999992       -76.5592883347256       0.141104836016898     
   3.71299999999992       -76.5719822269763       0.138066769242993     
   3.71399999999992       -76.5846907972263       0.134960379668625     
   3.71499999999992       -76.5974140590898       0.131780861444259     
   3.71599999999992       -76.6101520261356       0.128522813998271     
   3.71699999999992       -76.6229047118880       0.125180126649061     
   3.71799999999992       -76.6356721298221       0.121745850284761     
   3.71899999999992       -76.6484542933655       0.118212048266419     
   3.71999999999992       -76.6612512158988       0.114569522191311     
   3.72099999999992       -76.6740629107524       0.110807600317233     
   3.72199999999992       -76.6868893912070       0.106913694966483     
   3.72299999999992       -76.6997306704947       0.102872861196977     
   3.72399999999992       -76.7125867617923       9.866708622330018E-002
   3.72499999999992       -76.7254576782293       9.427433306701986E-002
   3.72599999999992       -76.7383434328789       8.966716206483423E-002
   3.72699999999992       -76.7512440387642       8.481068492507249E-002
   3.72799999999992       -76.7641595088510       7.965936734080310E-002
   3.72899999999992       -76.7770898560526       7.415183547941313E-002
   3.72999999999992       -76.7900350932270       6.820190333850644E-002
   3.73099999999992       -76.8029952331732       6.168175065574081E-002
   3.73199999999992       -76.8159702886360       5.438677586986662E-002
   3.73299999999992       -76.8289602723010       4.594956946790518E-002
   3.73399999999992       -76.8419651967950       3.556667512352433E-002
   3.73499999999992       -76.8549850746846       2.046773343917322E-002
   3.73599999999992       -76.8680185831171       2.510871813391861E-005
   3.73699999999992       -76.8810578915116       8.421092632659999E-006
   3.73799999999992       -76.8941017222011       5.053907094043630E-006
   3.73899999999992       -76.9071500747942       3.610276297176066E-006
   3.73999999999992       -76.9202029488989       2.801895347256019E-006
   3.74099999999992       -76.9332603441223       2.292920645130536E-006
   3.74199999999992       -76.9463222600668       1.938321272635749E-006
   3.74299999999992       -76.9593886963376       1.678102194683599E-006
   3.74399999999992       -76.9724596525370       1.465879008473910E-006
   3.74499999999992       -76.9855351282654       1.276287022511369E-006
   3.74599999999992       -76.9986151231250       1.102811849544120E-006
   3.74699999999992       -77.0116996367147       9.469618175531972E-007
   3.74799999999992       -77.0247886686316       8.091241198900553E-007
   3.74899999999992       -77.0378822184721       6.827269208494376E-007
   3.74999999999992       -77.0509802858328       5.743712725436723E-007
   3.75099999999992       -77.0640828703078       4.775024916211142E-007
   3.75199999999992       -77.0771899714928       3.922801871114601E-007
   3.75299999999992       -77.0903015889781       3.221656391290869E-007
   3.75399999999992       -77.1034177223554       2.616302910244765E-007
   3.75499999999992       -77.1165383712158       2.100982829933429E-007
   3.75599999999992       -77.1296635351471       1.668332102096789E-007
   3.75699999999992       -77.1427932137393       1.309988135004640E-007
   3.75799999999992       -77.1559274065774       1.017142122750059E-007
   3.75899999999992       -77.1690661132490       7.809429577084377E-008
   3.75999999999992       -77.1822093333364       5.929020226632294E-008
   3.76099999999992       -77.1953570664263       4.526779214438411E-008
   3.76199999999992       -77.2085093120988       3.419834878245117E-008
   3.76299999999992       -77.2216660699352       2.556422277570173E-008
   3.76399999999992       -77.2348273395173       1.890901886921388E-008
   3.76499999999992       -77.2479931204244       1.383947478839076E-008
   3.76599999999992       -77.2611634122339       1.002241578618168E-008
   3.76699999999992       -77.2743382145203       7.181427637744283E-009
   3.76799999999992       -77.2875175268619       5.091701689903990E-009
   3.76899999999992       -77.3007013488331       3.571160515451292E-009
   3.76999999999992       -77.3138896800089       2.478263816385606E-009
   3.77099999999992       -77.3270825199593       1.701301285036057E-009
   3.77199999999991       -77.3402798682563       1.155773217872043E-009
   3.77299999999991       -77.3534817244721       7.767686494020154E-010
   3.77399999999991       -77.3666880881744       5.166799210698514E-010
   3.77499999999991       -77.3798989589298       3.393581711937562E-010
   3.77599999999991       -77.3931143363095       2.201726208757767E-010
   3.77699999999991       -77.4063342198740       1.414854159757321E-010
   3.77799999999991       -77.4195586091939       8.987729079497815E-011
   3.77899999999991       -77.4327875038247       5.614434842963571E-011
   3.77999999999991       -77.4460209033368       3.423842690845428E-011
   3.78099999999991       -77.4592588072896       2.037077913759807E-011
   3.78199999999991       -77.4725012152415       1.179130867020225E-011
   3.78299999999991       -77.4857481267539       6.184978455318439E-012
   3.78399999999991       -77.4989995413825       3.040974879316612E-012
   3.78499999999991       -77.5122554586869       4.806895622285386E-013
   3.78599999999991       -77.5255158782231       5.349054532644004E-013
   3.78699999999991       -77.5387807995425       6.614708780716683E-013
   3.78799999999991       -77.5520502222018       1.507756882309271E-012
   3.78899999999991       -77.5653241457548       2.002398247213932E-012
   3.78999999999991       -77.5786025697484       2.386461398865928E-012
   3.79099999999991       -77.5918854937374       2.676266615727248E-012
   3.79199999999991       -77.6051729172706       2.447856732127699E-012
   3.79299999999991       -77.6184648398944       2.684001169465470E-012
   3.79399999999991       -77.6317612611573       2.838655236795754E-012
   3.79499999999991       -77.6450621806039       2.829181333652286E-012
   3.79599999999991       -77.6583675977793       2.735256465768998E-012
   3.79699999999991       -77.6716775122307       2.506291470657137E-012
   3.79799999999991       -77.6849919234958       2.821705831953144E-012
   3.79899999999991       -77.6983108311211       2.654950333654445E-012
   3.79999999999991       -77.7116342346448       2.253530695384143E-012
   3.80099999999991       -77.7249621336067       2.006691109575816E-012
   3.80199999999991       -77.7382945275442       1.621961824109045E-012
   3.80299999999991       -77.7516314159943       1.551943758689352E-012
   3.80399999999991       -77.7649727984959       1.823726355117591E-012
   3.80499999999991       -77.7783186745817       1.625921619563542E-012
   3.80599999999991       -77.7916690437861       1.572852958986459E-012
   3.80699999999991       -77.8050239056442       1.249852073688847E-012
   3.80799999999991       -77.8183832596847       1.284157965149764E-012
   3.80899999999991       -77.8317471054403       1.199781015278252E-012
   3.80999999999991       -77.8451154424397       1.371125435412068E-012
   3.81099999999991       -77.8584882702124       1.444511177339791E-012
   3.81199999999991       -77.8718655882842       1.860659774403454E-012
   3.81299999999991       -77.8852473961817       1.972829307324749E-012
   3.81399999999991       -77.8986336934336       1.467492793949532E-012
   3.81499999999991       -77.9120244795597       1.192379528447418E-012
   3.81599999999991       -77.9254197540862       1.262915697945270E-012
   3.81699999999991       -77.9388195165326       1.209958059670650E-012
   3.81799999999991       -77.9522237664207       1.416644579421700E-012
   3.81899999999991       -77.9656325032721       1.654195299257329E-012
   3.81999999999991       -77.9790457266034       1.270687259117646E-012
   3.82099999999991       -77.9924634359336       1.173357707292174E-012
   3.82199999999991       -78.0058856307799       1.175726183078041E-012
   3.82299999999991       -78.0193123106543       1.164771982568406E-012
   3.82399999999991       -78.0327434750745       9.339936231829900E-013
   3.82499999999991       -78.0461791235533       1.141383284182969E-012
   3.82599999999991       -78.0596192555999       1.265432203467753E-012
   3.82699999999991       -78.0730638707304       1.587396880609049E-012
   3.82799999999991       -78.0865129684528       1.579181230226823E-012
   3.82899999999991       -78.0999665482758       1.424120081120843E-012
   3.82999999999991       -78.1134246097075       1.672069889953794E-012
   3.83099999999991       -78.1268871522537       1.553757122962907E-012
   3.83199999999991       -78.1403541754232       1.357802759116566E-012
   3.83299999999991       -78.1538256787152       1.638319110005189E-012
   3.83399999999991       -78.1673016616385       2.058575532259965E-012
   3.83499999999991       -78.1807821236936       2.053616536083306E-012
   3.83599999999991       -78.1942670643823       2.228883744237464E-012
   3.83699999999991       -78.2077564832044       1.603199054992880E-012
   3.83799999999991       -78.2212503796600       1.473413983414199E-012
   3.83899999999991       -78.2347487532447       1.768400241057104E-012
   3.83999999999991       -78.2482516034614       1.630214481925426E-012
   3.84099999999991       -78.2617589297998       1.918613416288887E-012
   3.84199999999991       -78.2752707317575       1.473525005716662E-012
   3.84299999999991       -78.2887870088290       1.118586704743999E-012
   3.84399999999991       -78.3023077605082       1.250629229806085E-012
   3.84499999999991       -78.3158329862820       1.146342280359628E-012
   3.84599999999991       -78.3293626856459       1.083725701770770E-012
   3.84699999999991       -78.3428968580882       1.274869099177067E-012
   3.84799999999991       -78.3564355030949       1.154742967912625E-012
   3.84899999999991       -78.3699786201597       1.141383284182969E-012
   3.84999999999991       -78.3835262087614       9.130844228858830E-013
   3.85099999999991       -78.3970782683909       8.132383655379272E-013
   3.85199999999991       -78.4106347985279       1.466567608095678E-012
   3.85299999999991       -78.4241957986598       1.572852958986459E-012
   3.85399999999991       -78.4377612682661       1.520709484263231E-012
   3.85499999999991       -78.4513312068295       1.323644897392266E-012
   3.85599999999991       -78.4649056138261       1.223465773136923E-012
   3.85699999999991       -78.4784844887397       1.202112483629965E-012
   3.85799999999991       -78.4920678310467       1.217433561369792E-012
   3.85899999999991       -78.5056556402198       7.825221951899645E-013
   3.85999999999991       -78.5192479157406       9.966472092060030E-013
   3.86099999999991       -78.5328446570792       1.104523879765414E-012
   3.86199999999991       -78.5464458637137       7.353007092092412E-013
   3.86299999999990       -78.5600515351128       8.610519704651173E-013
   3.86399999999990       -78.5736616707476       7.251606722509981E-013
   3.86499999999990       -78.5872762700915       6.207997079362334E-013
   3.86599999999990       -78.6008953326114       6.439293542825908E-013
   3.86699999999990       -78.6145188577759       5.152545057285352E-013
   3.86799999999990       -78.6281468450527       6.481111943420123E-013
   3.86899999999990       -78.6417792939048       3.921307722976053E-013
   3.86999999999990       -78.6554162038036       5.791293370786358E-013
   3.87099999999990       -78.6690575742080       6.463718449367661E-013
   3.87199999999990       -78.6827034045831       8.802218213569782E-013
   3.87299999999990       -78.6963536943872       7.369660437461789E-013
   3.87399999999990       -78.7100084430858       8.747817285363150E-013
   3.87499999999990       -78.7236676501359       8.808879551717533E-013
   3.87599999999990       -78.7373313149964       9.050168022402735E-013
   3.87699999999990       -78.7509994371250       9.630814664281691E-013
   3.87799999999990       -78.7646720159790       1.031397189876770E-012
   3.87899999999990       -78.7783490510134       8.812950369474493E-013
   3.87999999999990       -78.7920305416805       7.606508016048489E-013
   3.88099999999990       -78.8057164874394       1.080913136775052E-012
   3.88199999999990       -78.8194068877348       9.342526752220692E-013
   3.88299999999990       -78.8331017420235       1.029176743827520E-012
   3.88399999999990       -78.8468010497535       6.857477548768051E-013
   3.88499999999990       -78.8605048103745       1.156482317317871E-012
   3.88599999999990       -78.8742130233348       7.906268232697281E-013
   3.88699999999990       -78.8879256880812       9.217441624779592E-013
   3.88799999999990       -78.9016428040561       9.906149974388729E-013
   3.88899999999990       -78.9153643707107       9.692987153660699E-013
   3.88999999999990       -78.9290903874846       1.026882282909962E-012
   3.89099999999990       -78.9428208538214       9.739986595036498E-013
   3.89199999999990       -78.9565557691639       1.146157243188857E-012
   3.89299999999990       -78.9702951329534       9.215961327413424E-013
   3.89399999999990       -78.9840389446259       1.253330772499339E-012
   3.89499999999990       -78.9977872036230       1.167436517827506E-012
   3.89599999999990       -79.0115399093819       8.940996091647927E-013
   3.89699999999990       -79.0252970613372       9.302928797675729E-013
   3.89799999999990       -79.0390586589280       8.741526021556941E-013
   3.89899999999990       -79.0528247015849       9.014640885614730E-013
   3.89999999999990       -79.0665951887420       9.568272100561141E-013
   3.90099999999990       -79.0803701198330       1.054822895696361E-012
   3.90199999999990       -79.0941494942892       1.115293043104278E-012
   3.90299999999990       -79.1079333115397       1.243079713238634E-012
   3.90399999999990       -79.1217215710120       1.300885325387450E-012
   3.90499999999990       -79.1355142721394       1.172247484267549E-012
   3.90599999999990       -79.1493114143443       1.095012969187792E-012
   3.90699999999990       -79.1631129970538       9.328834001583648E-013
   3.90799999999990       -79.1769190196945       9.532374889431594E-013
   3.90899999999990       -79.1907294816876       1.009266744252576E-012
   3.90999999999990       -79.2045443824582       7.936614328703703E-013
   3.91099999999990       -79.2183637214265       7.540264708912522E-013
   3.91199999999990       -79.2321874980139       6.270539643082884E-013
   3.91299999999990       -79.2460157116399       8.494316361407073E-013
   3.91399999999990       -79.2598483617251       6.529591682162087E-013
   3.91499999999990       -79.2736854476836       7.876292211032402E-013
   3.91599999999990       -79.2875269689362       8.515780673216492E-013
   3.91699999999990       -79.3013729248954       8.249697221647997E-013
   3.91799999999990       -79.3152233149764       7.250126425143814E-013
   3.91899999999990       -79.3290781385929       6.832682567884755E-013
   3.91999999999990       -79.3429373951594       5.748734821509061E-013
   3.92099999999990       -79.3568010840816       8.866611148998042E-013
   3.92199999999990       -79.3706692047777       5.398644494410595E-013
   3.92299999999990       -79.3845417566503       6.270539643082884E-013
   3.92399999999990       -79.3984187391116       6.973680892012150E-013
   3.92499999999990       -79.4123001515664       6.192453957017582E-013
   3.92599999999990       -79.4261859934245       6.028881098056141E-013
   3.92699999999990       -79.4400762640876       6.239083324051838E-013
   3.92799999999990       -79.4539709629600       6.349365477831270E-013
   3.92899999999990       -79.4678700894469       6.138053028810949E-013
   3.92999999999990       -79.4817736429508       5.923779985058294E-013
   3.93099999999990       -79.4956816228711       5.881221435780996E-013
   3.93199999999990       -79.5095940286065       5.501155087017651E-013
   3.93299999999990       -79.5235108595582       7.344865456578494E-013
   3.93399999999990       -79.5374321151248       7.206827727183432E-013
   3.93499999999990       -79.5513577947020       7.194245199571014E-013
   3.93599999999990       -79.5652878976850       6.005196340197472E-013
   3.93699999999990       -79.5792224234706       7.498816382659849E-013
   3.93799999999990       -79.5931613714522       8.106478451471352E-013
   3.93899999999990       -79.6071047410208       8.170501312558068E-013
   3.93999999999990       -79.6210525315693       7.847796486733690E-013
   3.94099999999990       -79.6350047424909       6.266468825325925E-013
   3.94199999999990       -79.6489613731697       8.088344808735807E-013
   3.94299999999990       -79.6629224230003       5.552595420491949E-013
   3.94399999999990       -79.6768878913692       6.171359719549704E-013
   3.94499999999990       -79.6908577776592       5.827560656257447E-013
   3.94599999999990       -79.7048320812611       5.627350437483377E-013
   3.94699999999990       -79.7188108015547       4.883130936642980E-013
   3.94799999999990       -79.7327939379268       4.805415324919219E-013
   3.94899999999990       -79.7467814897595       6.650976066187771E-013
   3.94999999999990       -79.7607734564345       6.104006189389111E-013
   3.95099999999990       -79.7747698373314       5.958566973163215E-013
   3.95199999999990       -79.7887706318321       6.361207856760606E-013
   3.95299999999990       -79.8027758393103       8.179013022413528E-013
   3.95399999999989       -79.8167854591486       5.137372009282141E-013
   3.95499999999989       -79.8307994907205       5.732451550481225E-013
   3.95599999999989       -79.8448179334039       4.724369044121582E-013
   3.95699999999989       -79.8588407865699       4.694022948115162E-013
   3.95799999999989       -79.8728680495933       7.378542221658790E-013
   3.95899999999989       -79.8868997218474       8.487284948917780E-013
   3.95999999999989       -79.9009358027034       3.432069443457901E-013
   3.96099999999989       -79.9149762915306       8.234894247986327E-013
   3.96199999999989       -79.9290211877003       7.253457094217689E-013
   3.96299999999989       -79.9430704905803       2.830328564111066E-013
   3.96399999999989       -79.9571241995350       5.110726656691137E-013
   3.96499999999989       -79.9711823139340       7.972511539833249E-013
   3.96599999999989       -79.9852448331420       8.276342574239001E-013
   3.96699999999989       -79.9993117565213       8.520221565314993E-013
   3.96799999999989       -80.0133830834396       4.471978343190131E-013
   3.96899999999989       -80.0274588132540       5.393093379287469E-013
   3.96999999999989       -80.0415389453301       8.023211724624465E-013
   3.97099999999989       -80.0556234790238       4.983421083200786E-013
   3.97199999999989       -80.0697124136985       3.560485239972877E-013
   3.97299999999989       -80.0838057487092       4.668857892890325E-013
   3.97399999999989       -80.0979034834165       5.001554725936330E-013
   3.97499999999989       -80.1120056171715       4.424238753131249E-013
   3.97599999999989       -80.1261121493354       2.887320012708490E-013
   3.97699999999989       -80.1402230792575       7.292314900079570E-013
   3.97799999999989       -80.1543384062940       6.714628852932947E-013
   3.97899999999989       -80.1684581297980       6.038503030936226E-013
   3.97999999999989       -80.1825822491164       3.836930773104541E-013
   3.98099999999989       -80.1967107636036       5.128490225085139E-013
   3.98199999999989       -80.2108436726055       5.180670707242522E-013
   3.98299999999989       -80.2249809754705       4.730290233586251E-013
   3.98399999999989       -80.2391226715497       5.567398394153619E-013
   3.98499999999989       -80.2532687601858       4.186280951519923E-013
   3.98599999999989       -80.2674192407243       6.195044477408373E-013
   3.98699999999989       -80.2815741125096       8.028022691064507E-013
   3.98799999999989       -80.2957333748859       5.920079241642876E-013
   3.98899999999989       -80.3098970271951       7.839654851219772E-013
   3.98999999999989       -80.3240650687766       6.454096516487576E-013
   3.99099999999989       -80.3382374989726       5.537792446830281E-013
   3.99199999999989       -80.3524143171205       7.314519360572073E-013
   3.99299999999989       -80.3665955225603       6.737573462108534E-013
   3.99399999999989       -80.3807811146289       6.759407848259494E-013
   3.99499999999989       -80.3949710926619       6.038132956594685E-013
   3.99599999999989       -80.4091654559941       4.419797861032748E-013
   3.99699999999989       -80.4233642039605       8.385144430652266E-013
   3.99799999999989       -80.4375673358944       7.822631431508853E-013
   3.99899999999989       -80.4517748511264       6.621740193205975E-013
