   3.0000000000000000       -32.087939753137604       0.97907174692735011     
   3.0009999999999999       -32.088275140067388       0.97899269705867009     
   3.0019999999999998       -32.088611793078954       0.97891335432566484     
   3.0029999999999997       -32.088949716854785       0.97883371769308891     
   3.0039999999999996       -32.089288916093892       0.97875378611361563     
   3.0049999999999994       -32.089629395512034       0.97867355853635873     
   3.0059999999999993       -32.089971159841610       0.97859303390706387     
   3.0069999999999992       -32.090314213831796       0.97851221116799680     
   3.0079999999999991       -32.090658562248628       0.97843108925788869     
   3.0089999999999990       -32.091004209875017       0.97834966711200932     
   3.0099999999999989       -32.091351161510659       0.97826794366227376     
   3.0109999999999988       -32.091699421972457       0.97818591783685516     
   3.0119999999999987       -32.092048996094235       0.97810358856054835     
   3.0129999999999986       -32.092399888726831       0.97802095475470396     
   3.0139999999999985       -32.092752104738409       0.97793801533694857     
   3.0149999999999983       -32.093105649014205       0.97785476922148584     
   3.0159999999999982       -32.093460526456724       0.97777121531899969     
   3.0169999999999981       -32.093816741985840       0.97768735253652939     
   3.0179999999999980       -32.094174300538739       0.97760317977759703     
   3.0189999999999979       -32.094533207070093       0.97751869594209639     
   3.0199999999999978       -32.094893466551987       0.97743389992636998     
   3.0209999999999977       -32.095255083974060       0.97734879062319691     
   3.0219999999999976       -32.095618064343604       0.97726336692162585     
   3.0229999999999975       -32.095982412685444       0.97717762770726280     
   3.0239999999999974       -32.096348134042195       0.97709157186194873     
   3.0249999999999972       -32.096715233474178       0.97700519826396548     
   3.0259999999999971       -32.097083716059593       0.97691850578788131     
   3.0269999999999970       -32.097453586894510       0.97683149330459484     
   3.0279999999999969       -32.097824851092824       0.97674415968148509     
   3.0289999999999968       -32.098197513786559       0.97665650378207536     
   3.0299999999999967       -32.098571580125693       0.97656852446629372     
   3.0309999999999966       -32.098947055278330       0.97648022059037520     
   3.0319999999999965       -32.099323944430751       0.97639159100683270     
   3.0329999999999964       -32.099702252787431       0.97630263456441291     
   3.0339999999999963       -32.100081985571080       0.97621335010830235     
   3.0349999999999961       -32.100463148022826       0.97612373647976758     
   3.0359999999999960       -32.100845745402175       0.97603379251635758     
   3.0369999999999959       -32.101229782986991       0.97594351705201066     
   3.0379999999999958       -32.101615266073743       0.97585290891673837     
   3.0389999999999957       -32.102002199977377       0.97576196693690243     
   3.0399999999999956       -32.102390590031540       0.97567068993499217     
   3.0409999999999955       -32.102780441588564       0.97557907672970023     
   3.0419999999999954       -32.103171760019443       0.97548712613599131     
   3.0429999999999953       -32.103564550714040       0.97539483696494644     
   3.0439999999999952       -32.103958819081036       0.97530220802388978     
   3.0449999999999950       -32.104354570548061       0.97520923811621840     
   3.0459999999999949       -32.104751810561687       0.97511592604160391     
   3.0469999999999948       -32.105150544587552       0.97502227059576729     
   3.0479999999999947       -32.105550778110391       0.97492827057058984     
   3.0489999999999946       -32.105952516634076       0.97483392475410113     
   3.0499999999999945       -32.106355765681663       0.97473923193049583     
   3.0509999999999944       -32.106760530795597       0.97464419087990573     
   3.0519999999999943       -32.107166817537475       0.97454880037881353     
   3.0529999999999942       -32.107574631488504       0.97445305919951275     
   3.0539999999999941       -32.107983978249180       0.97435696611061917     
   3.0549999999999939       -32.108394863439585       0.97426051987664974     
   3.0559999999999938       -32.108807292699353       0.97416371925827294     
   3.0569999999999937       -32.109221271687815       0.97406656301210492     
   3.0579999999999936       -32.109636806083941       0.97396904989089339     
   3.0589999999999935       -32.110053901586490       0.97387117864335615     
   3.0599999999999934       -32.110472563913966       0.97377294801434200     
   3.0609999999999933       -32.110892798804855       0.97367435674457203     
   3.0619999999999932       -32.111314612017580       0.97357540357076955     
   3.0629999999999931       -32.111738009330466       0.97347608722578449     
   3.0639999999999930       -32.112162996542089       0.97337640643820700     
   3.0649999999999928       -32.112589579470956       0.97327635993283679     
   3.0659999999999927       -32.113017763955909       0.97317594643026428     
   3.0669999999999926       -32.113447555855970       0.97307516464709920     
   3.0679999999999925       -32.113878961050432       0.97297401329598243     
   3.0689999999999924       -32.114311985439102       0.97287249108525120     
   3.0699999999999923       -32.114746634942129       0.97277059671935406     
   3.0709999999999922       -32.115182915500192       0.97266832889853305     
   3.0719999999999921       -32.115620833074587       0.97256568631890516     
   3.0729999999999920       -32.116060393647111       0.97246266767265777     
   3.0739999999999919       -32.116501603220335       0.97235927164771985     
   3.0749999999999917       -32.116944467817667       0.97225549692776780     
   3.0759999999999916       -32.117388993483097       0.97215134219266985     
   3.0769999999999915       -32.117835186281773       0.97204680611774974     
   3.0779999999999914       -32.118283052299617       0.97194188737443132     
   3.0789999999999913       -32.118732597643600       0.97183658462986955     
   3.0799999999999912       -32.119183828441770       0.97173089654705380     
   3.0809999999999911       -32.119636750843327       0.97162482178476062     
   3.0819999999999910       -32.120091371018674       0.97151835899753458     
   3.0829999999999909       -32.120547695159416       0.97141150683580813     
   3.0839999999999907       -32.121005729478597       0.97130426394565106     
   3.0849999999999906       -32.121465480210553       0.97119662896900616     
   3.0859999999999905       -32.121926953611116       0.97108860054353918     
   3.0869999999999904       -32.122390155957717       0.97098017730255926     
   3.0879999999999903       -32.122855093549198       0.97087135787533985     
   3.0889999999999902       -32.123321772706319       0.97076214088650625     
   3.0899999999999901       -32.123790199771243       0.97065252495687526     
   3.0909999999999900       -32.124260381108172       0.97054250870256720     
   3.0919999999999899       -32.124732323103032       0.97043209073558090     
   3.0929999999999898       -32.125206032163788       0.97032126966343035     
   3.0939999999999896       -32.125681514720185       0.97021004408960276     
   3.0949999999999895       -32.126158777224191       0.97009841261295471     
   3.0959999999999894       -32.126637826149789       0.96998637382816810     
   3.0969999999999893       -32.127118667993159       0.96987392632551916     
   3.0979999999999892       -32.127601309272826       0.96976106869076606     
   3.0989999999999891       -32.128085756529480       0.96964779950555435     
   3.0999999999999890       -32.128572016326288       0.96953411734690864     
   3.1009999999999889       -32.129060095248832       0.96942002078756329     
   3.1019999999999888       -32.129549999905201       0.96930550839580187     
   3.1029999999999887       -32.130041736926017       0.96919057873561165     
   3.1039999999999885       -32.130535312964632       0.96907523036636556     
   3.1049999999999884       -32.131030734697092       0.96895946184303183     
   3.1059999999999883       -32.131528008822187       0.96884327171620666     
   3.1069999999999882       -32.132027142061617       0.96872665853191153     
   3.1079999999999881       -32.132528141159881       0.96860962083187518     
   3.1089999999999880       -32.133031012884572       0.96849215715315673     
   3.1099999999999879       -32.133535764026298       0.96837426602840126     
   3.1109999999999878       -32.134042401398787       0.96825594598571785     
   3.1119999999999877       -32.134550931838902       0.96813719554879396     
   3.1129999999999876       -32.135061362206876       0.96801801323661296     
   3.1139999999999874       -32.135573699386107       0.96789839756386353     
   3.1149999999999873       -32.136087950283539       0.96777834704045906     
   3.1159999999999872       -32.136604121829521       0.96765786017181499     
   3.1169999999999871       -32.137122220977851       0.96753693545891872     
   3.1179999999999870       -32.137642254706002       0.96741557139805290     
   3.1189999999999869       -32.138164230015143       0.96729376648089815     
   3.1199999999999868       -32.138688153930119       0.96717151919455657     
   3.1209999999999867       -32.139214033499591       0.96704882802155456     
   3.1219999999999866       -32.139741875796091       0.96692569143982288     
   3.1229999999999865       -32.140271687916083       0.96680210792260135     
   3.1239999999999863       -32.140803476980082       0.96667807593851018     
   3.1249999999999862       -32.141337250132658       0.96655359395150997     
   3.1259999999999861       -32.141873014542504       0.96642866042094522     
   3.1269999999999860       -32.142410777402581       0.96630327380144454     
   3.1279999999999859       -32.142950545930113       0.96617743254297928     
   3.1289999999999858       -32.143492327366765       0.96605113509070029     
   3.1299999999999857       -32.144036128978428       0.96592437988538438     
   3.1309999999999856       -32.144581958055717       0.96579716536273941     
   3.1319999999999855       -32.145129821913713       0.96566948995393131     
   3.1329999999999854       -32.145679727892158       0.96554135208534664     
   3.1339999999999852       -32.146231683355509       0.96541275017862382     
   3.1349999999999851       -32.146785695692969       0.96528368265071673     
   3.1359999999999850       -32.147341772318654       0.96515414791370224     
   3.1369999999999849       -32.147899920671563       0.96502414437497708     
   3.1379999999999848       -32.148460148215698       0.96489367043712948     
   3.1389999999999847       -32.149022462440165       0.96476272449788070     
   3.1399999999999846       -32.149586870859174       0.96463130495020166     
   3.1409999999999845       -32.150153381012075       0.96449941018236307     
   3.1419999999999844       -32.150722000463666       0.96436703857756434     
   3.1429999999999843       -32.151292736804017       0.96423418851429477     
   3.1439999999999841       -32.151865597648502       0.96410085836633785     
   3.1449999999999840       -32.152440590638172       0.96396704650238740     
   3.1459999999999839       -32.153017723439604       0.96383275128631229     
   3.1469999999999838       -32.153597003744935       0.96369797107722954     
   3.1479999999999837       -32.154178439272073       0.96356270422928869     
   3.1489999999999836       -32.154762037764691       0.96342694909175230     
   3.1499999999999835       -32.155347806992417       0.96329070400883243     
   3.1509999999999834       -32.155935754750629       0.96315396732011749     
   3.1519999999999833       -32.156525888860862       0.96301673735998461     
   3.1529999999999831       -32.157118217170577       0.96287901245812613     
   3.1539999999999830       -32.157712747553589       0.96274079093896026     
   3.1549999999999829       -32.158309487909733       0.96260207112226526     
   3.1559999999999828       -32.158908446165299       0.96246285132258536     
   3.1569999999999827       -32.159509630272737       0.96232312984979018     
   3.1579999999999826       -32.160113048211215       0.96218290500837167     
   3.1589999999999825       -32.160718707986156       0.96204217509817302     
   3.1599999999999824       -32.161326617629733       0.96190093841378121     
   3.1609999999999823       -32.161936785200695       0.96175919324490966     
   3.1619999999999822       -32.162549218784584       0.96161693787611624     
   3.1629999999999820       -32.163163926493709       0.96147417058701323     
   3.1639999999999819       -32.163780916467239       0.96133088965217295     
   3.1649999999999818       -32.164400196871362       0.96118709334098151     
   3.1659999999999817       -32.165021775899284       0.96104277991781772     
   3.1669999999999816       -32.165645661771244       0.96089794764202863     
   3.1679999999999815       -32.166271862734739       0.96075259476778407     
   3.1689999999999814       -32.166900387064430       0.96060671954427923     
   3.1699999999999813       -32.167531243062427       0.96046032021536887     
   3.1709999999999812       -32.168164439058103       0.96031339502003588     
   3.1719999999999811       -32.168799983408441       0.96016594219187990     
   3.1729999999999809       -32.169437884497860       0.96001795995955508     
   3.1739999999999808       -32.170078150738476       0.95986944654645912     
   3.1749999999999807       -32.170720790570051       0.95972040017086846     
   3.1759999999999806       -32.171365812460131       0.95957081904588792     
   3.1769999999999805       -32.172013224904184       0.95942070137930135     
   3.1779999999999804       -32.172663036425426       0.95927004537398863     
   3.1789999999999803       -32.173315255575332       0.95911884922723234     
   3.1799999999999802       -32.173969890933186       0.95896711113146649     
   3.1809999999999801       -32.174626951106617       0.95881482927361994     
   3.1819999999999800       -32.175286444731306       0.95866200183565697     
   3.1829999999999798       -32.175948380471439       0.95850862699397033     
   3.1839999999999797       -32.176612767019428       0.95835470291992475     
   3.1849999999999796       -32.177279613096140       0.95820022777958613     
   3.1859999999999795       -32.177948927451027       0.95804519973368540     
   3.1869999999999794       -32.178620718862099       0.95788961693773755     
   3.1879999999999793       -32.179294996136072       0.95773347754189986     
   3.1889999999999792       -32.179971768108452       0.95757677969097499     
   3.1899999999999791       -32.180651043643500       0.95741952152454779     
   3.1909999999999790       -32.181332831634336       0.95726170117695863     
   3.1919999999999789       -32.182017141003257       0.95710331677692084     
   3.1929999999999787       -32.182703980701412       0.95694436644809555     
   3.1939999999999786       -32.183393359709207       0.95678484830861932     
   3.1949999999999785       -32.184085287036226       0.95662476047131195     
   3.1959999999999784       -32.184779771721338       0.95646410104358848     
   3.1969999999999783       -32.185476822832776       0.95630286812750287     
   3.1979999999999782       -32.186176449468164       0.95614105981978115     
   3.1989999999999781       -32.186878660754758       0.95597867421156657     
   3.1999999999999780       -32.187583465849315       0.95581570938875338     
   3.2009999999999779       -32.188290873938215       0.95565216343181636     
   3.2019999999999778       -32.189000894237729       0.95548803441562591     
   3.2029999999999776       -32.189713535993889       0.95532332040971768     
   3.2039999999999775       -32.190428808482551       0.95515801947821888     
   3.2049999999999774       -32.191146721009659       0.95499212967967273     
   3.2059999999999773       -32.191867282911126       0.95482564906727430     
   3.2069999999999772       -32.192590503553049       0.95465857548128241     
   3.2079999999999771       -32.193316392331766       0.95449090737526310     
   3.2089999999999770       -32.194044958673786       0.95432264258181088     
   3.2099999999999769       -32.194776212036061       0.95415377913200283     
   3.2109999999999768       -32.195510161905958       0.95398431505149839     
   3.2119999999999767       -32.196246817801388       0.95381424836033846     
   3.2129999999999765       -32.196986189270866       0.95364357707302683     
   3.2139999999999764       -32.197728285893518       0.95347229919859300     
   3.2149999999999763       -32.198473117279228       0.95330041274051169     
   3.2159999999999762       -32.199220693068746       0.95312791569662181     
   3.2169999999999761       -32.199971022933774       0.95295480605910088     
   3.2179999999999760       -32.200724116576865       0.95278108181472054     
   3.2189999999999759       -32.201479983731723       0.95260674094455666     
   3.2199999999999758       -32.202238634163109       0.95243178142417551     
   3.2209999999999757       -32.203000077667156       0.95225620122327870     
   3.2219999999999756       -32.203764324071088       0.95207999830625900     
   3.2229999999999754       -32.204531383233650       0.95190317063162544     
   3.2239999999999753       -32.205301265044980       0.95172571615235457     
   3.2249999999999752       -32.206073979426748       0.95154763281574739     
   3.2259999999999751       -32.206849536332193       0.95136891856346983     
   3.2269999999999750       -32.207627945746289       0.95118957133148119     
   3.2279999999999749       -32.208409217685734       0.95100958905004707     
   3.2289999999999748       -32.209193362199038       0.95082896964383234     
   3.2299999999999747       -32.209980389366734       0.95064771103162304     
   3.2309999999999746       -32.210770309301211       0.95046581112671047     
   3.2319999999999744       -32.211563132147027       0.95028326783648931     
   3.2329999999999743       -32.212358868080841       0.95010007906272398     
   3.2339999999999742       -32.213157527311530       0.94991624270147401     
   3.2349999999999741       -32.213959120080325       0.94973175664291976     
   3.2359999999999740       -32.214763656660800       0.94954661877160584     
   3.2369999999999739       -32.215571147359015       0.94936082696625723     
   3.2379999999999738       -32.216381602513557       0.94917437909982560     
   3.2389999999999737       -32.217195032495567       0.94898727303961061     
   3.2399999999999736       -32.218011447709010       0.94879950664691093     
   3.2409999999999735       -32.218830858590458       0.94861107777745735     
   3.2419999999999733       -32.219653275609538       0.94842198428090507     
   3.2429999999999732       -32.220478709268640       0.94823222400132601     
   3.2439999999999731       -32.221307170103209       0.94804179477687700     
   3.2449999999999730       -32.222138668681815       0.94785069443987113     
   3.2459999999999729       -32.222973215606167       0.94765892081677172     
   3.2469999999999728       -32.223810821511137       0.94746647172832521     
   3.2479999999999727       -32.224651497065032       0.94727334498925320     
   3.2489999999999726       -32.225495252969523       0.94707953840845971     
   3.2499999999999725       -32.226342099959709       0.94688504978903998     
   3.2509999999999724       -32.227192048804334       0.94668987692808615     
   3.2519999999999722       -32.228045110305644       0.94649401761694707     
   3.2529999999999721       -32.228901295299721       0.94629746964093187     
   3.2539999999999720       -32.229760614656335       0.94610023077959171     
   3.2549999999999719       -32.230623079279177       0.94590229880645038     
   3.2559999999999718       -32.231488700105878       0.94570367148912216     
   3.2569999999999717       -32.232357488108093       0.94550434658930038     
   3.2579999999999716       -32.233229454291497       0.94530432186283075     
   3.2589999999999715       -32.234104609696111       0.94510359505938102     
