   4.1999998092651367       -39.142486834745029       0.17931773440650153     
   4.2009998092651371       -39.153044544180432       0.17822975495677618     
   4.2019998092651374       -39.163610890874644       0.17714010556932483     
   4.2029998092651377       -39.174185862221400       0.17604876425376101     
   4.2039998092651381       -39.184769445574013       0.17495569634071473     
   4.2049998092651384       -39.195361628246054       0.17386086542672519     
   4.2059998092651387       -39.205962397511946       0.17276424791589637     
   4.2069998092651391       -39.216571740607620       0.17166580098638021     
   4.2079998092651394       -39.227189644731197       0.17056549864612028     
   4.2089998092651397       -39.237816097043613       0.16946329588132200     
   4.2099998092651401       -39.248451084669270       0.16835916421132566     
   4.2109998092651404       -39.259094594696776       0.16725305618317546     
   4.2119998092651407       -39.269746614179546       0.16614494071075056     
   4.2129998092651411       -39.280407130136567       0.16503476763924319     
   4.2139998092651414       -39.291076129553048       0.16392250314901041     
   4.2149998092651417       -39.301753599381136       0.16280809410234973     
   4.2159998092651421       -39.312439526540622       0.16169150379382211     
   4.2169998092651424       -39.323133897919696       0.16057267579893189     
   4.2179998092651427       -39.333836700375635       0.15945156586487455     
   4.2189998092651431       -39.344547920735536       0.15832812743950547     
   4.2199998092651434       -39.355267545797084       0.15720229937173388     
   4.2209998092651437       -39.365995562329275       0.15607403612920429     
   4.2219998092651441       -39.376731957073169       0.15494327240050781     
   4.2229998092651444       -39.387476716742668       0.15380995449302412     
   4.2239998092651447       -39.398229828025258       0.15267402626669507     
   4.2249998092651451       -39.408991277582807       0.15153541618544011     
   4.2259998092651454       -39.419761052052309       0.15039406386906684     
   4.2269998092651457       -39.430539138046683       0.14924990635607902     
   4.2279998092651461       -39.441325522155573       0.14810286481648829     
   4.2289998092651464       -39.452120190946104       0.14695287138868460     
   4.2299998092651467       -39.462923130963716       0.14579985087417202     
   4.2309998092651471       -39.473734328732938       0.14464372963543118     
   4.2319998092651474       -39.484553770758247       0.14348441766558295     
   4.2329998092651477       -39.495381443524806       0.14232183536722562     
   4.2339998092651481       -39.506217333499301       0.14115589529670927     
   4.2349998092651484       -39.517061427130812       0.13998650658049933     
   4.2359998092651487       -39.527913710851578       0.13881357474579101     
   4.2369998092651491       -39.538774171077854       0.13763700154636366     
   4.2379998092651494       -39.549642794210712       0.13645668926289287     
   4.2389998092651497       -39.560519566636920       0.13527252252076441     
   4.2399998092651501       -39.571404474729697       0.13408439509874320     
   4.2409998092651504       -39.582297504849670       0.13289219164290406     
   4.2419998092651507       -39.593198643345616       0.13169579195449552     
   4.2429998092651511       -39.604107876555339       0.13049506615360351     
   4.2439998092651514       -39.615025190806527       0.12928989263184509     
   4.2449998092651517       -39.625950572417587       0.12808013050260400     
   4.2459998092651521       -39.636884007698484       0.12686563740420323     
   4.2469998092651524       -39.647825482951646       0.12564626463970174     
   4.2479998092651527       -39.658774984472714       0.12442185680960229     
   4.2489998092651531       -39.669732498551483       0.12319224669756555     
   4.2499998092651534       -39.680698011472749       0.12195727353792025     
   4.2509998092651538       -39.691671509517100       0.12071675479483819     
   4.2519998092651541       -39.702652978961815       0.11947049919425330     
   4.2529998092651544       -39.713642406081718       0.11821832065835264     
   4.2539998092651548       -39.724639777150031       0.11696000474652563     
   4.2549998092651551       -39.735645078439255       0.11569534096413009     
   4.2559998092651554       -39.746658296221902       0.11442410759074954     
   4.2569998092651558       -39.757679416771502       0.11314605777926710     
   4.2579998092651561       -39.768708426363368       0.11186094595600909     
   4.2589998092651564       -39.779745311275441       0.11056850863901783     
   4.2599998092651568       -39.790790057789195       0.10926847273787653     
   4.2609998092651571       -39.801842652190416       0.10796053602417073     
   4.2619998092651574       -39.812903080770070       0.10664439374533746     
   4.2629998092651578       -39.823971329825163       0.10531971406692610     
   4.2639998092651581       -39.835047385659529       0.10398616026957970     
   4.2649998092651584       -39.846131234584753       0.10264336098866035     
   4.2659998092651588       -39.857222862920921       0.10129092246534532     
   4.2669998092651591       -39.868322256997452        9.9928441072592314E-002
   4.2679998092651594       -39.879429403153978        9.8555468026544024E-002
   4.2689998092651598       -39.890544287741122        9.7171540347217963E-002
   4.2699998092651601       -39.901666897121352        9.5776159206369407E-002
   4.2709998092651604       -39.912797217669748        9.4368791891488044E-002
   4.2719998092651608       -39.923935235774842        9.2948868595392087E-002
   4.2729998092651611       -39.935080937839416        9.1515773892673943E-002
   4.2739998092651614       -39.946234310281298        9.0068857255926296E-002
   4.2749998092651618       -39.957395339534187        8.8607418586147235E-002
   4.2759998092651621       -39.968564012048354        8.7130683974324705E-002
   4.2769998092651624       -39.979740314291575        8.5637847648382767E-002
   4.2779998092651628       -39.990924232749769        8.4128012320998202E-002
   4.2789998092651631       -40.002115753927825        8.2600219640712555E-002
   4.2799998092651634       -40.013314864350377        8.1053421994809957E-002
   4.2809998092651638       -40.024521550562547        7.9486471905233433E-002
   4.2819998092651641       -40.035735799130755        7.7898124128704185E-002
   4.2829998092651644       -40.046957596643381        7.6287006878996380E-002
   4.2839998092651648       -40.058186929711553        7.4651604598951316E-002
   4.2849998092651651       -40.069423784969885        7.2990247571557601E-002
   4.2859998092651654       -40.080668149077155        7.1301087967051771E-002
   4.2869998092651658       -40.091920008717139        6.9582055839062018E-002
   4.2879998092651661       -40.103179350599191        6.7830838806626326E-002
   4.2889998092651664       -40.114446161458993        6.6044834036052033E-002
   4.2899998092651668       -40.125720428059346        6.4221095004225195E-002
   4.2909998092651671       -40.137002137190684        6.2356265108085639E-002
   4.2919998092651674       -40.148291275671909        6.0446488694644640E-002
   4.2929998092651678       -40.159587830351001        5.8487314078904451E-002
   4.2939998092651681       -40.170891788105664        5.6473549445551330E-002
   4.2949998092651684       -40.182203135844020        5.4399079703191765E-002
   4.2959998092651688       -40.193521860505257        5.2256610257042813E-002
   4.2969998092651691       -40.204847949060230        5.0037351015391217E-002
   4.2979998092651694       -40.216181388512155        4.7730523134314549E-002
   4.2989998092651698       -40.227522165897170        4.5322698458396350E-002
   4.2999998092651701       -40.238870268284956        4.2796757034254285E-002
   4.3009998092651704       -40.250225682779359        4.0130315599001487E-002
   4.3019998092651708       -40.261588396519045        3.7293176421033879E-002
   4.3029998092651711       -40.272958396677950        3.4242844315022301E-002
   4.3039998092651715       -40.284335670465957        3.0916180529220572E-002
   4.3049998092651718       -40.295720205129427        2.7211923058509131E-002
   4.3059998092651721       -40.307111987951792        2.2947831817043369E-002
   4.3069998092651725       -40.318511006253992        1.7724295256045536E-002
   4.3079998092651728       -40.329917247394953        1.0156499722194215E-002
   4.3089998092651731       -40.341330318925301        1.1721549116180027E-005
   4.3099998092651735       -40.352748016647460        3.9477477997521921E-006
   4.3109998092651738       -40.364169986464532        2.3599299989925568E-006
   4.3119998092651741       -40.375596227217621        1.3684667160192749E-006
   4.3129998092651745       -40.387026737745103        7.1789637016520891E-007
   4.3139998092651748       -40.398461516883245        3.3948655118557863E-007
   4.3149998092651751       -40.409900563466103        1.4390838848354903E-007
   4.3159998092651755       -40.421343876325579        5.4295596407794022E-008
   4.3169998092651758       -40.432791454291340        1.8307113565837103E-008
   4.3179998092651761       -40.444243296190891        5.4855417985777422E-009
   4.3189998092651765       -40.455699400849511        1.4792175262456908E-009
   4.3199998092651768       -40.467159767090280        3.5616787297243491E-010
   4.3209998092651771       -40.478624393734144        7.6752715294503560E-011
   4.3219998092651775       -40.490093279599783        1.4789762007675716E-011
   4.3229998092651778       -40.501566423503704        2.5149882176833671E-012
   4.3239998092651781       -40.513043824260173        2.2511622195982758E-013
   4.3249998092651785       -40.524525480681291        8.0102591226705044E-014
   4.3259998092651788       -40.536011391576942        1.5905795199463077E-013
   4.3269998092651791       -40.547501555754792        5.1773400381686465E-014
   4.3279998092651795       -40.558995972020313        8.4191912700741032E-015
   4.3289998092651798       -40.570494639176708        8.3655304905505545E-014
   4.3299998092651801       -40.581997556025001        6.2079970793623332E-014
   4.3309998092651805       -40.593504721363985        8.1693910895334440E-014
   4.3319998092651808       -40.605016133990262        6.3097675232863066E-015
   4.3329998092651811       -40.616531792698133        1.8041124150158794E-014
   4.3339998092651815       -40.628051696279755        4.3224683092072759E-014
   4.3349998092651818       -40.639575843525037        5.7916634451278995E-014
   4.3359998092651821       -40.651104233221588        1.1572224660009547E-013
   4.3369998092651825       -40.662636864154869        6.3948846218409017E-014
   4.3379998092651828       -40.674173735108113        9.1593399531575415E-015
   4.3389998092651831       -40.685714844862176        2.3832787595286693E-014
   4.3399998092651835       -40.697260192195834        4.4538447004545865E-014
   4.3409998092651838       -40.708809775885527        1.6486811915683575E-014
   4.3419998092651841       -40.720363594705496        1.2860083368574729E-014
   4.3429998092651845       -40.731921647427711        3.8043642310488700E-014
   4.3439998092651848       -40.743483932821903        5.9119376061289586E-014
   4.3449998092651851       -40.755050449655577        2.2278475360811474E-014
   4.3459998092651855       -40.766621196693883        6.5484654735807154E-014
   4.3469998092651858       -40.778196172699879        1.4839981095822925E-014
   4.3479998092651861       -40.789775376434221        3.4139358007223564E-014
   4.3489998092651865       -40.801358806655372        3.1974423109204508E-014
   4.3499998092651868       -40.812946462119505        2.5183558941913969E-014
   4.3509998092651871       -40.824538341580563        5.6195788763110009E-014
   4.3519998092651875       -40.836134443790222        4.0116058623122321E-014
   4.3529998092651878       -40.847734767497826        5.4456439357863928E-014
   4.3539998092651881       -40.859339311450540        3.8968828164342995E-014
   4.3549998092651885       -40.870948074393198        4.9293902293356950E-014
   4.3559998092651888       -40.882561055068365        8.6375351315837179E-014
   4.3569998092651891       -40.894178252216335        4.8109664400423453E-015
   4.3579998092651895       -40.905799664575120        2.3740269009901265E-014
   4.3589998092651898       -40.917425290880480        2.6904404630082961E-014
   4.3599998092651902       -40.929055129865866        1.6153745008296028E-014
   4.3609998092651905       -40.940689180262439        4.9034850254277749E-014
   4.3619998092651908       -40.952327440799088        4.4186876380081230E-014
   4.3629998092651912       -40.963969910202408        2.9716969625800026E-014
   4.3639998092651915       -40.975616587196704        5.3494246069855457E-014
   4.3649998092651918       -40.987267470503987        9.8069700508555501E-016
   4.3659998092651922       -40.998922558843958        4.1818400594214227E-015
   4.3669998092651925       -41.010581850934059        1.3100631690576847E-014
   4.3679998092651928       -41.022245345489416        1.6579330501069005E-014
   4.3689998092651932       -41.033913041222839        4.5334106838860561E-015
   4.3699998092651935       -41.045584936844861        1.4839981095822925E-014
   4.3709998092651938       -41.057261031063653        1.4506914188435378E-014
   4.3719998092651942       -41.068941322585161        6.1284310959308641E-014
   4.3729998092651945       -41.080625810112977        3.8524738954492932E-014
   4.3739998092651948       -41.092314492348372        3.4898010407384085E-014
   4.3749998092651952       -41.104007367990370        4.3742787170231168E-014
   4.3759998092651955       -41.115704435735601        2.8588242884097781E-014
   4.3769998092651958       -41.127405694278366        7.7160500211448380E-015
   4.3779998092651962       -41.139111142310789        5.0903725679063427E-014
   4.3789998092651965       -41.150820778522487        7.1313325615089226E-014
   4.3799998092651968       -41.162534601600925        5.1736392947532295E-014
   4.3809998092651972       -41.174252610231093        3.8228679481259555E-014
   4.3819998092651975       -41.185974803095796        1.6967908559687810E-014
   4.3829998092651978       -41.197701178875391        5.2180482157382357E-014
   4.3839998092651982       -41.209431736248014        6.2912638062092207E-016
   4.3849998092651985       -41.221166473889362        2.5664655585918201E-014
   4.3859998092651988       -41.232905390472865        3.3676765080296414E-015
   4.3869998092651992       -41.244648484669632        2.1168252336186317E-014
   4.3879998092651995       -41.256395755148375        4.7184478546569153E-015
   4.3889998092651998       -41.268147200575541        2.5942211342074490E-014
   4.3899998092652002       -41.279902819615174        3.4601950934150713E-015
   4.3909998092652005       -41.291662610928995        5.4585965377403527E-015
   4.3919998092652008       -41.303426573176388        1.4062824978585317E-014
   4.3929998092652012       -41.315194705014385        1.9891495857867387E-014
   4.3939998092652015       -41.326967005097700        1.2453001592878840E-014
   4.3949998092652018       -41.338743472078669        3.6433818924782223E-014
   4.3959998092652022       -41.350524104607274        2.7903605352245602E-014
   4.3969998092652025       -41.362308901331147        5.5511151231257827E-015
   4.3979998092652028       -41.374097860895588        2.9920510513647969E-014
   4.3989998092652032       -41.385890981943518        2.2778075721892794E-014
   4.3999998092652035       -41.397688263115498        1.4913995964131271E-014
   4.4009998092652038       -41.409489703049765        2.6238270815307867E-014
   4.4019998092652042       -41.421295300382170        3.1807889655510735E-014
   4.4029998092652045       -41.433105053746196        7.6050277186823223E-015
   4.4039998092652048       -41.444918961772899        1.5802174383831396E-014
   4.4049998092652052       -41.456737023091158        6.7538567331363692E-015
   4.4059998092652055       -41.468559236327287        1.8725761682010973E-014
   4.4069998092652058       -41.480385600105329        2.5516625849301516E-014
   4.4079998092652062       -41.492216113046908        7.7715611723760958E-016
   4.4089998092652065       -41.504050773771382        1.1065222812097394E-014
   4.4099998092652068       -41.515889580895561        3.8117657178797044E-015
   4.4109998092652072       -41.527732533034033        2.7385501274087196E-015
   4.4119998092652075       -41.539579628798926        2.5683159302995289E-014
   4.4129998092652079       -41.551430866800025        4.5889218351173140E-015
   4.4139998092652082       -41.563286245644740        9.0853250848491972E-015
   4.4149998092652085       -41.575145763938032        9.6219328800846905E-015
   4.4159998092652089       -41.587009420282591        1.2656542480726785E-014
   4.4169998092652092       -41.598877213278627        7.0869236405239162E-015
   4.4179998092652095       -41.610749141524010        1.4451403037204120E-014
   4.4189998092652099       -41.622625203614191        8.5487172896137054E-015
   4.4199998092652102       -41.634505398142274        7.5310128503739780E-015
   4.4209998092652105       -41.646389723698903        5.3290705182007514E-015
   4.4219998092652109       -41.658278178872443        2.4906003185757679E-014
   4.4229998092652112       -41.670170762248759        1.9798977272481957E-015
   4.4239998092652115       -41.682067472411326        3.3306690738754696E-015
   4.4249998092652119       -41.693968307941340        4.0708177569589072E-016
   4.4259998092652122       -41.705873267417438        2.2185956775426046E-014
   4.4269998092652125       -41.717782349415948        2.8162657391324803E-014
   4.4279998092652129       -41.729695552510805        4.0023540037736893E-014
   4.4289998092652132       -41.741612875273489        2.1260770921571748E-014
   4.4299998092652135       -41.753534316273125        2.4535928844215960E-014
   4.4309998092652139       -41.765459874076420        9.0668213677721111E-016
   4.4319998092652142       -41.777389547247658        1.1435297153639112E-014
   4.4329998092652145       -41.789323334348701        1.1768364061026659E-014
   4.4339998092652149       -41.801261233939037        7.4014868308343775E-015
   4.4349998092652152       -41.813203244575753        3.7747582837255322E-015
   4.4359998092652155       -41.825149364813477        1.0491607582707729E-014
   4.4369998092652159       -41.837099593204442        9.4368957093138306E-016
   4.4379998092652162       -41.849053928298510        1.2082927251337120E-014
   4.4389998092652165       -41.861012368643074        4.6999441375798296E-015
   4.4399998092652169       -41.872974912783086        9.6589403142388619E-015
   4.4409998092652172       -41.884941559261172        9.3998882751596592E-015
   4.4419998092652175       -41.896912306617430        9.2518585385429718E-016
   4.4429998092652179       -41.908887153389635        4.4408920985006262E-016
   4.4439998092652182       -41.920866098113081        4.3668772301922827E-015
   4.4449998092652185       -41.932849139320666        4.0523140398818214E-015
   4.4459998092652189       -41.944836275542812        3.0531133177191805E-015
   4.4469998092652192       -41.956827505307572        2.4424906541753444E-015
   4.4479998092652195       -41.968822827140563        1.0380585280245214E-014
   4.4489998092652199       -41.980822239564944        3.6637359812630166E-015
   4.4499998092652202       -41.992825741101491        1.6616337935223175E-014
   4.4509998092652205       -42.004833330268511        1.1453800870716199E-014
   4.4519998092652209       -42.016845005581850        9.2518585385429706E-015
   4.4529998092652212       -42.028860765555002        4.3853809472693683E-015
   4.4539998092652215       -42.040880608698956        2.5905203907920321E-016
   4.4549998092652219       -42.052904533522344        1.1102230246251565E-015
   4.4559998092652222       -42.064932538531238        6.8648790355988849E-015
   4.4569998092652225       -42.076964622229390        1.5728159515523050E-015
   4.4579998092652229       -42.089000783118053        3.3306690738754696E-016
   4.4589998092652232       -42.101041019696055        1.3267165144270621E-014
   4.4599998092652235       -42.113085330459818        1.6653345369377348E-016
   4.4609998092652239       -42.125133713903232        1.5598633495983449E-014
   4.4619998092652242       -42.137186168517800        5.0330110449673766E-015
   4.4629998092652245       -42.149242692792662        3.0161058835650087E-015
   4.4639998092652249       -42.161303285214323        1.9984014443252818E-015
   4.4649998092652252       -42.173367944267007        1.0898689358403621E-014
   4.4659998092652256       -42.185436668432423        8.0121094943782136E-015
   4.4669998092652259       -42.197509456189849        4.9960036108132044E-015
   4.4679998092652262       -42.209586306016071        1.3359683729656050E-014
   4.4689998092652266       -42.221667216385512        1.3877787807814457E-015
   4.4699998092652269       -42.233752185770072        1.3378187446733136E-014
   4.4709998092652272       -42.245841212639192        5.5141076889716106E-015
   4.4719998092652276       -42.257934295459897        7.6050277186823223E-015
   4.4729998092652279       -42.270031432696797        1.2823075934420558E-014
   4.4739998092652282       -42.282132622811936        1.9817480989559044E-014
   4.4749998092652286       -42.294237864265000        5.3105668011236657E-015
   4.4759998092652289       -42.306347155513151        3.9412917374193057E-015
   4.4769998092652292       -42.318460495011145        2.9605947323337509E-015
   4.4779998092652296       -42.330577881211283        3.7007434154171887E-015
   4.4789998092652299       -42.342699312563333        1.3711254354120683E-014
   4.4799998092652302       -42.354824787514694        5.5511151231257827E-016
   4.4809998092652306       -42.366954304510251        2.4054832200211726E-015
   4.4819998092652309       -42.379087861992446        1.4636440207974981E-014
   4.4829998092652312       -42.391225458401237        9.4368957093138306E-015
   4.4839998092652316       -42.403367092174136        9.4183919922367441E-015
   4.4849998092652319       -42.415512761746221        4.2373512106526805E-015
   4.4859998092652322       -42.427662465550021        4.6814404205027431E-015
   4.4869998092652326       -42.439816202015685        9.0113102165408544E-015
   4.4879998092652329       -42.451973969570872        8.3081689676115876E-015
   4.4889998092652332       -42.464135766640737        9.8809849191638932E-015
   4.4899998092652336       -42.476301591648017        5.2735593669694936E-015
   4.4909998092652339       -42.488471443012955        6.7168492989821971E-015
   4.4919998092652342       -42.500645319153307        3.7192471324942744E-015
   4.4929998092652346       -42.512823218484414        1.2212453270876722E-015
   4.4939998092652349       -42.525005139419079        2.3684757858670005E-015
   4.4949998092652352       -42.537191080367691        1.4988010832439613E-015
   4.4959998092652356       -42.549381039738151        9.0668213677721111E-016
   4.4969998092652359       -42.561575015935844        2.9235872981795788E-015
   4.4979998092652362       -42.573773007363762        1.7393494052460785E-015
   4.4989998092652366       -42.585975012422359        8.9928064994637680E-015
