  0.40000000000000002       -3.5670134799845967        8.3266726846886741E-016
  0.40100000000000002       -3.5653639177951630        2.7755575615628914E-015
  0.40200000000000002       -3.5637152180157097       -1.9984014443252818E-015
  0.40300000000000002       -3.5620673841789938       -6.1617377866696188E-015
  0.40400000000000003       -3.5604204198366842        1.3322676295501878E-015
  0.40500000000000003       -3.5587743285594948        4.0523140398818214E-015
  0.40600000000000003       -3.5571291139372869       -1.2212453270876722E-015
  0.40700000000000003       -3.5554847795791815        1.6653345369377348E-015
  0.40800000000000003       -3.5538413291136965        1.7763568394002505E-015
  0.40900000000000003       -3.5521987661888428       -1.9984014443252818E-015
  0.41000000000000003       -3.5505570944722509        2.6090241078691179E-015
  0.41100000000000003       -3.5489163176512979        4.9404924595819466E-015
  0.41200000000000003       -3.5472764394332197       -5.5511151231257827E-016
  0.41300000000000003       -3.5456374635452330       -3.2196467714129540E-015
  0.41400000000000003       -3.5439993937346550        3.2196467714129540E-015
  0.41500000000000004       -3.5423622337690333        5.2180482157382357E-015
  0.41600000000000004       -3.5407259874362600       -5.1070259132757201E-015
  0.41700000000000004       -3.5390906585447022        9.9920072216264089E-016
  0.41800000000000004       -3.5374562509233214        9.0483176506950258E-015
  0.41900000000000004       -3.5358227684218022       -4.5519144009631418E-015
  0.42000000000000004       -3.5341902149106792       -2.3314683517128287E-015
  0.42100000000000004       -3.5325585942814652        1.7208456881689926E-015
  0.42200000000000004       -3.5309279104467657       -3.8857805861880479E-016
  0.42300000000000004       -3.5292981673404209       -4.7739590058881731E-015
  0.42400000000000004       -3.5276693689176404       -1.1102230246251565E-016
  0.42500000000000004       -3.5260415191551098        1.4432899320127035E-015
  0.42600000000000005       -3.5244146220511428       -6.6613381477509392E-016
  0.42700000000000005       -3.5227886816258076        2.3869795029440866E-015
  0.42800000000000005       -3.5211637019210467        3.3306690738754696E-016
  0.42900000000000005       -3.5195396870008300       -1.7763568394002505E-015
  0.43000000000000005       -3.5179166409512663        6.1062266354383610E-016
  0.43100000000000005       -3.5162945678807676       -5.3290705182007514E-015
  0.43200000000000005       -3.5146734719201431       -9.0483176506950258E-015
  0.43300000000000005       -3.5130533572227702        3.3306690738754696E-016
  0.43400000000000005       -3.5114342279647222        2.8865798640254070E-015
  0.43500000000000005       -3.5098160883449006       -3.1641356201816961E-015
  0.43600000000000005       -3.5081989425851710        2.4980018054066022E-015
  0.43700000000000006       -3.5065827949305124        3.8857805861880479E-016
  0.43800000000000006       -3.5049676496491462       -7.7715611723760958E-016
  0.43900000000000006       -3.5033535110326919       -7.0499162063697440E-015
  0.44000000000000006       -3.5017403833962879       -1.5543122344752192E-015
  0.44100000000000006       -3.5001282710787538        2.3869795029440866E-015
  0.44200000000000006       -3.4985171784427207       -8.3266726846886741E-016
  0.44300000000000006       -3.4969071098747819       -8.1046280797636427E-015
  0.44400000000000006       -3.4952980697856320        2.7755575615628914E-015
  0.44500000000000006       -3.4936900626102179        0.0000000000000000     
  0.44600000000000006       -3.4920830928078836       -3.4416913763379853E-015
  0.44700000000000006       -3.4904771648625124       -4.1633363423443370E-015
  0.44800000000000006       -3.4888722832826868       -4.2188474935755949E-015
  0.44900000000000007       -3.4872684526018221        1.4432899320127035E-015
  0.45000000000000007       -3.4856656773783303       -3.3306690738754696E-015
  0.45100000000000007       -3.4840639621957563        1.7763568394002505E-015
  0.45200000000000007       -3.4824633116629422       -5.5511151231257827E-017
  0.45300000000000007       -3.4808637304141761       -1.8873791418627661E-015
  0.45400000000000007       -3.4792652231093371       -3.5527136788005009E-015
  0.45500000000000007       -3.4776677944340548       -6.1062266354383610E-016
  0.45600000000000007       -3.4760714490998712       -1.6098233857064770E-015
  0.45700000000000007       -3.4744761918443756        3.3306690738754696E-015
  0.45800000000000007       -3.4728820274313943        6.6613381477509392E-016
  0.45900000000000007       -3.4712889606511119       -8.7707618945387367E-015
  0.46000000000000008       -3.4696969963202404        1.9428902930940239E-015
  0.46100000000000008       -3.4681061392822010        1.1102230246251565E-016
  0.46200000000000008       -3.4665163944072490        1.6653345369377348E-015
  0.46300000000000008       -3.4649277665926586        7.7715611723760958E-016
  0.46400000000000008       -3.4633402607628687        5.5511151231257827E-015
  0.46500000000000008       -3.4617538818696576       -3.2751579226442118E-015
  0.46600000000000008       -3.4601686348922982       -7.7160500211448380E-015
  0.46700000000000008       -3.4585845248377232        1.9428902930940239E-015
  0.46800000000000008       -3.4570015567406873        1.9984014443252818E-015
  0.46900000000000008       -3.4554197356639427        2.2204460492503131E-016
  0.47000000000000008       -3.4538390666983951       -1.8873791418627661E-015
  0.47100000000000009       -3.4522595549632689        1.6098233857064770E-015
  0.47200000000000009       -3.4506812056062870       -1.4432899320127035E-015
  0.47300000000000009       -3.4491040238038244       -1.6653345369377348E-016
  0.47400000000000009       -3.4475280147610947        2.1094237467877974E-015
  0.47500000000000009       -3.4459531837123074        1.6098233857064770E-015
  0.47600000000000009       -3.4443795359208407        6.1062266354383610E-015
  0.47700000000000009       -3.4428070766794203        5.5511151231257827E-017
  0.47800000000000009       -3.4412358113102881        4.1078251911130792E-015
  0.47900000000000009       -3.4396657451653692       -5.2735593669694936E-015
  0.48000000000000009       -3.4380968836264625        4.9960036108132044E-015
  0.48100000000000009       -3.4365292321054062        6.6613381477509392E-016
  0.48200000000000010       -3.4349627960442457        1.1102230246251565E-015
  0.48300000000000010       -3.4333975809154271        2.0539125955565396E-015
  0.48400000000000010       -3.4318335922219689       -3.2751579226442118E-015
  0.48500000000000010       -3.4302708354976259       -1.6653345369377348E-016
  0.48600000000000010       -3.4287093163071014       -4.4408920985006262E-016
  0.48700000000000010       -3.4271490402461948       -6.6613381477509392E-016
  0.48800000000000010       -3.4255900129420049       -1.1102230246251565E-016
  0.48900000000000010       -3.4240322400530898       -1.3322676295501878E-015
  0.49000000000000010       -3.4224757272696729        1.7763568394002505E-015
  0.49100000000000010       -3.4209204803138182       -4.9960036108132044E-015
  0.49200000000000010       -3.4193665049396031       -8.6042284408449632E-015
  0.49300000000000010       -3.4178138069333217        2.4424906541753444E-015
  0.49400000000000011       -3.4162623921136617        5.2735593669694936E-015
  0.49500000000000011       -3.4147122663318852        1.3322676295501878E-015
  0.49600000000000011       -3.4131634354720219       -2.6645352591003757E-015
  0.49700000000000011       -3.4116159054510682       -4.5519144009631418E-015
  0.49800000000000011       -3.4100696822191576        2.5535129566378600E-015
  0.49900000000000011       -3.4085247717597627       -2.6090241078691179E-015
  0.50000000000000011       -3.4069811800898786       -4.2743586448068527E-015
  0.50100000000000011       -3.4054389132602196        4.9404924595819466E-015
  0.50200000000000011       -3.4038979773554097       -2.5535129566378600E-015
  0.50300000000000011       -3.4023583784941751       -7.7715611723760958E-016
  0.50400000000000011       -3.4008201228295394       -5.4400928206632670E-015
  0.50500000000000012       -3.3992832165490112       -1.0547118733938987E-015
  0.50600000000000012       -3.3977476658747858        5.5511151231257827E-016
  0.50700000000000012       -3.3962134770639478       -1.6653345369377348E-015
  0.50800000000000012       -3.3946806564086511       -4.4964032497318840E-015
  0.50900000000000012       -3.3931492102363219        2.3869795029440866E-015
  0.51000000000000012       -3.3916191449098685       -5.6066262743570405E-015
  0.51100000000000012       -3.3900904668278673        2.7755575615628914E-016
  0.51200000000000012       -3.3885631824247575        1.1102230246251565E-015
  0.51300000000000012       -3.3870372981710641        2.7200464103316335E-015
  0.51400000000000012       -3.3855128205735672        1.1657341758564144E-015
  0.51500000000000012       -3.3839897561755352       -5.0515147620444623E-015
  0.51600000000000013       -3.3824681115569053       -2.8865798640254070E-015
  0.51700000000000013       -3.3809478933344850        2.7755575615628914E-015
  0.51800000000000013       -3.3794291081621757        1.6653345369377348E-016
  0.51900000000000013       -3.3779117627311543       -6.1617377866696188E-015
  0.52000000000000013       -3.3763958637700910        3.7192471324942744E-015
  0.52100000000000013       -3.3748814180453541       -2.7200464103316335E-015
  0.52200000000000013       -3.3733684323612043       -5.6621374255882984E-015
  0.52300000000000013       -3.3718569135600154       -1.1657341758564144E-015
  0.52400000000000013       -3.3703468685224793       -1.6653345369377348E-015
  0.52500000000000013       -3.3688383041677930       -2.6645352591003757E-015
  0.52600000000000013       -3.3673312274539082       -1.7763568394002505E-015
  0.52700000000000014       -3.3658256453776887        5.5511151231257827E-016
  0.52800000000000014       -3.3643215649751643        0.0000000000000000     
  0.52900000000000014       -3.3628189933217141       -1.5543122344752192E-015
  0.53000000000000014       -3.3613179375322884       -3.5527136788005009E-015
  0.53100000000000014       -3.3598184047616120       -5.5511151231257827E-015
  0.53200000000000014       -3.3583204022043938        5.5511151231257827E-016
  0.53300000000000014       -3.3568239370955584        3.8857805861880479E-016
  0.53400000000000014       -3.3553290167104315       -2.4424906541753444E-015
  0.53500000000000014       -3.3538356483649672        2.2759572004815709E-015
  0.53600000000000014       -3.3523438394159597        3.0531133177191805E-015
  0.53700000000000014       -3.3508535972612501       -3.3306690738754696E-016
  0.53800000000000014       -3.3493649293399503       -2.8865798640254070E-015
  0.53900000000000015       -3.3478778431326517        6.1062266354383610E-016
  0.54000000000000015       -3.3463923461616325        7.7715611723760958E-016
  0.54100000000000015       -3.3449084459910856       -3.3861802251067274E-015
  0.54200000000000015       -3.3434261502273319        1.7208456881689926E-015
  0.54300000000000015       -3.3419454665190171        1.5543122344752192E-015
  0.54400000000000015       -3.3404664025573534       -3.3306690738754696E-016
  0.54500000000000015       -3.3389889660763248        2.2204460492503131E-016
  0.54600000000000015       -3.3375131648528904       -4.4408920985006262E-015
  0.54700000000000015       -3.3360390067072219        1.4432899320127035E-015
  0.54800000000000015       -3.3345664995029103       -9.4368957093138306E-016
  0.54900000000000015       -3.3330956511471785       -2.8865798640254070E-015
  0.55000000000000016       -3.3316264695911078        2.4424906541753444E-015
  0.55100000000000016       -3.3301589628298425        2.0539125955565396E-015
  0.55200000000000016       -3.3286931389028198        2.6645352591003757E-015
  0.55300000000000016       -3.3272290058939822       -1.3877787807814457E-015
  0.55400000000000016       -3.3257665719319878        1.7763568394002505E-015
  0.55500000000000016       -3.3243058451904410       -2.5535129566378600E-015
  0.55600000000000016       -3.3228468338880988        2.3314683517128287E-015
  0.55700000000000016       -3.3213895462890854       -2.1649348980190553E-015
  0.55800000000000016       -3.3199339907031282        1.6098233857064770E-015
  0.55900000000000016       -3.3184801754857522        2.6645352591003757E-015
  0.56000000000000016       -3.3170281090385112       -3.3306690738754696E-016
  0.56100000000000017       -3.3155777998092026       -2.1649348980190553E-015
  0.56200000000000017       -3.3141292562920799        1.0547118733938987E-015
  0.56300000000000017       -3.3126824870280722       -1.1657341758564144E-015
  0.56400000000000017       -3.3112375006049963       -7.2164496600635175E-016
  0.56500000000000017       -3.3097943056577828       -3.6637359812630166E-015
  0.56600000000000017       -3.3083529108686789       -2.7200464103316335E-015
  0.56700000000000017       -3.3069133249674763        4.9960036108132044E-016
  0.56800000000000017       -3.3054755567317193       -4.3853809472693683E-015
  0.56900000000000017       -3.3040396149869142       -1.3877787807814457E-015
  0.57000000000000017       -3.3026055086067614        3.1086244689504383E-015
  0.57100000000000017       -3.3011732465133514       -1.6653345369377348E-016
  0.57200000000000017       -3.2997428376773850       -1.3877787807814457E-015
  0.57300000000000018       -3.2983142911183858        3.3306690738754696E-015
  0.57400000000000018       -3.2968876159049136        1.7763568394002505E-015
  0.57500000000000018       -3.2954628211547843       -4.9960036108132044E-016
  0.57600000000000018       -3.2940399160352523       -7.7715611723760958E-016
  0.57700000000000018       -3.2926189097632630       -1.5543122344752192E-015
  0.57800000000000018       -3.2911998116056225       -1.7763568394002505E-015
  0.57900000000000018       -3.2897826308792375       -1.6653345369377348E-016
  0.58000000000000018       -3.2883673769513035       -2.2759572004815709E-015
  0.58100000000000018       -3.2869540592395174       -1.7763568394002505E-015
  0.58200000000000018       -3.2855426872122915       -2.1649348980190553E-015
  0.58300000000000018       -3.2841332703889488       -1.3322676295501878E-015
  0.58400000000000019       -3.2827258183399359       -3.0531133177191805E-015
  0.58500000000000019       -3.2813203406870195       -3.3306690738754696E-015
  0.58600000000000019       -3.2799168471034927       -2.6090241078691179E-015
  0.58700000000000019       -3.2785153473143782       -5.5511151231257827E-016
  0.58800000000000019       -3.2771158510966201       -1.9984014443252818E-015
  0.58900000000000019       -3.2757183682792945        2.3869795029440866E-015
  0.59000000000000019       -3.2743229087438004       -2.7200464103316335E-015
  0.59100000000000019       -3.2729294824240562       -3.1641356201816961E-015
  0.59200000000000019       -3.2715380993066985       -2.7755575615628914E-016
  0.59300000000000019       -3.2701487694312674        1.4432899320127035E-015
  0.59400000000000019       -3.2687615028904138        5.5511151231257827E-016
  0.59500000000000020       -3.2673763098300737       -2.9420910152566648E-015
  0.59600000000000020       -3.2659932004496701        2.1094237467877974E-015
  0.59700000000000020       -3.2646121850022869       -2.8865798640254070E-015
  0.59800000000000020       -3.2632332737948775       -3.2751579226442118E-015
  0.59900000000000020       -3.2618564771884140       -1.4988010832439613E-015
  0.60000000000000020       -3.2604818055981113       -1.2767564783189300E-015
  0.60100000000000020       -3.2591092694935679       -1.6653345369377348E-016
  0.60200000000000020       -3.2577388793989774       -4.0523140398818214E-015
  0.60300000000000020       -3.2563706458932802        4.3853809472693683E-015
  0.60400000000000020       -3.2550045796103491       -6.6613381477509392E-016
  0.60500000000000020       -3.2536406912391689        3.3306690738754696E-016
  0.60600000000000021       -3.2522789915239878       -1.8318679906315083E-015
  0.60700000000000021       -3.2509194912645012       -1.3877787807814457E-015
  0.60800000000000021       -3.2495622013160146        1.1657341758564144E-015
  0.60900000000000021       -3.2482071325895987       -1.2767564783189300E-015
  0.61000000000000021       -3.2468542960522506       -1.7208456881689926E-015
  0.61100000000000021       -3.2455037027270710        1.2767564783189300E-015
  0.61200000000000021       -3.2441553636934053        1.9428902930940239E-015
  0.61300000000000021       -3.2428092900869783        7.7715611723760958E-016
  0.61400000000000021       -3.2414654931000872       -2.7755575615628914E-016
  0.61500000000000021       -3.2401239839817086        4.4408920985006262E-016
  0.61600000000000021       -3.2387847740376716        1.1657341758564144E-015
  0.61700000000000021       -3.2374478746307833       -3.6082248300317588E-015
  0.61800000000000022       -3.2361132971809639       -9.9920072216264089E-016
  0.61900000000000022       -3.2347810531654058        9.9920072216264089E-016
  0.62000000000000022       -3.2334511541186775       -2.8865798640254070E-015
  0.62100000000000022       -3.2321236116328724       -3.3861802251067274E-015
  0.62200000000000022       -3.2307984373577256       -1.4432899320127035E-015
  0.62300000000000022       -3.2294756430007405        5.5511151231257827E-017
  0.62400000000000022       -3.2281552403272986       -1.3322676295501878E-015
  0.62500000000000022       -3.2268372411607862       -1.4432899320127035E-015
  0.62600000000000022       -3.2255216573827004        1.6098233857064770E-015
  0.62700000000000022       -3.2242085009327539        5.5511151231257827E-016
  0.62800000000000022       -3.2228977838089783        5.5511151231257827E-016
  0.62900000000000023       -3.2215895180678431       -1.1657341758564144E-015
  0.63000000000000023       -3.2202837158243161        9.4368957093138306E-016
  0.63100000000000023       -3.2189803892519833       -1.3877787807814457E-015
  0.63200000000000023       -3.2176795505831262       -3.8857805861880479E-016
  0.63300000000000023       -3.2163812121088089        2.5535129566378600E-015
  0.63400000000000023       -3.2150853861789455       -1.6653345369377348E-016
  0.63500000000000023       -3.2137920852023867        1.3877787807814457E-015
  0.63600000000000023       -3.2125013216469851       -2.7755575615628914E-016
  0.63700000000000023       -3.2112131080396575       -2.3869795029440866E-015
  0.63800000000000023       -3.2099274569664411       -1.4432899320127035E-015
  0.63900000000000023       -3.2086443810725638       -8.3266726846886741E-016
  0.64000000000000024       -3.2073638930624768       -8.8817841970012523E-016
  0.64100000000000024       -3.2060860056998970        7.2164496600635175E-016
  0.64200000000000024       -3.2048107318078753       -2.2204460492503131E-015
  0.64300000000000024       -3.2035380842687982        1.9984014443252818E-015
  0.64400000000000024       -3.2022680760244322       -3.4972025275692431E-015
  0.64500000000000024       -3.2010007200759341        3.3306690738754696E-016
  0.64600000000000024       -3.1997360294838950       -1.3877787807814457E-015
  0.64700000000000024       -3.1984740173683202       -1.7763568394002505E-015
  0.64800000000000024       -3.1972146969086559        3.8857805861880479E-016
  0.64900000000000024       -3.1959580813437802        3.5527136788005009E-015
  0.65000000000000024       -3.1947041839719970       -1.3322676295501878E-015
  0.65100000000000025       -3.1934530181510294       -1.9984014443252818E-015
  0.65200000000000025       -3.1922045972979900        1.6653345369377348E-016
  0.65300000000000025       -3.1909589348893674        1.6653345369377348E-016
  0.65400000000000025       -3.1897160444609853       -1.1102230246251565E-015
  0.65500000000000025       -3.1884759396079660        9.9920072216264089E-016
  0.65600000000000025       -3.1872386339846837       -2.1094237467877974E-015
  0.65700000000000025       -3.1860041413047155       -1.6653345369377348E-016
  0.65800000000000025       -3.1847724753407793       -1.9428902930940239E-015
  0.65900000000000025       -3.1835436499246672        3.8857805861880479E-016
  0.66000000000000025       -3.1823176789471699       -1.3322676295501878E-015
  0.66100000000000025       -3.1810945763579936        4.9960036108132044E-016
  0.66200000000000025       -3.1798743561656799       -8.3266726846886741E-016
  0.66300000000000026       -3.1786570324374996        4.9960036108132044E-016
  0.66400000000000026       -3.1774426192993475       -3.8857805861880479E-016
  0.66500000000000026       -3.1762311309356352        1.3877787807814457E-015
  0.66600000000000026       -3.1750225815891659       -6.6613381477509392E-016
  0.66700000000000026       -3.1738169855610088       -3.6637359812630166E-015
  0.66800000000000026       -3.1726143572103576        9.4368957093138306E-016
  0.66900000000000026       -3.1714147109543935        2.7755575615628914E-016
  0.67000000000000026       -3.1702180612681135       -1.7208456881689926E-015
  0.67100000000000026       -3.1690244226841866       -9.9920072216264089E-016
  0.67200000000000026       -3.1678338097927767        6.6613381477509392E-016
  0.67300000000000026       -3.1666462372413404        0.0000000000000000     
  0.67400000000000027       -3.1654617197344730       -2.0539125955565396E-015
  0.67500000000000027       -3.1642802720336749        1.6098233857064770E-015
  0.67600000000000027       -3.1631019089571666        6.1062266354383610E-016
  0.67700000000000027       -3.1619266453796602       -9.4368957093138306E-016
  0.67800000000000027       -3.1607544962321299       -1.3322676295501878E-015
  0.67900000000000027       -3.1595854765015772        1.8873791418627661E-015
  0.68000000000000027       -3.1584196012307819       -9.4368957093138306E-016
  0.68100000000000027       -3.1572568855180401       -1.2767564783189300E-015
  0.68200000000000027       -3.1560973445169020       -6.6613381477509392E-016
  0.68300000000000027       -3.1549409934358947       -5.5511151231257827E-016
  0.68400000000000027       -3.1537878475382235        1.6653345369377348E-016
  0.68500000000000028       -3.1526379221414742       -1.1102230246251565E-016
  0.68600000000000028       -3.1514912326173143       -9.4368957093138306E-016
  0.68700000000000028       -3.1503477943911538       -6.1062266354383610E-016
  0.68800000000000028       -3.1492076229418240        6.1062266354383610E-016
  0.68900000000000028       -3.1480707338012315       -8.8817841970012523E-016
  0.69000000000000028       -3.1469371425539969        1.3322676295501878E-015
  0.69100000000000028       -3.1458068648370969        1.4432899320127035E-015
  0.69200000000000028       -3.1446799163394799        1.6653345369377348E-016
  0.69300000000000028       -3.1435563128016737        1.6653345369377348E-016
  0.69400000000000028       -3.1424360700153930       -8.8817841970012523E-016
  0.69500000000000028       -3.1413192038231084       -1.1102230246251565E-016
  0.69600000000000029       -3.1402057301176387       -1.3322676295501878E-015
  0.69700000000000029       -3.1390956648417045       -2.4424906541753444E-015
  0.69800000000000029       -3.1379890239874664       -6.1062266354383610E-016
  0.69900000000000029       -3.1368858235960824        7.7715611723760958E-016
  0.70000000000000029       -3.1357860797572075       -1.4432899320127035E-015
  0.70100000000000029       -3.1346898086085240       -3.3306690738754696E-016
  0.70200000000000029       -3.1335970263352211        2.7755575615628914E-016
  0.70300000000000029       -3.1325077491695090       -1.6653345369377348E-016
  0.70400000000000029       -3.1314219933900480       -1.3322676295501878E-015
  0.70500000000000029       -3.1303397753214384       -1.6653345369377348E-016
  0.70600000000000029       -3.1292611113336557        5.5511151231257827E-017
  0.70700000000000029       -3.1281860178414727       -1.2767564783189300E-015
  0.70800000000000030       -3.1271145113038923       -9.9920072216264089E-016
  0.70900000000000030       -3.1260466082235339       -6.1062266354383610E-016
  0.71000000000000030       -3.1249823251460320       -1.2212453270876722E-015
  0.71100000000000030       -3.1239216786594071        4.9960036108132044E-016
  0.71200000000000030       -3.1228646853934285       -1.0547118733938987E-015
  0.71300000000000030       -3.1218113620189589       -4.4408920985006262E-016
  0.71400000000000030       -3.1207617252472835       -8.8817841970012523E-016
  0.71500000000000030       -3.1197157918294316        3.8857805861880479E-016
  0.71600000000000030       -3.1186735785554687       -1.5543122344752192E-015
  0.71700000000000030       -3.1176351022538018       -7.2164496600635175E-016
  0.71800000000000030       -3.1166003797904325       -1.7763568394002505E-015
  0.71900000000000031       -3.1155694280682287       -6.1062266354383610E-016
  0.72000000000000031       -3.1145422640261460       -2.0539125955565396E-015
  0.72100000000000031       -3.1135189046384837        1.5543122344752192E-015
  0.72200000000000031       -3.1124993669140788        3.3306690738754696E-016
  0.72300000000000031       -3.1114836678954920       -2.2204460492503131E-016
  0.72400000000000031       -3.1104718246582101       -2.7755575615628914E-016
  0.72500000000000031       -3.1094638543097983       -2.2204460492503131E-016
  0.72600000000000031       -3.1084597739890469       -8.3266726846886741E-016
  0.72700000000000031       -3.1074596008651154       -5.5511151231257827E-016
  0.72800000000000031       -3.1064633521366352        4.9960036108132044E-016
  0.72900000000000031       -3.1054710450308183        7.4940054162198066E-016
  0.73000000000000032       -3.1044826968025490       -1.3877787807814457E-015
  0.73100000000000032       -3.1034983247334420        4.7184478546569153E-016
  0.73200000000000032       -3.1025179461308925       -1.5820678100908481E-015
  0.73300000000000032       -3.1015415783271254        4.4408920985006262E-016
  0.73400000000000032       -3.1005692386782111       -8.3266726846886741E-017
  0.73500000000000032       -3.0996009445630599       -3.0531133177191805E-016
  0.73600000000000032       -3.0986367133824246       -3.3306690738754696E-016
  0.73700000000000032       -3.0976765625578562       -6.1062266354383610E-016
  0.73800000000000032       -3.0967205095306727       -4.4408920985006262E-016
  0.73900000000000032       -3.0957685717608783        1.5265566588595902E-015
  0.74000000000000032       -3.0948207667261074       -3.3306690738754696E-016
  0.74100000000000033       -3.0938771119205120        8.6042284408449632E-016
  0.74200000000000033       -3.0929376248536529       -7.7715611723760958E-016
  0.74300000000000033       -3.0920023230493769       -1.6930901125533637E-015
  0.74400000000000033       -3.0910712240446649        8.8817841970012523E-016
  0.74500000000000033       -3.0901443453884738        2.7755575615628914E-017
  0.74600000000000033       -3.0892217046405537       -8.8817841970012523E-016
  0.74700000000000033       -3.0883033193702594       -6.1062266354383610E-016
  0.74800000000000033       -3.0873892071553297        0.0000000000000000     
  0.74900000000000033       -3.0864793855806578       -4.9960036108132044E-016
