  0.10000000000000001       -21.592326575446933       0.99935496133329360     
  0.10100000000000001       -21.591717424341258       0.99930368400723024     
  0.10200000000000001       -21.591074902570192       0.99924958424183785     
  0.10300000000000001       -21.590398167369511       0.99919259449705855     
  0.10400000000000001       -21.589686464267000       0.99913265011883112     
  0.10500000000000001       -21.588939077674411       0.99906968967123799     
  0.10600000000000001       -21.588155482541026       0.99900365438240635     
  0.10700000000000001       -21.587334783680962       0.99893449086618225     
  0.10800000000000001       -21.586476512516498       0.99886214763030512     
  0.10900000000000001       -21.585580125976495       0.99878657742199628     
  0.11000000000000001       -21.584645126775921       0.99870773677857128     
  0.11100000000000002       -21.583671064129650       0.99862558608858842     
  0.11200000000000002       -21.582657534253439       0.99854008963522700     
  0.11300000000000002       -21.581604180656058       0.99845121562222827     
  0.11400000000000002       -21.580510694228149       0.99835893618284988     
  0.11500000000000002       -21.579376813134886       0.99826322737242024     
  0.11600000000000002       -21.578202322520781       0.99816406914516931     
  0.11700000000000002       -21.576986922656857       0.99806144640347216     
  0.11800000000000002       -21.575730722120664       0.99795534492035021     
  0.11900000000000002       -21.574433537164019       0.99784575691173605     
  0.12000000000000002       -21.573095333320673       0.99773267743008998     
  0.12100000000000002       -21.571716119009618       0.99761610510889975     
  0.12200000000000003       -21.570295944324492       0.99749604206459475     
  0.12300000000000003       -21.568834899715775       0.99737249378952320     
  0.12400000000000003       -21.567333114578563       0.99724546903706679     
  0.12500000000000003       -21.565790755759004       0.99711497969996510     
  0.12600000000000003       -21.564208025991906       0.99698104068289761     
  0.12700000000000003       -21.562585299871913       0.99684366806328384     
  0.12800000000000003       -21.560922603548377       0.99670288531373163     
  0.12900000000000003       -21.559220349765660       0.99655871421637165     
  0.13000000000000003       -21.557478869303154       0.99641118034555554     
  0.13100000000000003       -21.555698520542297       0.99626031159455186     
  0.13200000000000003       -21.553879687745884       0.99610613803311954     
  0.13300000000000003       -21.552022779344188       0.99594869176550394     
  0.13400000000000004       -21.550128226235838       0.99578800678951396     
  0.13500000000000004       -21.548196356280645       0.99562412085980700     
  0.13600000000000004       -21.546227860026857       0.99545706786752575     
  0.13700000000000004       -21.544223124462015       0.99528688826357004     
  0.13800000000000004       -21.542182652993421       0.99511362227712574     
  0.13900000000000004       -21.540106963332597       0.99493731136591135     
  0.14000000000000004       -21.537996586001249       0.99475799809299481     
  0.14100000000000004       -21.535852062887816       0.99457572600776323     
  0.14200000000000004       -21.533673945857135       0.99439053953127376     
  0.14300000000000004       -21.531462931048789       0.99420248110471221     
  0.14400000000000004       -21.529219344500166       0.99401160136918165     
  0.14500000000000005       -21.526943871982056       0.99381794450888494     
  0.14600000000000005       -21.524637093369289       0.99362155734961144     
  0.14700000000000005       -21.522299592524302       0.99342248708144176     
  0.14800000000000005       -21.519931956261274       0.99322078117208767     
  0.14900000000000005       -21.517534773368933       0.99301648728498826     
  0.15000000000000005       -21.515108492728668       0.99280965656848497     
  0.15100000000000005       -21.512653956550139       0.99260033091872446     
  0.15200000000000005       -21.510171637567453       0.99238856087524774     
  0.15300000000000005       -21.507662122980992       0.99217439418868403     
  0.15400000000000005       -21.505125997816513       0.99195787846919770     
  0.15500000000000005       -21.502563844265538       0.99173906113186294     
  0.15600000000000006       -21.499976377029281       0.99151798566578353     
  0.15700000000000006       -21.497363927205743       0.99129470545597287     
  0.15800000000000006       -21.494727177833049       0.99106926404193352     
  0.15900000000000006       -21.492066694913809       0.99084170756005763     
  0.16000000000000006       -21.489383039113680       0.99061208173175541     
  0.16100000000000006       -21.486676645686373       0.99038043538871467     
  0.16200000000000006       -21.483948278022599       0.99014680702517510     
  0.16300000000000006       -21.481198379249548       0.98991124383951790     
  0.16400000000000006       -21.478427484487383       0.98967378962143682     
  0.16500000000000006       -21.475636121858717       0.98943448761366359     
  0.16600000000000006       -21.472824812263628       0.98919338049322392     
  0.16700000000000007       -21.469994207469558       0.98895050580560739     
  0.16800000000000007       -21.467144564700693       0.98870591314313794     
  0.16900000000000007       -21.464276497440387       0.98845963965485673     
  0.17000000000000007       -21.461390496734953       0.98821172557900538     
  0.17100000000000007       -21.458487045764304       0.98796221052214295     
  0.17200000000000007       -21.455566477826185       0.98771113849130876     
  0.17300000000000007       -21.452629515766560       0.98745853882307777     
  0.17400000000000007       -21.449676500184168       0.98720445334934581     
  0.17500000000000007       -21.446707881498455       0.98694891912818683     
  0.17600000000000007       -21.443724230870171       0.98669196772910994     
  0.17700000000000007       -21.440725750408269       0.98643364354808583     
  0.17800000000000007       -21.437712973780513       0.98617397770375637     
  0.17900000000000008       -21.434686319559709       0.98591300463135201     
  0.18000000000000008       -21.431646074797818       0.98565076300737187     
  0.18100000000000008       -21.428592864550904       0.98538727724922481     
  0.18200000000000008       -21.425526980362356       0.98512258390102736     
  0.18300000000000008       -21.422448808533833       0.98485671486575965     
  0.18400000000000008       -21.419358851763693       0.98458969626011072     
  0.18500000000000008       -21.416257257057978       0.98432156796669945     
  0.18600000000000008       -21.413144491391026       0.98405235576039740     
  0.18700000000000008       -21.410020910945409       0.98378208904792297     
  0.18800000000000008       -21.406886734214449       0.98351080229999088     
  0.18900000000000008       -21.403742537581149       0.98323851358516567     
  0.19000000000000009       -21.400588546242410       0.98296525522427858     
  0.19100000000000009       -21.397425086728898       0.98269105429729509     
  0.19200000000000009       -21.394252620424712       0.98241593087751811     
  0.19300000000000009       -21.391071203729613       0.98213992246693249     
  0.19400000000000009       -21.387881261342638       0.98186304912198274     
  0.19500000000000009       -21.384682959358742       0.98158534192064995     
  0.19600000000000009       -21.381476831823289       0.98130681396129782     
  0.19700000000000009       -21.378263053513599       0.98102749420298929     
  0.19800000000000009       -21.375042033867249       0.98074739969099645     
  0.19900000000000009       -21.371813812433015       0.98046656440433744     
  0.20000000000000009       -21.368578765165314       0.98018500544901743     
  0.20100000000000010       -21.365337024321750       0.97990275101255730     
  0.20200000000000010       -21.362089079750604       0.97961981088589267     
  0.20300000000000010       -21.358835073204315       0.97933621122008707     
  0.20400000000000010       -21.355575381849892       0.97905196565060204     
  0.20500000000000010       -21.352310004163886       0.97876710624981811     
  0.20600000000000010       -21.349039284643229       0.97848164690709871     
  0.20700000000000010       -21.345763311584570       0.97819561395539634     
  0.20800000000000010       -21.342482560674121       0.97790901292487709     
  0.20900000000000010       -21.339197258313671       0.97762186142782814     
  0.21000000000000010       -21.335907390697635       0.97733418920563619     
  0.21100000000000010       -21.332613270374111       0.97704600817103504     
  0.21200000000000011       -21.329314962543972       0.97675734281343218     
  0.21300000000000011       -21.326012914798966       0.97646819633913873     
  0.21400000000000011       -21.322707334710760       0.97617858412087954     
  0.21500000000000011       -21.319398179080636       0.97588853478780702     
  0.21600000000000011       -21.316085617648628       0.97559806486155165     
  0.21700000000000011       -21.312770051821833       0.97530717727955851     
  0.21800000000000011       -21.309451674596989       0.97501588584223764     
  0.21900000000000011       -21.306130445089181       0.97472421708210355     
  0.22000000000000011       -21.302806630099354       0.97443217965991857     
  0.22100000000000011       -21.299480254040546       0.97413979553314456     
  0.22200000000000011       -21.296151730163814       0.97384706373774055     
  0.22300000000000011       -21.292821238639284       0.97355399603550452     
  0.22400000000000012       -21.289488680600382       0.97326062007005676     
  0.22500000000000012       -21.286154180272096       0.97296695014149548     
  0.22600000000000012       -21.282818259353455       0.97267297639427630     
  0.22700000000000012       -21.279480726810597       0.97237873069022995     
  0.22800000000000012       -21.276141696544951       0.97208422650428927     
  0.22900000000000012       -21.272801529385557       0.97178946189032578     
  0.23000000000000012       -21.269460386419919       0.97149444632150628     
  0.23100000000000012       -21.266118160984007       0.97119920523464498     
  0.23200000000000012       -21.262774948526427       0.97090375147948416     
  0.23300000000000012       -21.259431249430126       0.97060807236099433     
  0.23400000000000012       -21.256086845470879       0.97031219913791489     
  0.23500000000000013       -21.252741821800836       0.97001614407120462     
  0.23600000000000013       -21.249396659929928       0.96971989402708880     
  0.23700000000000013       -21.246051140905195       0.96942347946279606     
  0.23800000000000013       -21.242705339204907       0.96912691216732560     
  0.23900000000000013       -21.239359732608509       0.96883017771593616     
  0.24000000000000013       -21.236014088904771       0.96853330662158887     
  0.24100000000000013       -21.232668471246296       0.96823631033221780     
  0.24200000000000013       -21.229323368270613       0.96793917226578352     
  0.24300000000000013       -21.225978396038325       0.96764193212998018     
  0.24400000000000013       -21.222634103708682       0.96734456851115547     
  0.24500000000000013       -21.219290268364610       0.96704711013533939     
  0.24600000000000014       -21.215946938243416       0.96674956779008325     
  0.24700000000000014       -21.212604587932031       0.96645192353650999     
  0.24800000000000014       -21.209262817045911       0.96615421732099638     
  0.24900000000000014       -21.205922182382615       0.96585642490218004     
  0.25000000000000011       -21.202582306048367       0.96555858441576048     
  0.25100000000000011       -21.199243720699204       0.96526067236821333     
  0.25200000000000011       -21.195906058967442       0.96496272588596843     
  0.25300000000000011       -21.192569840816848       0.96466472149965388     
  0.25400000000000011       -21.189234698963126       0.96436669604526271     
  0.25500000000000012       -21.185901151021501       0.96406862540770166     
  0.25600000000000012       -21.182568820048829       0.96377054682116636     
  0.25700000000000012       -21.179238231293120       0.96347243486059087     
  0.25800000000000012       -21.175908988424656       0.96317432786232582     
  0.25900000000000012       -21.172581634594700       0.96287619838865413     
  0.26000000000000012       -21.169255862184887       0.96257807827985509     
  0.26100000000000012       -21.165931764344094       0.96227997115526442     
  0.26200000000000012       -21.162609730196930       0.96198185930999314     
  0.26300000000000012       -21.159289357435227       0.96168378097805074     
  0.26400000000000012       -21.155971070787498       0.96138571538439954     
  0.26500000000000012       -21.152654909019383       0.96108766891438246     
  0.26600000000000013       -21.149340697920042       0.96078966314573644     
  0.26700000000000013       -21.146028505027111       0.96049170216805480     
  0.26800000000000013       -21.142718610646870       0.96019377437163933     
  0.26900000000000013       -21.139411060216755       0.95989588485909816     
  0.27000000000000013       -21.136105675381849       0.95959805494475825     
  0.27100000000000013       -21.132802507756221       0.95930028907787490     
  0.27200000000000013       -21.129501845141064       0.95900257408966327     
  0.27300000000000013       -21.126203612084659       0.95870492327981893     
  0.27400000000000013       -21.122907855054187       0.95840734083561385     
  0.27500000000000013       -21.119614619380528       0.95810983085288848     
  0.27600000000000013       -21.116323949284052       0.95781239733807355     
  0.27700000000000014       -21.113035887901180       0.95751504421006961     
  0.27800000000000014       -21.109750477309046       0.95721777530216223     
  0.27900000000000014       -21.106467758549520       0.95692059436390831     
  0.28000000000000014       -21.103187890622888       0.95662349605205399     
  0.28100000000000014       -21.099910680228124       0.95632650152265086     
  0.28200000000000014       -21.096636162506698       0.95602961458842139     
  0.28300000000000014       -21.093364602079635       0.95573282137307614     
  0.28400000000000014       -21.090096045603143       0.95543612435585534     
  0.28500000000000014       -21.086830176611130       0.95513955378794357     
  0.28600000000000014       -21.083567487659565       0.95484307770569632     
  0.28700000000000014       -21.080307559562829       0.95454673411552060     
  0.28800000000000014       -21.077050878811097       0.95425049104295612     
  0.28900000000000015       -21.073797017094652       0.95395438714006875     
  0.29000000000000015       -21.070546358660568       0.95365839795079599     
  0.29100000000000015       -21.067298929094864       0.95336252664001175     
  0.29200000000000015       -21.064054523529720       0.95306679432990393     
  0.29300000000000015       -21.060813290857574       0.95277119440008906     
  0.29400000000000015       -21.057575140939502       0.95247573885852521     
  0.29500000000000015       -21.054340333518418       0.95218041203238368     
  0.29600000000000015       -21.051108899586342       0.95188521607517596     
  0.29700000000000015       -21.047880513598482       0.95159018136300266     
  0.29800000000000015       -21.044655665992874       0.95129527343259535     
  0.29900000000000015       -21.041434030688862       0.95100052256095469     
  0.30000000000000016       -21.038215751647474       0.95070592156165223     
  0.30100000000000016       -21.035000852346709       0.95041147272166482     
  0.30200000000000016       -21.031789238119501       0.95011718773509568     
  0.30300000000000016       -21.028581277256968       0.94982304094236980     
  0.30400000000000016       -21.025376530098573       0.94952907165206846     
  0.30500000000000016       -21.022175366095482       0.94923525385191165     
  0.30600000000000016       -21.018977808784911       0.94894158927359240     
  0.30700000000000016       -21.015783637749070       0.94864809942235073     
  0.30800000000000016       -21.012592995542725       0.94835477626985420     
