   3.9000000953674316       -63.280000109676905       0.99999977150094754     
   3.9010000953674315       -63.280000112453394       0.99999976571632809     
   3.9020000953674314       -63.280000115300162       0.99999975978526334     
   3.9030000953674313       -63.280000118219000       0.99999975370404570     
   3.9040000953674312       -63.280000121211721       0.99999974746887332     
   3.9050000953674311       -63.280000124280207       0.99999974107584844     
   3.9060000953674310       -63.280000127426383       0.99999973452097468     
   3.9070000953674309       -63.280000130652191       0.99999972780015456     
   3.9080000953674308       -63.280000133959661       0.99999972090918643     
   3.9090000953674306       -63.280000137350861       0.99999971384376263     
   3.9100000953674305       -63.280000140827916       0.99999970659946624     
   3.9110000953674304       -63.280000144392986       0.99999969917176834     
   3.9120000953674303       -63.280000148048316       0.99999969155602575     
   3.9130000953674302       -63.280000151796166       0.99999968374747750     
   3.9140000953674301       -63.280000155638902       0.99999967574124182     
   3.9150000953674300       -63.280000159578918       0.99999966753231384     
   3.9160000953674299       -63.280000163618674       0.99999965911556166     
   3.9170000953674298       -63.280000167760690       0.99999965048572326     
   3.9180000953674297       -63.280000172007568       0.99999964163740351     
   3.9190000953674295       -63.280000176361952       0.99999963256507129     
   3.9200000953674294       -63.280000180826576       0.99999962326305436     
   3.9210000953674293       -63.280000185404219       0.99999961372553725     
   3.9220000953674292       -63.280000190097745       0.99999960394655751     
   3.9230000953674291       -63.280000194910080       0.99999959392000148     
   3.9240000953674290       -63.280000199844245       0.99999958363960062     
   3.9250000953674289       -63.280000204903324       0.99999957309892784     
   3.9260000953674288       -63.280000210090471       0.99999956229139320     
   3.9270000953674287       -63.280000215408933       0.99999955121023965     
   3.9280000953674286       -63.280000220862021       0.99999953984853940     
   3.9290000953674284       -63.280000226453168       0.99999952819918914     
   3.9300000953674283       -63.280000232185849       0.99999951625490502     
   3.9310000953674282       -63.280000238063650       0.99999950400822024     
   3.9320000953674281       -63.280000244090253       0.99999949145147682     
   3.9330000953674280       -63.280000250269417       0.99999947857682481     
   3.9340000953674279       -63.280000256605007       0.99999946537621431     
   3.9350000953674278       -63.280000263100980       0.99999945184139183     
   3.9360000953674277       -63.280000269761409       0.99999943796389490     
   3.9370000953674276       -63.280000276590428       0.99999942373504658     
   3.9380000953674275       -63.280000283592344       0.99999940914595042     
   3.9390000953674273       -63.280000290771504       0.99999939418748440     
   3.9400000953674272       -63.280000298132407       0.99999937885029555     
   3.9410000953674271       -63.280000305679650       0.99999936312479420     
   3.9420000953674270       -63.280000313417951       0.99999934700114734     
   3.9430000953674269       -63.280000321352148       0.99999933046927358     
   3.9440000953674268       -63.280000329487201       0.99999931351883553     
   3.9450000953674267       -63.280000337828191       0.99999929613923422     
   3.9460000953674266       -63.280000346380341       0.99999927831960189     
   3.9470000953674265       -63.280000355148978       0.99999926004879625     
   3.9480000953674264       -63.280000364139596       0.99999924131539242     
   3.9490000953674262       -63.280000373357808       0.99999922210767578     
   3.9500000953674261       -63.280000382809384       0.99999920241363549     
   3.9510000953674260       -63.280000392500227       0.99999918222095585     
   3.9520000953674259       -63.280000402436393       0.99999916151700974     
   3.9530000953674258       -63.280000412624091       0.99999914028884973     
   3.9540000953674257       -63.280000423069694       0.99999911852320089     
   3.9550000953674256       -63.280000433779726       0.99999909620645189     
   3.9560000953674255       -63.280000444760880       0.99999907332464610     
   3.9570000953674254       -63.280000456020026       0.99999904986347354     
   3.9580000953674253       -63.280000467564200       0.99999902580826205     
   3.9590000953674251       -63.280000479400599       0.99999900114396745     
   3.9600000953674250       -63.280000491536647       0.99999897585516406     
   3.9610000953674249       -63.280000503979920       0.99999894992603655     
   3.9620000953674248       -63.280000516738191       0.99999892334036744     
   3.9630000953674247       -63.280000529819432       0.99999889608152903     
   3.9640000953674246       -63.280000543231829       0.99999886813247263     
   3.9650000953674245       -63.280000556983772       0.99999883947571677     
   3.9660000953674244       -63.280000571083832       0.99999881009333791     
   3.9670000953674243       -63.280000585540833       0.99999877996695741     
   3.9680000953674242       -63.280000600363820       0.99999874907773167     
   3.9690000953674240       -63.280000615562038       0.99999871740633939     
   3.9700000953674239       -63.280000631145001       0.99999868493296962     
   3.9710000953674238       -63.280000647122449       0.99999865163730883     
   3.9720000953674237       -63.280000663504360       0.99999861749852970     
   3.9730000953674236       -63.280000680300986       0.99999858249527651     
   3.9740000953674235       -63.280000697522809       0.99999854660565202     
   3.9750000953674234       -63.280000715180606       0.99999850980720451     
   3.9760000953674233       -63.280000733285405       0.99999847207691273     
   3.9770000953674232       -63.280000751848533       0.99999843339117256     
   3.9780000953674231       -63.280000770881578       0.99999839372578136     
   3.9790000953674229       -63.280000790396436       0.99999835305592233     
   3.9800000953674228       -63.280000810405319       0.99999831135615069     
   3.9810000953674227       -63.280000830920713       0.99999826860037588     
   3.9820000953674226       -63.280000851955464       0.99999822476184586     
   3.9830000953674225       -63.280000873522702       0.99999817981313122     
   3.9840000953674224       -63.280000895635901       0.99999813372610646     
   3.9850000953674223       -63.280000918308914       0.99999808647193300     
   3.9860000953674222       -63.280000941555869       0.99999803802104148     
   3.9870000953674221       -63.280000965391324       0.99999798834311215     
   3.9880000953674219       -63.280000989830171       0.99999793740705734     
   3.9890000953674218       -63.280001014887688       0.99999788518100041     
   3.9900000953674217       -63.280001040579521       0.99999783163225653     
   3.9910000953674216       -63.280001066921734       0.99999777672731238     
   3.9920000953674215       -63.280001093930800       0.99999772043180413     
   3.9930000953674214       -63.280001121623606       0.99999766271049684     
   3.9940000953674213       -63.280001150017441       0.99999760352726186     
   3.9950000953674212       -63.280001179130046       0.99999754284505382     
   3.9960000953674211       -63.280001208979634       0.99999748062588834     
   3.9970000953674210       -63.280001239584870       0.99999741683081689     
   3.9980000953674208       -63.280001270964860       0.99999735141990298     
   3.9990000953674207       -63.280001303139230       0.99999728435219737     
   4.0000000953674206       -63.280001336128073       0.99999721558571186     
   4.0010000953674210       -63.280001369952025       0.99999714507739246     
   4.0020000953674213       -63.280001404632223       0.99999707278309324     
   4.0030000953674216       -63.280001440190325       0.99999699865754732     
   4.0040000953674220       -63.280001476648579       0.99999692265434026     
   4.0050000953674223       -63.280001514029763       0.99999684472587880     
   4.0060000953674226       -63.280001552357234       0.99999676482336219     
   4.0070000953674230       -63.280001591654951       0.99999668289675103     
   4.0080000953674233       -63.280001631947471       0.99999659889473558     
   4.0090000953674236       -63.280001673259981       0.99999651276470392     
   4.0100000953674240       -63.280001715618297       0.99999642445270809     
   4.0110000953674243       -63.280001759048908       0.99999633390343090     
   4.0120000953674246       -63.280001803578934       0.99999624106015050     
   4.0130000953674250       -63.280001849236221       0.99999614586470476     
   4.0140000953674253       -63.280001896049292       0.99999604825745469     
   4.0150000953674256       -63.280001944047420       0.99999594817724624     
   4.0160000953674260       -63.280001993260598       0.99999584556137311     
   4.0170000953674263       -63.280002043719577       0.99999574034553562     
   4.0180000953674266       -63.280002095455899       0.99999563246380030     
   4.0190000953674270       -63.280002148501900       0.99999552184856000     
   4.0200000953674273       -63.280002202890714       0.99999540843048873     
   4.0210000953674276       -63.280002258656367       0.99999529213849969     
   4.0220000953674280       -63.280002315833684       0.99999517289969886     
   4.0230000953674283       -63.280002374458412       0.99999505063934047     
   4.0240000953674286       -63.280002434567180       0.99999492528077916     
   4.0250000953674290       -63.280002496197575       0.99999479674542047     
   4.0260000953674293       -63.280002559388087       0.99999466495267286     
   4.0270000953674296       -63.280002624178231       0.99999452981989512     
   4.0280000953674300       -63.280002690608470       0.99999439126234513     
   4.0290000953674303       -63.280002758720364       0.99999424919312574     
   4.0300000953674306       -63.280002828556441       0.99999410352312978     
   4.0310000953674310       -63.280002900160369       0.99999395416098347     
   4.0320000953674313       -63.280002973576892       0.99999380101298863     
   4.0330000953674316       -63.280003048851881       0.99999364398306367     
   4.0340000953674320       -63.280003126032391       0.99999348297268131     
   4.0350000953674323       -63.280003205166665       0.99999331788080770     
   4.0360000953674326       -63.280003286304144       0.99999314860383759     
   4.0370000953674330       -63.280003369495532       0.99999297503552798     
   4.0380000953674333       -63.280003454792841       0.99999279706693101     
   4.0390000953674337       -63.280003542249354       0.99999261458632527     
   4.0400000953674340       -63.280003631919740       0.99999242747914385     
   4.0410000953674343       -63.280003723860027       0.99999223562790196     
   4.0420000953674347       -63.280003818127689       0.99999203891212218     
   4.0430000953674350       -63.280003914781631       0.99999183720825735     
   4.0440000953674353       -63.280004013882241       0.99999163038961247     
   4.0450000953674357       -63.280004115491472       0.99999141832626270     
   4.0460000953674360       -63.280004219672811       0.99999120088497273     
   4.0470000953674363       -63.280004326491358       0.99999097792910929     
   4.0480000953674367       -63.280004436013883       0.99999074931855569     
   4.0490000953674370       -63.280004548308817       0.99999051490962076     
   4.0500000953674373       -63.280004663446334       0.99999027455494971     
   4.0510000953674377       -63.280004781498398       0.99999002810342652     
   4.0520000953674380       -63.280004902538778       0.99998977540007916     
   4.0530000953674383       -63.280005026643096       0.99998951628598076     
   4.0540000953674387       -63.280005153888929       0.99998925059814636     
   4.0550000953674390       -63.280005284355788       0.99998897816943000     
   4.0560000953674393       -63.280005418125185       0.99998869882841623     
   4.0570000953674397       -63.280005555280731       0.99998841239931080     
   4.0580000953674400       -63.280005695908123       0.99998811870182747     
   4.0590000953674403       -63.280005840095242       0.99998781755107169     
   4.0600000953674407       -63.280005987932192       0.99998750875742404     
   4.0610000953674410       -63.280006139511350       0.99998719212641463     
   4.0620000953674413       -63.280006294927439       0.99998686745860066     
   4.0630000953674417       -63.280006454277562       0.99998653454943609     
   4.0640000953674420       -63.280006617661300       0.99998619318914128     
   4.0650000953674423       -63.280006785180746       0.99998584316256622     
   4.0660000953674427       -63.280006956940582       0.99998548424905265     
   4.0670000953674430       -63.280007133048123       0.99998511622228980     
   4.0680000953674433       -63.280007313613403       0.99998473885017070     
   4.0690000953674437       -63.280007498749264       0.99998435189463875     
   4.0700000953674440       -63.280007688571388       0.99998395511153504     
   4.0710000953674443       -63.280007883198358       0.99998354825043989     
   4.0720000953674447       -63.280008082751813       0.99998313105451009     
   4.0730000953674450       -63.280008287356416       0.99998270326031102     
   4.0740000953674453       -63.280008497139249       0.99998226459604123     
   4.0750000953674457       -63.280008712232863       0.99998181478765336     
   4.0760000953674460       -63.280008932770926       0.99998135354940387     
   4.0770000953674463       -63.280009158891247       0.99998088058973533     
   4.0780000953674467       -63.280009390735096       0.99998039560959484     
   4.0790000953674470       -63.280009628447317       0.99997989830223899     
   4.0800000953674473       -63.280009872176443       0.99997938835303379     
   4.0810000953674477       -63.280010122074735       0.99997886543924686     
   4.0820000953674480       -63.280010378298329       0.99997832922983620     
   4.0830000953674483       -63.280010641007294       0.99997777938523280     
   4.0840000953674487       -63.280010910365753       0.99997721555711738     
   4.0850000953674490       -63.280011186542005       0.99997663738818998     
   4.0860000953674493       -63.280011469708555       0.99997604451193511     
   4.0870000953674497       -63.280011760042314       0.99997543655237886     
   4.0880000953674500       -63.280012057724662       0.99997481312384062     
   4.0890000953674503       -63.280012362941562       0.99997417383067699     
   4.0900000953674507       -63.280012675883675       0.99997351826702063     
   4.0910000953674510       -63.280012996746485       0.99997284601650882     
   4.0920000953674514       -63.280013325730444       0.99997215665200656     
   4.0930000953674517       -63.280013663041032       0.99997144973532326     
   4.0940000953674520       -63.280014008888955       0.99997072481691929     
   4.0950000953674524       -63.280014363490245       0.99996998143560489     
   4.0960000953674527       -63.280014727066394       0.99996921911823156     
   4.0970000953674530       -63.280015099844491       0.99996843737937502     
   4.0980000953674534       -63.280015482057387       0.99996763572100844     
   4.0990000953674537       -63.280015873943796       0.99996681363216711     
   4.1000000953674540       -63.280016275748473       0.99996597058860359     
   4.1010000953674544       -63.280016687722373       0.99996510605243383     
   4.1020000953674547       -63.280017110122799       0.99996421947177228     
   4.1030000953674550       -63.280017543213546       0.99996331028035723     
   4.1040000953674554       -63.280017987265083       0.99996237789716702     
   4.1050000953674557       -63.280018442554706       0.99996142172602254     
   4.1060000953674560       -63.280018909366760       0.99996044115518101     
   4.1070000953674564       -63.280019387992716       0.99995943555691691     
   4.1080000953674567       -63.280019878731480       0.99995840428709126     
   4.1090000953674570       -63.280020381889472       0.99995734668471015     
   4.1100000953674574       -63.280020897780851       0.99995626207146693     
   4.1110000953674577       -63.280021426727750       0.99995514975127542     
   4.1120000953674580       -63.280021969060414       0.99995400900978793     
   4.1130000953674584       -63.280022525117445       0.99995283911389743     
   4.1140000953674587       -63.280023095246008       0.99995163931122966     
   4.1150000953674590       -63.280023679802021       0.99995040882961694     
   4.1160000953674594       -63.280024279150410       0.99994914687655745     
   4.1170000953674597       -63.280024893665328       0.99994785263865971     
   4.1180000953674600       -63.280025523730345       0.99994652528107009     
   4.1190000953674604       -63.280026169738761       0.99994516394688338     
   4.1200000953674607       -63.280026832093775       0.99994376775653715     
   4.1210000953674610       -63.280027511208814       0.99994233580718539     
   4.1220000953674614       -63.280028207507698       0.99994086717205766     
   4.1230000953674617       -63.280028921424979       0.99993936089979440     
   4.1240000953674620       -63.280029653406153       0.99993781601376819     
   4.1250000953674624       -63.280030403908015       0.99993623151137767     
   4.1260000953674627       -63.280031173398832       0.99993460636332676     
   4.1270000953674630       -63.280031962358741       0.99993293951287754     
   4.1280000953674634       -63.280032771279956       0.99993122987508309     
   4.1290000953674637       -63.280033600667132       0.99992947633599571     
   4.1300000953674640       -63.280034451037672       0.99992767775184987     
   4.1310000953674644       -63.280035322921997       0.99992583294822435     
   4.1320000953674647       -63.280036216863941       0.99992394071917268     
   4.1330000953674650       -63.280037133421047       0.99992199982633057     
   4.1340000953674654       -63.280038073164910       0.99992000899799471     
   4.1350000953674657       -63.280039036681551       0.99991796692817247     
   4.1360000953674660       -63.280040024571733       0.99991587227560197     
   4.1370000953674664       -63.280041037451419       0.99991372366273945     
   4.1380000953674667       -63.280042075952053       0.99991151967472047     
   4.1390000953674670       -63.280043140720998       0.99990925885827842     
   4.1400000953674674       -63.280044232421936       0.99990693972063693     
   4.1410000953674677       -63.280045351735239       0.99990456072836309     
   4.1420000953674680       -63.280046499358477       0.99990212030618342     
   4.1430000953674684       -63.280047676006710       0.99989961683576256     
   4.1440000953674687       -63.280048882413034       0.99989704865444073     
   4.1450000953674691       -63.280050119328997       0.99989441405393098     
   4.1460000953674694       -63.280051387525042       0.99989171127897258     
   4.1470000953674697       -63.280052687791006       0.99988893852594041     
   4.1480000953674701       -63.280054020936561       0.99988609394140660     
   4.1490000953674704       -63.280055387791769       0.99988317562065598     
   4.1500000953674707       -63.280056789207528       0.99988018160614978     
   4.1510000953674711       -63.280058226056127       0.99987710988593703     
   4.1520000953674714       -63.280059699231749       0.99987395839201276     
   4.1530000953674717       -63.280061209651045       0.99987072499862018     
   4.1540000953674721       -63.280062758253649       0.99986740752049064     
   4.1550000953674724       -63.280064346002796       0.99986400371102768     
   4.1560000953674727       -63.280065973885840       0.99986051126042252     
   4.1570000953674731       -63.280067642908691       0.99985692778072666     
   4.1580000953674734       -63.280069354120627       0.99985325085436838     
   4.1590000953674737       -63.280071108579484       0.99984947795818913     
   4.1600000953674741       -63.280072907375327       0.99984560650932586     
   4.1610000953674744       -63.280074751625520       0.99984163385123559     
   4.1620000953674747       -63.280076642475358       0.99983755725137102     
   4.1630000953674751       -63.280078581098728       0.99983337389877003     
   4.1640000953674754       -63.280080568698871       0.99982908090155664     
   4.1650000953674757       -63.280082606509055       0.99982467528434482     
   4.1660000953674761       -63.280084695793285       0.99982015398554835     
   4.1670000953674764       -63.280086837847087       0.99981551385459255     
   4.1680000953674767       -63.280089033998244       0.99981075164900901     
   4.1690000953674771       -63.280091285607575       0.99980586403143024     
   4.1700000953674774       -63.280093594069768       0.99980084756646204     
   4.1710000953674777       -63.280095960814123       0.99979569871743301     
   4.1720000953674781       -63.280098387305408       0.99979041384302147     
   4.1730000953674784       -63.280100875044745       0.99978498919374115     
   4.1740000953674787       -63.280103425570417       0.99977942090829597     
   4.1750000953674791       -63.280106040458762       0.99977370500977714     
   4.1760000953674794       -63.280108721325078       0.99976783740171493     
   4.1770000953674797       -63.280111469824540       0.99976181386396368     
   4.1780000953674801       -63.280114287653106       0.99975563004841705     
   4.1790000953674804       -63.280117176548494       0.99974928147454589     
   4.1800000953674807       -63.280120138291132       0.99974276352474789     
   4.1810000953674811       -63.280123174705139       0.99973607143949916     
   4.1820000953674814       -63.280126287659336       0.99972920031229862     
   4.1830000953674817       -63.280129479068236       0.99972214508439305     
   4.1840000953674821       -63.280132750893095       0.99971490053927115     
   4.1850000953674824       -63.280136105142986       0.99970746129691934     
   4.1860000953674827       -63.280139543875777       0.99969982180781469     
   4.1870000953674831       -63.280143069199291       0.99969197634665408     
   4.1880000953674834       -63.280146683272370       0.99968391900579412     
   4.1890000953674837       -63.280150388305948       0.99967564368839623     
   4.1900000953674841       -63.280154186564218       0.99966714410124702     
   4.1910000953674844       -63.280158080365709       0.99965841374724829     
   4.1920000953674847       -63.280162072084437       0.99964944591754989     
   4.1930000953674851       -63.280166164151090       0.99964023368330845     
   4.1940000953674854       -63.280170359054097       0.99963076988704369     
   4.1950000953674857       -63.280174659340851       0.99962104713358013     
   4.1960000953674861       -63.280179067618825       0.99961105778053783     
   4.1970000953674864       -63.280183586556760       0.99960079392834544     
   4.1980000953674868       -63.280188218867366       0.99959024737150004     
