   3.9000000953674316       -63.280000552978592       0.99999897586800446     
   3.9010000953674315       -63.280000565404521       0.99999895285258000     
   3.9020000953674314       -63.280000578109671       0.99999892931988776     
   3.9030000953674313       -63.280000591100325       0.99999890525828972     
   3.9040000953674312       -63.280000604382877       0.99999888065589637     
   3.9050000953674311       -63.280000617963900       0.99999885550055057     
   3.9060000953674310       -63.280000631850100       0.99999882977982157     
   3.9070000953674309       -63.280000646048343       0.99999880348099979     
   3.9080000953674308       -63.280000660565626       0.99999877659108893     
   3.9090000953674306       -63.280000675409120       0.99999874909680087     
   3.9100000953674305       -63.280000690586164       0.99999872098454867     
   3.9110000953674304       -63.280000706104254       0.99999869224043969     
   3.9120000953674303       -63.280000721971042       0.99999866285026828     
   3.9130000953674302       -63.280000738194367       0.99999863279951084     
   3.9140000953674301       -63.280000754782243       0.99999860207331481     
   3.9150000953674300       -63.280000771742863       0.99999857065649556     
   3.9160000953674299       -63.280000789084603       0.99999853853352605     
   3.9170000953674298       -63.280000806816020       0.99999850568852988     
   3.9180000953674297       -63.280000824945887       0.99999847210527382     
   3.9190000953674295       -63.280000843483137       0.99999843776715924     
   3.9200000953674294       -63.280000862436935       0.99999840265721396     
   3.9210000953674293       -63.280000881816640       0.99999836675808451     
   3.9220000953674292       -63.280000901631823       0.99999833005202665     
   3.9230000953674291       -63.280000921892267       0.99999829252089700     
   3.9240000953674290       -63.280000942607970       0.99999825414614385     
   3.9250000953674289       -63.280000963789185       0.99999821490879848     
   3.9260000953674288       -63.280000985446343       0.99999817478946496     
   3.9270000953674287       -63.280001007590165       0.99999813376831115     
   3.9280000953674286       -63.280001030231567       0.99999809182505839     
   3.9290000953674284       -63.280001053381739       0.99999804893897259     
   3.9300000953674283       -63.280001077052106       0.99999800508885228     
   3.9310000953674282       -63.280001101254371       0.99999796025301857     
   3.9320000953674281       -63.280001126000478       0.99999791440930563     
   3.9330000953674280       -63.280001151302649       0.99999786753504838     
   3.9340000953674279       -63.280001177173368       0.99999781960707190     
   3.9350000953674278       -63.280001203625424       0.99999777060167927     
   3.9360000953674277       -63.280001230671878       0.99999772049463997     
   3.9370000953674276       -63.280001258326081       0.99999766926117950     
   3.9380000953674275       -63.280001286601696       0.99999761687596445     
   3.9390000953674273       -63.280001315512685       0.99999756331309120     
   3.9400000953674272       -63.280001345073309       0.99999750854607383     
   3.9410000953674271       -63.280001375298191       0.99999745254782957     
   3.9420000953674270       -63.280001406202238       0.99999739529066611     
   3.9430000953674269       -63.280001437800728       0.99999733674626812     
   3.9440000953674268       -63.280001470109241       0.99999727688568196     
   3.9450000953674267       -63.280001503143758       0.99999721567930278     
   3.9460000953674266       -63.280001536920565       0.99999715309685866     
   3.9470000953674265       -63.280001571456367       0.99999708910739660     
   3.9480000953674264       -63.280001606768209       0.99999702367926668     
   3.9490000953674262       -63.280001642873529       0.99999695678010581     
   3.9500000953674261       -63.280001679790161       0.99999688837682144     
   3.9510000953674260       -63.280001717536322       0.99999681843557775     
   3.9520000953674259       -63.280001756130659       0.99999674692177487     
   3.9530000953674258       -63.280001795592227       0.99999667380003476     
   3.9540000953674257       -63.280001835940531       0.99999659903418181     
   3.9550000953674256       -63.280001877195467       0.99999652258722660     
   3.9560000953674255       -63.280001919377433       0.99999644442134505     
   3.9570000953674254       -63.280001962507235       0.99999636449786200     
   3.9580000953674253       -63.280002006606203       0.99999628277723096     
   3.9590000953674251       -63.280002051696087       0.99999619921901373     
   3.9600000953674250       -63.280002097799155       0.99999611378186193     
   3.9610000953674249       -63.280002144938180       0.99999602642349394     
   3.9620000953674248       -63.280002193136447       0.99999593710067736     
   3.9630000953674247       -63.280002242417737       0.99999584576920386     
   3.9640000953674246       -63.280002292806415       0.99999575238386962     
   3.9650000953674245       -63.280002344327336       0.99999565689845182     
   3.9660000953674244       -63.280002397005958       0.99999555926568540     
   3.9670000953674243       -63.280002450868274       0.99999545943724033     
   3.9680000953674242       -63.280002505940907       0.99999535736369649     
   3.9690000953674240       -63.280002562251035       0.99999525299451986     
   3.9700000953674239       -63.280002619826469       0.99999514627803787     
   3.9710000953674238       -63.280002678695638       0.99999503716141103     
   3.9720000953674237       -63.280002738887617       0.99999492559060954     
   3.9730000953674236       -63.280002800432136       0.99999481151038527     
   3.9740000953674235       -63.280002863359570       0.99999469486424308     
   3.9750000953674234       -63.280002927700991       0.99999457559441407     
   3.9760000953674233       -63.280002993488189       0.99999445364182626     
   3.9770000953674232       -63.280003060753629       0.99999432894607476     
   3.9780000953674231       -63.280003129530542       0.99999420144539197     
   3.9790000953674229       -63.280003199852885       0.99999407107661675     
   3.9800000953674228       -63.280003271755383       0.99999393777516266     
   3.9810000953674227       -63.280003345273528       0.99999380147498507     
   3.9820000953674226       -63.280003420443649       0.99999366210854956     
   3.9830000953674225       -63.280003497302843       0.99999351960679606     
   3.9840000953674224       -63.280003575889069       0.99999337389910725     
   3.9850000953674223       -63.280003656241128       0.99999322491327003     
   3.9860000953674222       -63.280003738398698       0.99999307257544123     
   3.9870000953674221       -63.280003822402364       0.99999291681011060     
   3.9880000953674219       -63.280003908293587       0.99999275754006156     
   3.9890000953674218       -63.280003996114772       0.99999259468633428     
   3.9900000953674217       -63.280004085909304       0.99999242816818479     
   3.9910000953674216       -63.280004177721501       0.99999225790304536     
   3.9920000953674215       -63.280004271596724       0.99999208380648208     
   3.9930000953674214       -63.280004367581292       0.99999190579215347     
   3.9940000953674213       -63.280004465722627       0.99999172377176648     
   3.9950000953674212       -63.280004566069188       0.99999153765503246     
   3.9960000953674211       -63.280004668670500       0.99999134734962125     
   3.9970000953674210       -63.280004773577254       0.99999115276111572     
   3.9980000953674208       -63.280004880841219       0.99999095379296321     
   3.9990000953674207       -63.280004990515394       0.99999075034642793     
   4.0000000953674206       -63.280005102653888       0.99999054232054041     
   4.0010000953674210       -63.280005217312109       0.99999032961204681     
   4.0020000953674213       -63.280005334546651       0.99999011211535738     
   4.0030000953674216       -63.280005454415402       0.99998988972249325     
   4.0040000953674220       -63.280005576977558       0.99998966232303077     
   4.0050000953674223       -63.280005702293622       0.99998942980404737     
   4.0060000953674226       -63.280005830425473       0.99998919205006409     
   4.0070000953674230       -63.280005961436373       0.99998894894298607     
   4.0080000953674233       -63.280006095391009       0.99998870036204490     
   4.0090000953674236       -63.280006232355525       0.99998844618373539     
   4.0100000953674240       -63.280006372397537       0.99998818628175579     
   4.0110000953674243       -63.280006515586201       0.99998792052694030     
   4.0120000953674246       -63.280006661992203       0.99998764878719726     
   4.0130000953674250       -63.280006811687834       0.99998737092743983     
   4.0140000953674253       -63.280006964747002       0.99998708680951853     
   4.0150000953674256       -63.280007121245276       0.99998679629215081     
   4.0160000953674260       -63.280007281259927       0.99998649923085026     
   4.0170000953674263       -63.280007444869952       0.99998619547785061     
   4.0180000953674266       -63.280007612156126       0.99998588488203433     
   4.0190000953674270       -63.280007783201050       0.99998556728885291     
   4.0200000953674273       -63.280007958089165       0.99998524254024945     
   4.0210000953674276       -63.280008136906822       0.99998491047457805     
   4.0220000953674280       -63.280008319742279       0.99998457092652160     
   4.0230000953674283       -63.280008506685824       0.99998422372700657     
   4.0240000953674286       -63.280008697829750       0.99998386870311773     
   4.0250000953674290       -63.280008893268423       0.99998350567800998     
   4.0260000953674293       -63.280009093098322       0.99998313447081688     
   4.0270000953674296       -63.280009297418111       0.99998275489655963     
   4.0280000953674300       -63.280009506328646       0.99998236676605057     
   4.0290000953674303       -63.280009719933069       0.99998196988579802     
   4.0300000953674306       -63.280009938336825       0.99998156405790672     
   4.0310000953674310       -63.280010161647752       0.99998114907997515     
   4.0320000953674313       -63.280010389976063       0.99998072474499311     
   4.0330000953674316       -63.280010623434492       0.99998029084123397     
   4.0340000953674320       -63.280010862137388       0.99997984715048993     
   4.0350000953674323       -63.280011106204320       0.99997939345447440     
   4.0360000953674326       -63.280011355754930       0.99997892952509870     
   4.0370000953674330       -63.280011610912396       0.99997845513065886     
   4.0380000953674333       -63.280011871802692       0.99997797003416267     
   4.0390000953674337       -63.280012138554589       0.99997747399321002     
   4.0400000953674340       -63.280012411299765       0.99997696675986492     
   4.0410000953674343       -63.280012690172846       0.99997644808052932     
   4.0420000953674347       -63.280012975311507       0.99997591769581040     
   4.0430000953674350       -63.280013266856464       0.99997537534038594     
   4.0440000953674353       -63.280013564951659       0.99997482074286703     
   4.0450000953674357       -63.280013869744188       0.99997425362565739     
   4.0460000953674360       -63.280014181384530       0.99997367370480672     
   4.0470000953674363       -63.280014500026496       0.99997308068986512     
   4.0480000953674367       -63.280014825827344       0.99997247428373048     
   4.0490000953674370       -63.280015158947890       0.99997185418249224     
   4.0500000953674373       -63.280015499552540       0.99997122007527439     
   4.0510000953674377       -63.280015847809416       0.99997057164407066     
   4.0520000953674380       -63.280016203890398       0.99996990856357959     
   4.0530000953674383       -63.280016567971209       0.99996923050103181     
   4.0540000953674387       -63.280016940231533       0.99996853711601597     
   4.0550000953674390       -63.280017320855109       0.99996782806029938     
   4.0560000953674393       -63.280017710029767       0.99996710297764457     
   4.0570000953674397       -63.280018107947562       0.99996636150362039     
   4.0580000953674400       -63.280018514804866       0.99996560326540929     
   4.0590000953674403       -63.280018930802456       0.99996482788161101     
   4.0600000953674407       -63.280019356145623       0.99996403496203845     
   4.0610000953674410       -63.280019791044253       0.99996322410751148     
   4.0620000953674413       -63.280020235712946       0.99996239490964411     
   4.0630000953674417       -63.280020690371138       0.99996154695062600     
   4.0640000953674420       -63.280021155243148       0.99996067980300118     
   4.0650000953674423       -63.280021630558366       0.99995979302943649     
   4.0660000953674427       -63.280022116551322       0.99995888618249007     
   4.0670000953674430       -63.280022613461796       0.99995795880436955     
   4.0680000953674433       -63.280023121534960       0.99995701042668550     
   4.0690000953674437       -63.280023641021486       0.99995604057020004     
   4.0700000953674440       -63.280024172177669       0.99995504874456653     
   4.0710000953674443       -63.280024715265540       0.99995403444806674     
   4.0720000953674447       -63.280025270553047       0.99995299716733577     
   4.0730000953674450       -63.280025838314103       0.99995193637708557     
   4.0740000953674453       -63.280026418828790       0.99995085153981789     
   4.0750000953674457       -63.280027012383478       0.99994974210553111     
   4.0760000953674460       -63.280027619270953       0.99994860751141912     
   4.0770000953674463       -63.280028239790546       0.99994744718156525     
   4.0780000953674467       -63.280028874248352       0.99994626052662205     
   4.0790000953674470       -63.280029522957278       0.99994504694348973     
   4.0800000953674473       -63.280030186237283       0.99994380581498277     
   4.0810000953674477       -63.280030864415494       0.99994253650948783     
   4.0820000953674480       -63.280031557826341       0.99994123838061411     
   4.0830000953674483       -63.280032266811801       0.99993991076683475     
   4.0840000953674487       -63.280032991721491       0.99993855299111567     
   4.0850000953674490       -63.280033732912869       0.99993716436054025     
   4.0860000953674493       -63.280034490751405       0.99993574416591857     
   4.0870000953674497       -63.280035265610771       0.99993429168139103     
   4.0880000953674500       -63.280036057872991       0.99993280616401681     
   4.0890000953674503       -63.280036867928665       0.99993128685335708     
   4.0900000953674507       -63.280037696177153       0.99992973297104193     
   4.0910000953674510       -63.280038543026755       0.99992814372032823     
   4.0920000953674514       -63.280039408894915       0.99992651828564583     
   4.0930000953674517       -63.280040294208426       0.99992485583213242     
   4.0940000953674520       -63.280041199403662       0.99992315550515054     
   4.0950000953674524       -63.280042124926737       0.99992141642980015     
   4.0960000953674527       -63.280043071233777       0.99991963771041048     
   4.0970000953674530       -63.280044038791132       0.99991781843002236     
   4.0980000953674534       -63.280045028075563       0.99991595764985464     
   4.0990000953674537       -63.280046039574536       0.99991405440875614     
   4.1000000953674540       -63.280047073786392       0.99991210772264327     
   4.1010000953674544       -63.280048131220660       0.99991011658392193     
   4.1020000953674547       -63.280049212398254       0.99990807996089215     
   4.1030000953674550       -63.280050317851746       0.99990599679713721     
   4.1040000953674554       -63.280051448125619       0.99990386601089654     
   4.1050000953674557       -63.280052603776547       0.99990168649441868     
   4.1060000953674560       -63.280053785373617       0.99989945711329931     
   4.1070000953674564       -63.280054993498709       0.99989717670579648     
   4.1080000953674567       -63.280056228746631       0.99989484408212936     
   4.1090000953674570       -63.280057491725550       0.99989245802375615     
   4.1100000953674574       -63.280058783057171       0.99989001728263249     
   4.1110000953674577       -63.280060103377153       0.99988752058044472     
   4.1120000953674580       -63.280061453335300       0.99988496660782411     
   4.1130000953674584       -63.280062833595942       0.99988235402354009     
   4.1140000953674587       -63.280064244838250       0.99987968145366402     
   4.1150000953674590       -63.280065687756554       0.99987694749071465     
   4.1160000953674594       -63.280067163060693       0.99987415069277252     
   4.1170000953674597       -63.280068671476322       0.99987128958257354     
   4.1180000953674600       -63.280070213745276       0.99986836264657197     
   4.1190000953674604       -63.280071790625968       0.99986536833397743     
   4.1200000953674607       -63.280073402893692       0.99986230505575990     
   4.1210000953674610       -63.280075051341022       0.99985917118362944     
   4.1220000953674614       -63.280076736778213       0.99985596504897867     
   4.1230000953674617       -63.280078460033522       0.99985268494179957     
   4.1240000953674620       -63.280080221953689       0.99984932910956159     
   4.1250000953674624       -63.280082023404276       0.99984589575605753     
   4.1260000953674627       -63.280083865270129       0.99984238304021356     
   4.1270000953674630       -63.280085748448663       0.99983878906178469     
   4.1280000953674634       -63.280087673877958       0.99983511191115904     
   4.1290000953674637       -63.280089642496726       0.99983134959317999     
   4.1300000953674640       -63.280091655271093       0.99982750007462240     
   4.1310000953674644       -63.280093713188670       0.99982356127085348     
   4.1320000953674647       -63.280095817258946       0.99981953104439525     
   4.1330000953674650       -63.280097968513829       0.99981540720344431     
   4.1340000953674654       -63.280100168008076       0.99981118750033626     
   4.1350000953674657       -63.280102416819823       0.99980686962996745     
   4.1360000953674660       -63.280104716051078       0.99980245122816036     
   4.1370000953674664       -63.280107066828215       0.99979792986997362     
   4.1380000953674667       -63.280109470302541       0.99979330306795922     
   4.1390000953674670       -63.280111927650786       0.99978856827035789     
   4.1400000953674674       -63.280114440075664       0.99978372285923267     
   4.1410000953674677       -63.280117008806435       0.99977876414854105     
   4.1420000953674680       -63.280119635099446       0.99977368938214151     
   4.1430000953674684       -63.280122320238739       0.99976849573172510     
   4.1440000953674687       -63.280125065536609       0.99976318029468214     
   4.1450000953674691       -63.280127872334198       0.99975774009188845     
   4.1460000953674694       -63.280130742002136       0.99975217206541434     
   4.1470000953674697       -63.280133675941116       0.99974647307615594     
   4.1480000953674701       -63.280136675582554       0.99974063990137463     
   4.1490000953674704       -63.280139742389203       0.99973466923215148     
   4.1500000953674707       -63.280142877855816       0.99972855767074720     
   4.1510000953674711       -63.280146083509806       0.99972230172786747     
   4.1520000953674714       -63.280149360911928       0.99971589781982140     
   4.1530000953674717       -63.280152711656918       0.99970934226558150     
   4.1540000953674721       -63.280156137374256       0.99970263128372272     
   4.1550000953674724       -63.280159639728772       0.99969576098925661     
   4.1560000953674727       -63.280163220421457       0.99968872739033454     
   4.1570000953674731       -63.280166881190119       0.99968152638482899     
   4.1580000953674734       -63.280170623810136       0.99967415375678004     
   4.1590000953674737       -63.280174450095210       0.99966660517270167     
   4.1600000953674741       -63.280178361898109       0.99965887617774263     
   4.1610000953674744       -63.280182361111386       0.99965096219169325     
   4.1620000953674747       -63.280186449668214       0.99964285850483181     
   4.1630000953674751       -63.280190629543121       0.99963456027360198     
   4.1640000953674754       -63.280194902752790       0.99962606251611030     
   4.1650000953674757       -63.280199271356814       0.99961736010744306     
   4.1660000953674761       -63.280203737458535       0.99960844777477897     
   4.1670000953674764       -63.280208303205796       0.99959932009230457     
   4.1680000953674767       -63.280212970791816       0.99958997147590622     
   4.1690000953674771       -63.280217742455910       0.99958039617763650     
   4.1700000953674774       -63.280222620484359       0.99957058827994183     
   4.1710000953674777       -63.280227607211181       0.99956054168963482     
   4.1720000953674781       -63.280232705018982       0.99955025013160093     
   4.1730000953674784       -63.280237916319138       0.99953970710424322     
   4.1740000953674787       -63.280243243632398       0.99952890601987843     
   4.1750000953674791       -63.280248689473481       0.99951783998305610     
   4.1760000953674794       -63.280254256427199       0.99950650192208312     
   4.1770000953674797       -63.280259947130872       0.99949488454731616     
   4.1780000953674801       -63.280265764275079       0.99948298034292726     
   4.1790000953674804       -63.280271710604453       0.99947078155827551     
   4.1800000953674807       -63.280277788918383       0.99945828019886296     
   4.1810000953674811       -63.280284002071674       0.99944546801685485     
   4.1820000953674814       -63.280290352975307       0.99943233650113150     
   4.1830000953674817       -63.280296844596975       0.99941887686684694     
   4.1840000953674821       -63.280303479961788       0.99940508004446560     
   4.1850000953674824       -63.280310262152788       0.99939093666823686     
   4.1860000953674827       -63.280317194311465       0.99937643706408752     
   4.1870000953674831       -63.280324279638222       0.99936157123687430     
   4.1880000953674834       -63.280331521392775       0.99934632885697583     
   4.1890000953674837       -63.280338922894508       0.99933069924616447     
   4.1900000953674841       -63.280346487522678       0.99931467136272600     
   4.1910000953674844       -63.280354218716624       0.99929823378576021     
   4.1920000953674847       -63.280362119975777       0.99928137469862044     
   4.1930000953674851       -63.280370194859692       0.99926408187143201     
   4.1940000953674854       -63.280378446987818       0.99924634264261580     
   4.1950000953674857       -63.280386880039195       0.99922814389935921     
   4.1960000953674861       -63.280395497752018       0.99920947205695432     
   4.1970000953674864       -63.280404303922985       0.99919031303692041     
   4.1980000953674868       -63.280413302406473       0.99917065224382762     
