   3.9000000953674316       -63.280002039933684       0.99999659914545613     
   3.9010000953674315       -63.280002081142662       0.99999653042445191     
   3.9020000953674314       -63.280002123184083       0.99999646031440215     
   3.9030000953674313       -63.280002166074787       0.99999638878722008     
   3.9040000953674312       -63.280002209831913       0.99999631581424397     
   3.9050000953674311       -63.280002254472990       0.99999624136623277     
   3.9060000953674310       -63.280002300015838       0.99999616541335223     
   3.9070000953674309       -63.280002346478703       0.99999608792516448     
   3.9080000953674308       -63.280002393880153       0.99999600887061568     
   3.9090000953674306       -63.280002442239145       0.99999592821802175     
   3.9100000953674305       -63.280002491575047       0.99999584593505864     
   3.9110000953674304       -63.280002541907564       0.99999576198874562     
   3.9120000953674303       -63.280002593256846       0.99999567634543551     
   3.9130000953674302       -63.280002645643407       0.99999558897079899     
   3.9140000953674301       -63.280002699088236       0.99999549982981073     
   3.9150000953674300       -63.280002753612685       0.99999540888673699     
   3.9160000953674299       -63.280002809238574       0.99999531610511905     
   3.9170000953674298       -63.280002865988145       0.99999522144775976     
   3.9180000953674297       -63.280002923884105       0.99999512487670816     
   3.9190000953674295       -63.280002982949604       0.99999502635324466     
   3.9200000953674294       -63.280003043208268       0.99999492583786476     
   3.9210000953674293       -63.280003104684205       0.99999482329026301     
   3.9220000953674292       -63.280003167401986       0.99999471866931744     
   3.9230000953674291       -63.280003231386722       0.99999461193307271     
   3.9240000953674290       -63.280003296663992       0.99999450303872228     
   3.9250000953674289       -63.280003363259908       0.99999439194259276     
   3.9260000953674288       -63.280003431201102       0.99999427860012435     
   3.9270000953674287       -63.280003500514752       0.99999416296585508     
   3.9280000953674286       -63.280003571228569       0.99999404499339972     
   3.9290000953674284       -63.280003643370868       0.99999392463543357     
   3.9300000953674283       -63.280003716970462       0.99999380184367148     
   3.9310000953674282       -63.280003792056824       0.99999367656884974     
   3.9320000953674281       -63.280003868659975       0.99999354876070434     
   3.9330000953674280       -63.280003946810545       0.99999341836795264     
   3.9340000953674279       -63.280004026539800       0.99999328533827192     
   3.9350000953674278       -63.280004107879634       0.99999314961827668     
   3.9360000953674277       -63.280004190862563       0.99999301115349937     
   3.9370000953674276       -63.280004275521790       0.99999286988836655     
   3.9380000953674275       -63.280004361891166       0.99999272576617748     
   3.9390000953674273       -63.280004450005251       0.99999257872908054     
   3.9400000953674272       -63.280004539899274       0.99999242871804961     
   3.9410000953674271       -63.280004631609188       0.99999227567286064     
   3.9420000953674270       -63.280004725171686       0.99999211953206724     
   3.9430000953674269       -63.280004820624171       0.99999196023297532     
   3.9440000953674268       -63.280004918004835       0.99999179771161695     
   3.9450000953674267       -63.280005017352622       0.99999163190272666     
   3.9460000953674266       -63.280005118707258       0.99999146273971240     
   3.9470000953674265       -63.280005222109281       0.99999129015463006     
   3.9480000953674264       -63.280005327600065       0.99999111407815500     
   3.9490000953674262       -63.280005435221781       0.99999093443955456     
   3.9500000953674261       -63.280005545017481       0.99999075116665859     
   3.9510000953674260       -63.280005657031069       0.99999056418583077     
   3.9520000953674259       -63.280005771307351       0.99999037342193786     
   3.9530000953674258       -63.280005887892031       0.99999017879831964     
   3.9540000953674257       -63.280006006831734       0.99998998023675767     
   3.9550000953674256       -63.280006128174037       0.99998977765744346     
   3.9560000953674255       -63.280006251967450       0.99998957097894492     
   3.9570000953674254       -63.280006378261504       0.99998936011817507     
   3.9580000953674253       -63.280006507106698       0.99998914499035640     
   3.9590000953674251       -63.280006638554561       0.99998892550898733     
   3.9600000953674250       -63.280006772657657       0.99998870158580599     
   3.9610000953674249       -63.280006909469634       0.99998847313075478     
   3.9620000953674248       -63.280007049045196       0.99998824005194376     
   3.9630000953674247       -63.280007191440163       0.99998800225561268     
   3.9640000953674246       -63.280007336711492       0.99998775964609221     
   3.9650000953674245       -63.280007484917263       0.99998751212576587     
   3.9660000953674244       -63.280007636116757       0.99998725959502932     
   3.9670000953674243       -63.280007790370448       0.99998700195224932     
   3.9680000953674242       -63.280007947740010       0.99998673909372304     
   3.9690000953674240       -63.280008108288385       0.99998647091363491     
   3.9700000953674239       -63.280008272079783       0.99998619730401284     
   3.9710000953674238       -63.280008439179696       0.99998591815468441     
   3.9720000953674237       -63.280008609654956       0.99998563335323221     
   3.9730000953674236       -63.280008783573727       0.99998534278494644     
   3.9740000953674235       -63.280008961005571       0.99998504633277818     
   3.9750000953674234       -63.280009142021434       0.99998474387729208     
   3.9760000953674233       -63.280009326693722       0.99998443529661596     
   3.9770000953674232       -63.280009515096268       0.99998412046639118     
   3.9780000953674231       -63.280009707304409       0.99998379925972214     
   3.9790000953674229       -63.280009903395019       0.99998347154712208     
   3.9800000953674228       -63.280010103446507       0.99998313719646204     
   3.9810000953674227       -63.280010307538880       0.99998279607291429     
   3.9820000953674226       -63.280010515753730       0.99998244803889780     
   3.9830000953674225       -63.280010728174339       0.99998209295402118     
   3.9840000953674224       -63.280010944885632       0.99998173067502416     
   3.9850000953674223       -63.280011165974280       0.99998136105571911     
   3.9860000953674222       -63.280011391528689       0.99998098394693002     
   3.9870000953674221       -63.280011621639041       0.99998059919643001     
   3.9880000953674219       -63.280011856397358       0.99998020664887999     
   3.9890000953674218       -63.280012095897504       0.99997980614576221     
   3.9900000953674217       -63.280012340235253       0.99997939752531606     
   3.9910000953674216       -63.280012589508296       0.99997898062246993     
   3.9920000953674215       -63.280012843816309       0.99997855526877222     
   3.9930000953674214       -63.280013103260984       0.99997812129232289     
   3.9940000953674213       -63.280013367945060       0.99997767851605646     
   3.9950000953674212       -63.280013637976275       0.99997722676414158     
   3.9960000953674211       -63.280013913461694       0.99997676585234541     
   3.9970000953674210       -63.280014194511445       0.99997629559423729     
   3.9980000953674208       -63.280014481237892       0.99997581579956363     
   3.9990000953674207       -63.280014773755696       0.99997532627416719     
   4.0000000953674206       -63.280015072181790       0.99997482681990746     
   4.0010000953674210       -63.280015376635518       0.99997431723457630     
   4.0020000953674213       -63.280015687238574       0.99997379731181446     
   4.0030000953674216       -63.280016004115147       0.99997326684102317     
   4.0040000953674220       -63.280016327391934       0.99997272560727735     
   4.0050000953674223       -63.280016657198168       0.99997217339123401     
   4.0060000953674226       -63.280016993665718       0.99997160996904011     
   4.0070000953674230       -63.280017336929085       0.99997103511223939     
   4.0080000953674233       -63.280017687125493       0.99997044858767392     
   4.0090000953674236       -63.280018044394964       0.99996985015738693     
   4.0100000953674240       -63.280018408880309       0.99996923957852279     
   4.0110000953674243       -63.280018780727232       0.99996861660322212     
   4.0120000953674246       -63.280019160084400       0.99996798097851869     
   4.0130000953674250       -63.280019547103436       0.99996733244623159     
   4.0140000953674253       -63.280019941939081       0.99996667074285461     
   4.0150000953674256       -63.280020344749147       0.99996599559944477     
   4.0160000953674260       -63.280020755694643       0.99996530674150963     
   4.0170000953674263       -63.280021174939854       0.99996460388888686     
   4.0180000953674266       -63.280021602652354       0.99996388675562697     
   4.0190000953674270       -63.280022039003100       0.99996315504987043     
   4.0200000953674273       -63.280022484166516       0.99996240847372209     
   4.0210000953674276       -63.280022938320528       0.99996164672312526     
   4.0220000953674280       -63.280023401646645       0.99996086948772966     
   4.0230000953674283       -63.280023874330062       0.99996007645075868     
   4.0240000953674286       -63.280024356559721       0.99995926728887274     
   4.0250000953674290       -63.280024848528328       0.99995844167202996     
   4.0260000953674293       -63.280025350432503       0.99995759926334438     
   4.0270000953674296       -63.280025862472847       0.99995673971893895     
   4.0280000953674300       -63.280026384853976       0.99995586268779812     
   4.0290000953674303       -63.280026917784681       0.99995496781161519     
   4.0300000953674306       -63.280027461477893       0.99995405472463572     
   4.0310000953674310       -63.280028016150929       0.99995312305349981     
   4.0320000953674313       -63.280028582025402       0.99995217241707834     
   4.0330000953674316       -63.280029159327455       0.99995120242630708     
   4.0340000953674320       -63.280029748287760       0.99995021268401751     
   4.0350000953674323       -63.280030349141661       0.99994920278476085     
   4.0360000953674326       -63.280030962129217       0.99994817231463096     
   4.0370000953674330       -63.280031587495380       0.99994712085108362     
   4.0380000953674333       -63.280032225489990       0.99994604796274922     
   4.0390000953674337       -63.280032876367962       0.99994495320924193     
   4.0400000953674340       -63.280033540389319       0.99994383614096616     
   4.0410000953674343       -63.280034217819349       0.99994269629891708     
   4.0420000953674347       -63.280034908928677       0.99994153321447643     
   4.0430000953674350       -63.280035613993398       0.99994034640920526     
   4.0440000953674353       -63.280036333295165       0.99993913539462953     
   4.0450000953674357       -63.280037067121299       0.99993789967202129     
   4.0460000953674360       -63.280037815764921       0.99993663873217764     
   4.0470000953674363       -63.280038579525062       0.99993535205518969     
   4.0480000953674367       -63.280039358706773       0.99993403911021250     
   4.0490000953674370       -63.280040153621265       0.99993269935522155     
   4.0500000953674373       -63.280040964586000       0.99993133223677111     
   4.0510000953674377       -63.280041791924852       0.99992993718974121     
   4.0520000953674380       -63.280042635968229       0.99992851363708402     
   4.0530000953674383       -63.280043497053164       0.99992706098955864     
   4.0540000953674387       -63.280044375523509       0.99992557864546372     
   4.0550000953674390       -63.280045271730025       0.99992406599036154     
   4.0560000953674393       -63.280046186030560       0.99992252239679813     
   4.0570000953674397       -63.280047118790137       0.99992094722401192     
   4.0580000953674400       -63.280048070381163       0.99991933981764036     
   4.0590000953674403       -63.280049041183510       0.99991769950941778     
   4.0600000953674407       -63.280050031584743       0.99991602561686321     
   4.0610000953674410       -63.280051041980172       0.99991431744296710     
   4.0620000953674413       -63.280052072773124       0.99991257427586155     
   4.0630000953674417       -63.280053124374994       0.99991079538849215     
   4.0640000953674420       -63.280054197205494       0.99990898003827233     
   4.0650000953674423       -63.280055291692761       0.99990712746673827     
   4.0660000953674427       -63.280056408273559       0.99990523689918909     
   4.0670000953674430       -63.280057547393433       0.99990330754431822     
   4.0680000953674433       -63.280058709506896       0.99990133859384100     
   4.0690000953674437       -63.280059895077585       0.99989932922210778     
   4.0700000953674440       -63.280061104578479       0.99989727858570754     
   4.0710000953674443       -63.280062338492080       0.99989518582306613     
   4.0720000953674447       -63.280063597310566       0.99989305005402951     
   4.0730000953674450       -63.280064881536006       0.99989087037943924     
   4.0740000953674453       -63.280066191680604       0.99988864588069559     
   4.0750000953674457       -63.280067528266798       0.99988637561931037     
   4.0760000953674460       -63.280068891827582       0.99988405863644969     
   4.0770000953674463       -63.280070282906593       0.99988169395246074     
   4.0780000953674467       -63.280071702058450       0.99987928056639463     
   4.0790000953674470       -63.280073149848874       0.99987681745550461     
   4.0800000953674473       -63.280074626854962       0.99987430357474316     
   4.0810000953674477       -63.280076133665382       0.99987173785623940     
   4.0820000953674480       -63.280077670880630       0.99986911920876587     
   4.0830000953674483       -63.280079239113249       0.99986644651718726     
   4.0840000953674487       -63.280080838988063       0.99986371864190005     
   4.0850000953674490       -63.280082471142435       0.99986093441825219     
   4.0860000953674493       -63.280084136226513       0.99985809265595238     
   4.0870000953674497       -63.280085834903474       0.99985519213845853     
   4.0880000953674500       -63.280087567849783       0.99985223162235304     
   4.0890000953674503       -63.280089335755477       0.99984920983670023     
   4.0900000953674507       -63.280091139324391       0.99984612548238783     
   4.0910000953674510       -63.280092979274485       0.99984297723144611     
   4.0920000953674514       -63.280094856338074       0.99983976372635464     
   4.0930000953674517       -63.280096771262123       0.99983648357932398     
   4.0940000953674520       -63.280098724808553       0.99983313537156493     
   4.0950000953674524       -63.280100717754536       0.99982971765252560     
   4.0960000953674527       -63.280102750892773       0.99982622893912276     
   4.0970000953674530       -63.280104825031806       0.99982266771493622     
   4.0980000953674534       -63.280106940988134       0.99981903241576076     
   4.0990000953674537       -63.280109099618635       0.99981532148213581     
   4.1000000953674540       -63.280111301773701       0.99981153328004124     
   4.1010000953674544       -63.280113548328423       0.99980766615126770     
   4.1020000953674547       -63.280115840175348       0.99980371839992355     
   4.1030000953674550       -63.280118178224789       0.99979968829149179     
   4.1040000953674554       -63.280120563405227       0.99979557405185426     
   4.1050000953674557       -63.280122996663636       0.99979137386629213     
   4.1060000953674560       -63.280125478965829       0.99978708587845333     
   4.1070000953674564       -63.280128011296853       0.99978270818929149     
   4.1080000953674567       -63.280130594661337       0.99977823885597183     
   4.1090000953674570       -63.280133230083877       0.99977367589074440     
   4.1100000953674574       -63.280135918609417       0.99976901725978606     
   4.1110000953674577       -63.280138661303646       0.99976426088200177     
   4.1120000953674580       -63.280141459253407       0.99975940462779589     
   4.1130000953674584       -63.280144313567071       0.99975444631779864     
   4.1140000953674587       -63.280147225374954       0.99974938372156263     
   4.1150000953674590       -63.280150195829791       0.99974421455620621     
   4.1160000953674594       -63.280153226107089       0.99973893648502754     
   4.1170000953674597       -63.280156317405577       0.99973354711606410     
   4.1180000953674600       -63.280159470947666       0.99972804400061399     
   4.1190000953674604       -63.280162687979896       0.99972242463170824     
   4.1200000953674607       -63.280165969773357       0.99971668644252842     
   4.1210000953674610       -63.280169317624178       0.99971082680478152     
   4.1220000953674614       -63.280172732853991       0.99970484302701834     
   4.1230000953674617       -63.280176216810382       0.99969873235289342     
   4.1240000953674620       -63.280179770867399       0.99969249195937226     
   4.1250000953674624       -63.280183396426033       0.99968611895487880     
   4.1260000953674627       -63.280187094914702       0.99967961037737563     
   4.1270000953674630       -63.280190867789763       0.99967296319238441     
   4.1280000953674634       -63.280194716536002       0.99966617429094018     
   4.1290000953674637       -63.280198642667195       0.99965924048746946     
   4.1300000953674640       -63.280202647726561       0.99965215851760014     
   4.1310000953674644       -63.280206733287358       0.99964492503589397     
   4.1320000953674647       -63.280210900953364       0.99963753661350019     
   4.1330000953674650       -63.280215152359460       0.99962998973572548     
   4.1340000953674654       -63.280219489172119       0.99962228079951665     
   4.1350000953674657       -63.280223913090040       0.99961440611085617     
   4.1360000953674660       -63.280228425844626       0.99960636188206120     
   4.1370000953674664       -63.280233029200588       0.99959814422898507     
   4.1380000953674667       -63.280237724956514       0.99958974916811583     
   4.1390000953674670       -63.280242514945400       0.99958117261356805     
   4.1400000953674674       -63.280247401035282       0.99957241037396327     
   4.1410000953674677       -63.280252385129778       0.99956345814918812     
   4.1420000953674680       -63.280257469168667       0.99955431152703944     
   4.1430000953674684       -63.280262655128517       0.99954496597972986     
   4.1440000953674687       -63.280267945023191       0.99953541686026959     
   4.1450000953674691       -63.280273340904529       0.99952565939869542     
   4.1460000953674694       -63.280278844862856       0.99951568869816410     
   4.1470000953674697       -63.280284459027605       0.99950549973088443     
   4.1480000953674701       -63.280290185567921       0.99949508733388537     
   4.1490000953674704       -63.280296026669404       0.99948444616510368     
   4.1500000953674707       -63.280301984627272       0.99947357085253674     
   4.1510000953674711       -63.280308061711750       0.99946245576489867     
   4.1520000953674714       -63.280314260256468       0.99945109515262709     
   4.1530000953674717       -63.280320582637621       0.99943948310710118     
   4.1540000953674721       -63.280327031274510       0.99942761355525123     
   4.1550000953674724       -63.280333608630087       0.99941548025394011     
   4.1560000953674727       -63.280340317211461       0.99940307678410389     
   4.1570000953674731       -63.280347159570439       0.99939039654464035     
   4.1580000953674734       -63.280354138304013       0.99937743274602553     
   4.1590000953674737       -63.280361256054817       0.99936417840364999     
   4.1600000953674741       -63.280368515511611       0.99935062633085969     
   4.1610000953674744       -63.280375919409693       0.99933676913167968     
   4.1620000953674747       -63.280383470531291       0.99932259919320610     
   4.1630000953674751       -63.280391171705951       0.99930810867765152     
   4.1640000953674754       -63.280399025810844       0.99929328951401564     
   4.1650000953674757       -63.280407035771070       0.99927813338936688     
   4.1660000953674761       -63.280415204559922       0.99926263173970986     
   4.1670000953674764       -63.280423535199049       0.99924677574041310     
   4.1680000953674767       -63.280432030758597       0.99923055629617352     
   4.1690000953674771       -63.280440694357310       0.99921396403048979     
   4.1700000953674774       -63.280449529162524       0.99919698927460654     
   4.1710000953674777       -63.280458538390128       0.99917962205591504     
   4.1720000953674781       -63.280467725304334       0.99916185208575492     
   4.1730000953674784       -63.280477093217570       0.99914366874659788     
   4.1740000953674787       -63.280486645489979       0.99912506107855847     
   4.1750000953674791       -63.280496385529098       0.99910601776520858     
   4.1760000953674794       -63.280506316789200       0.99908652711862134     
   4.1770000953674797       -63.280516442770576       0.99906657706362922     
   4.1780000953674801       -63.280526766976983       0.99904615505203642     
   4.1790000953674804       -63.280537293075753       0.99902524831225348     
   4.1800000953674807       -63.280548024662643       0.99900384344304693     
   4.1810000953674811       -63.280558965411579       0.99898192664454433     
   4.1820000953674814       -63.280570119036362       0.99895948363676801     
   4.1830000953674817       -63.280581489288743       0.99893649963777464     
   4.1840000953674821       -63.280593079956297       0.99891295934051494     
   4.1850000953674824       -63.280604894859984       0.99888884688830915     
   4.1860000953674827       -63.280616937851349       0.99886414584885241     
   4.1870000953674831       -63.280629212809458       0.99883883918663352     
   4.1880000953674834       -63.280641723637288       0.99881290923364119     
   4.1890000953674837       -63.280654474257830       0.99878633765823610     
   4.1900000953674841       -63.280667468609643       0.99875910543204294     
   4.1910000953674844       -63.280680710641874       0.99873119279470146     
   4.1920000953674847       -63.280694204308730       0.99870257921631411     
   4.1930000953674851       -63.280707953563251       0.99867324335739349     
   4.1940000953674854       -63.280721962350434       0.99864316302611822     
   4.1950000953674857       -63.280736234599516       0.99861231513265192     
   4.1960000953674861       -63.280750774215413       0.99858067564029562     
   4.1970000953674864       -63.280765585005710       0.99854821940836380     
   4.1980000953674868       -63.280780670913067       0.99851492053760049     
