   3.9000000953674316       -47.928718504216263       0.46079662789767478     
   3.9010000953674315       -47.937178017614080       0.45716096334833373     
   3.9020000953674314       -47.945687640249893       0.45352976030148068     
   3.9030000953674313       -47.954247444425782       0.44990361558544295     
   3.9040000953674312       -47.962857513170860       0.44628312402811071     
   3.9050000953674311       -47.971517939147247       0.44266887746465605     
   3.9060000953674310       -47.980228823647906       0.43906146378895078     
   3.9070000953674309       -47.988990275680955       0.43546146604429420     
   3.9080000953674308       -47.997802411133968       0.43186946156284911     
   3.9090000953674306       -48.006665352011737       0.42828602114530695     
   3.9100000953674305       -48.015579225741654       0.42471170828528332     
   3.9110000953674304       -48.024544164541595       0.42114707843763027     
   3.9120000953674303       -48.033560304844954       0.41759267832865160     
   3.9130000953674302       -48.042627786778276       0.41404904531190678     
   3.9140000953674301       -48.051746753687368       0.41051670676305824     
   3.9150000953674300       -48.060917351707495       0.40699617951858330     
   3.9160000953674299       -48.070139729374219       0.40348796935696724     
   3.9170000953674298       -48.079414037271277       0.39999257051547438     
   3.9180000953674297       -48.088740427712686       0.39651046525662142     
   3.9190000953674295       -48.098119054455232       0.39304212346244088     
   3.9200000953674294       -48.107550072439700       0.38958800227522516     
   3.9210000953674293       -48.117033637557626       0.38614854577508179     
   3.9220000953674292       -48.126569906441233       0.38272418468948138     
   3.9230000953674291       -48.136159036274712       0.37931533614396540     
   3.9240000953674290       -48.145801184624816       0.37592240344531813     
   3.9250000953674289       -48.155496509288362       0.37254577589807675     
   3.9260000953674288       -48.165245168155799       0.36918582865453303     
   3.9270000953674287       -48.175047319088655       0.36584292259684487     
   3.9280000953674286       -48.184903119809618       0.36251740424887369     
   3.9290000953674284       -48.194812727804006       0.35920960571841160     
   3.9300000953674283       -48.204776300231103       0.35591984466680610     
   3.9310000953674282       -48.214793993844722       0.35264842430650994     
   3.9320000953674281       -48.224865964921406       0.34939563342354196     
   3.9330000953674280       -48.234992369195901       0.34616174642735853     
   3.9340000953674279       -48.245173361802443       0.34294702342159405     
   3.9350000953674278       -48.255409097221580       0.33975171029821682     
   3.9360000953674277       -48.265699729231393       0.33657603885482484     
   3.9370000953674276       -48.276045410862842       0.33342022692946355     
   3.9380000953674275       -48.286446294358242       0.33028447855576454     
   3.9390000953674273       -48.296902531132687       0.32716898413658463     
   3.9400000953674272       -48.307414271737535       0.32407392063306628     
   3.9410000953674271       -48.317981665825883       0.32099945176930361     
   3.9420000953674270       -48.328604862119406       0.31794572825352013     
   3.9430000953674269       -48.339284008376325       0.31491288801027384     
   3.9440000953674268       -48.350019251359704       0.31190105642522520     
   3.9450000953674267       -48.360810736806776       0.30891034660286359     
   3.9460000953674266       -48.371658609397798       0.30594085963191769     
   3.9470000953674265       -48.382563012725335       0.30299268486268210     
   3.9480000953674264       -48.393524089262819       0.30006590018980822     
   3.9490000953674262       -48.404541980333022       0.29716057234450077     
   3.9500000953674261       -48.415616826075450       0.29427675719097823     
   3.9510000953674260       -48.426748765413450       0.29141450003012698     
   3.9520000953674259       -48.437937936020127       0.28857383590707736     
   3.9530000953674258       -48.449184474283236       0.28575478992084835     
   3.9540000953674257       -48.460488515269290       0.28295737754034689     
   3.9550000953674256       -48.471850192686148       0.28018160491700611     
   3.9560000953674255       -48.483269638844902       0.27742746920514683     
   3.9570000953674254       -48.494746984620171       0.27469495887807294     
   3.9580000953674253       -48.506282359409326       0.27198405404561343     
   3.9590000953674251       -48.517875891090370       0.26929472677053445     
   3.9600000953674250       -48.529527705978865       0.26662694138584736     
   3.9610000953674249       -48.541237928783197       0.26398065480549016     
   3.9620000953674248       -48.553006682559001       0.26135581683787829     
   3.9630000953674247       -48.564834088662295       0.25875237049196820     
   3.9640000953674246       -48.576720266701301       0.25617025228163032     
   3.9650000953674245       -48.588665334487537       0.25360939252719539     
   3.9660000953674244       -48.600669407985528       0.25106971565083203     
   3.9670000953674243       -48.612732601261705       0.24855114046735219     
   3.9680000953674242       -48.624855026432272       0.24605358047008649     
   3.9690000953674240       -48.637036793610285       0.24357694411156652     
   3.9700000953674239       -48.649278010852015       0.24112113507875041     
   3.9710000953674238       -48.661578784102410       0.23868605256065853     
   3.9720000953674237       -48.673939217139981       0.23627159151027999     
   3.9730000953674236       -48.686359411521359       0.23387764290168325     
   3.9740000953674235       -48.698839466524980       0.23150409397755645     
   3.9750000953674234       -48.711379479094681       0.22915082849105353     
   3.9760000953674233       -48.723979543782946       0.22681772694136323     
   3.9770000953674232       -48.736639752693833       0.22450466680100578     
   3.9780000953674231       -48.749360195425908       0.22221152273497349     
   3.9790000953674229       -48.762140959015035       0.21993816681441195     
   3.9800000953674228       -48.774982127877365       0.21768446872146030     
   3.9810000953674227       -48.787883783752342       0.21545029594626630     
   3.9820000953674226       -48.800846005645994       0.21323551397664023     
   3.9830000953674225       -48.813868869774744       0.21103998648066655     
   3.9840000953674224       -48.826952449509299       0.20886357547892978     
   3.9850000953674223       -48.840096815319434       0.20670614151362776     
   3.9860000953674222       -48.853302034719171       0.20456754380325426     
   3.9870000953674221       -48.866568172212723       0.20244764039460370     
   3.9880000953674219       -48.879895289241340       0.20034628830449908     
   3.9890000953674218       -48.893283444130923       0.19826334365256434     
   3.9900000953674217       -48.906732692040755       0.19619866178642123     
   3.9910000953674216       -48.920243084913210       0.19415209739751782     
   3.9920000953674215       -48.933814671424848       0.19212350462905037     
   3.9930000953674214       -48.947447496938551       0.19011273717202259     
   3.9940000953674213       -48.961141603457307       0.18811964835328496     
   3.9950000953674212       -48.974897029579395       0.18614409121184264     
   3.9960000953674211       -48.988713810455160       0.18418591856306277     
   3.9970000953674210       -49.002591977745723       0.18224498305053730     
   3.9980000953674208       -49.016531559583420       0.18032113718250878     
   3.9990000953674207       -49.030532580534363       0.17841423335232290     
   4.0000000953674206       -49.044595061563335       0.17652412383952473     
   4.0010000953674210       -49.058719020001071       0.17465066078978428     
   4.0020000953674213       -49.072904469514164       0.17279369616658502     
   4.0030000953674216       -49.087151420078115       0.17095308167470225     
   4.0040000953674220       -49.101459873617181       0.16912864357559240     
   4.0050000953674223       -49.115829840816694       0.16732027976651520     
   4.0060000953674226       -49.130261316572401       0.16552781791800961     
   4.0070000953674230       -49.144754295892099       0.16375110701348036     
   4.0080000953674233       -49.159308770015912       0.16198999464385413     
   4.0090000953674236       -49.173924726417248       0.16024432654813550     
   4.0100000953674240       -49.188602148810993       0.15851394603086252     
   4.0110000953674243       -49.203341017170814       0.15679869323092990     
   4.0120000953674246       -49.218141307756582       0.15509840420431162     
   4.0130000953674250       -49.233002993154344       0.15341290977884089     
   4.0140000953674253       -49.247926042331009       0.15174203412425014     
   4.0150000953674256       -49.262910420706831       0.15008559297105356     
   4.0160000953674260       -49.277956090249255       0.14844339138986862     
   4.0170000953674263       -49.293063009592565       0.14681522102336633     
   4.0180000953674266       -49.308231134188716       0.14520085662969448     
   4.0190000953674270       -49.323460416495905       0.14360005175861049     
   4.0200000953674273       -49.338750806212765       0.14201253332640532     
   4.0210000953674276       -49.354102250567834       0.14043799478154237     
   4.0220000953674280       -49.369514694675665       0.13887608745087010     
   4.0230000953674283       -49.384988081973283       0.13732640950832645     
   4.0240000953674286       -49.400522354752837       0.13578849179671340     
   4.0250000953674290       -49.416117454808770       0.13426177941871534     
   4.0260000953674293       -49.431773324219407       0.13274560753514644     
   4.0270000953674296       -49.447489905531491       0.13123915366494063     
   4.0280000953674300       -49.463267145723485       0.12974144438493870     
   4.0290000953674303       -49.479104993363286       0.12825122524257143     
   4.0300000953674306       -49.495003402651577       0.12676691299476031     
   4.0310000953674310       -49.510962334196066       0.12528645450630879     
   4.0320000953674313       -49.526981755920055       0.12380709788477696     
   4.0330000953674316       -49.543061643390615       0.12232513264306989     
   4.0340000953674320       -49.559201975516601       0.12083521005207194     
   4.0350000953674323       -49.575402722095077       0.11932936044425703     
   4.0360000953674326       -49.591663802734693       0.11779470234363582     
   4.0370000953674330       -49.607984954284966       0.11620801438029447     
   4.0380000953674333       -49.624365204216055       0.11451863284377879     
   4.0390000953674337       -49.640799375157840       0.11255686219329808     
   4.0400000953674340       -51.512607290082315       0.35728321642719468     
   4.0410000953674343       -51.527663215470824       0.35495402238698831     
   4.0420000953674347       -51.542778255604482       0.35264927845861732     
   4.0430000953674350       -51.557952138316388       0.35036884619561376     
   4.0440000953674353       -51.573184590845891       0.34811258281523116     
   4.0450000953674357       -51.588475339871124       0.34588034145172469     
   4.0460000953674360       -51.603824111540511       0.34367197140186234     
   4.0470000953674363       -51.619230631502653       0.34148731836412405     
   4.0480000953674367       -51.634694624934582       0.33932622467212764     
   4.0490000953674370       -51.650215816568853       0.33718852951955475     
   4.0500000953674373       -51.665793930719140       0.33507406918032306     
   4.0510000953674377       -51.681428691304731       0.33298267722024416     
   4.0520000953674380       -51.697119821873450       0.33091418470334205     
   4.0530000953674383       -51.712867045623547       0.32886842039082925     
   4.0540000953674387       -51.728670085424369       0.32684521093393332     
   4.0550000953674390       -51.744528663835872       0.32484438105920765     
   4.0560000953674393       -51.760442503126868       0.32286575374819876     
   4.0570000953674397       -51.776411325292280       0.32090915041087748     
   4.0580000953674400       -51.792434852069107       0.31897439105189207     
   4.0590000953674403       -51.808512804951640       0.31706129443044256     
   4.0600000953674407       -51.824644905205091       0.31516967821532010     
   4.0610000953674410       -51.840830873878666       0.31329935913199841     
   4.0620000953674413       -51.857070431817064       0.31145015310575680     
   4.0630000953674417       -51.873363299671460       0.30962187539672642     
   4.0640000953674420       -51.889709197908921       0.30781434073114905     
   4.0650000953674423       -51.906107846821101       0.30602736342566478     
   4.0660000953674427       -51.922558966531660       0.30426075750654535     
   4.0670000953674430       -51.939062277002947       0.30251433682357126     
   4.0680000953674433       -51.955617498041072       0.30078791515872072     
   4.0690000953674437       -51.972224349300561       0.29908130632938701     
   4.0700000953674440       -51.988882550287428       0.29739432428627061     
   4.0710000953674443       -52.005591820361545       0.29572678320733997     
   4.0720000953674447       -52.022351878737631       0.29407849758625187     
   4.0730000953674450       -52.039162444485477       0.29244928231636552     
   4.0740000953674453       -52.056023236528816       0.29083895277032151     
   4.0750000953674457       -52.072933973643387       0.28924732487452004     
   4.0760000953674460       -52.089894374453728       0.28767421518148822     
   4.0770000953674463       -52.106904157429099       0.28611944093464386     
   4.0780000953674467       -52.123963040878209       0.28458282013235131     
   4.0790000953674470       -52.141070742942937       0.28306417158722508     
   4.0800000953674473       -52.158226981591213       0.28156331497965792     
   4.0810000953674477       -52.175431474608608       0.28008007091083004     
   4.0820000953674480       -52.192683939589088       0.27861426095060393     
   4.0830000953674483       -52.209984093924994       0.27716570768199961     
   4.0840000953674487       -52.227331654795854       0.27573423474250958     
   4.0850000953674490       -52.244726339156237       0.27431966686363252     
   4.0860000953674493       -52.262167863723249       0.27292182990503261     
   4.0870000953674497       -52.279655944962528       0.27154055088835799     
   4.0880000953674500       -52.297190299074209       0.27017565802637017     
   4.0890000953674503       -52.314770641977574       0.26882698075039951     
   4.0900000953674507       -52.332396689295450       0.26749434973556752     
   4.0910000953674510       -52.350068156337919       0.26617759692241355     
   4.0920000953674514       -52.367784758085548       0.26487655553723938     
   4.0930000953674517       -52.385546209171977       0.26359106011059080     
   4.0940000953674520       -52.403352223866513       0.26232094649205062     
   4.0950000953674524       -52.421202516056312       0.26106605186447362     
   4.0960000953674527       -52.439096799228061       0.25982621475605217     
   4.0970000953674530       -52.457034786450102       0.25860127505039210     
   4.0980000953674534       -52.475016190354140       0.25739107399452149     
   4.0990000953674537       -52.493040723117254       0.25619545420639012     
   4.1000000953674540       -52.511108096444033       0.25501425967947533     
   4.1010000953674544       -52.529218021549013       0.25384733578709490     
   4.1020000953674547       -52.547370209139658       0.25269452928445535     
   4.1030000953674550       -52.565564369399510       0.25155568831067376     
   4.1040000953674554       -52.583800211972587       0.25043066238770395     
   4.1050000953674557       -52.602077445947813       0.24931930242026015     
   4.1060000953674560       -52.620395779844799       0.24822146069290082     
   4.1070000953674564       -52.638754921600516       0.24713699086746962     
   4.1080000953674567       -52.657154578556849       0.24606574797889480     
   4.1090000953674570       -52.675594457449613       0.24500758843015369     
   4.1100000953674574       -52.694074264398708       0.24396236998671639     
   4.1110000953674577       -52.712593704899703       0.24292995177063284     
   4.1120000953674580       -52.731152483817120       0.24191019425248930     
   4.1130000953674584       -52.749750305379138       0.24090295924470465     
   4.1140000953674587       -52.768386873174080       0.23990810989309827     
   4.1150000953674590       -52.787061890148848       0.23892551066773027     
   4.1160000953674594       -52.805775058609221       0.23795502735435217     
   4.1170000953674597       -52.824526080222029       0.23699652704469454     
   4.1180000953674600       -52.843314656019672       0.23604987812618319     
   4.1190000953674604       -52.862140486406574       0.23511495027202189     
   4.1200000953674607       -52.881003271168012       0.23419161443072975     
   4.1210000953674610       -52.899902709481239       0.23327974281489391     
   4.1220000953674614       -52.918838499928903       0.23237920889065036     
   4.1230000953674617       -52.937810340514858       0.23148988736612539     
   4.1240000953674620       -52.956817928682604       0.23061165418057425     
   4.1250000953674624       -52.975860961335854       0.22974438649242554     
   4.1260000953674627       -52.994939134862072       0.22888796266777178     
   4.1270000953674630       -53.014052145158054       0.22804226226932026     
   4.1280000953674634       -53.033199687658332       0.22720716604427385     
   4.1290000953674637       -53.052381457366103       0.22638255591228731     
   4.1300000953674640       -53.071597148886397       0.22556831495485197     
   4.1310000953674644       -53.090846456462117       0.22476432740262164     
   4.1320000953674647       -53.110129074012221       0.22397047862450772     
   4.1330000953674650       -53.129444695172438       0.22318665511565886     
   4.1340000953674654       -53.148793013338555       0.22241274448599535     
   4.1350000953674657       -53.168173721711618       0.22164863544928667     
   4.1360000953674660       -53.187586513345835       0.22089421781108295     
   4.1370000953674664       -53.207031081198267       0.22014938245830432     
   4.1380000953674667       -53.226507118181004       0.21941402134737806     
   4.1390000953674670       -53.246014317215113       0.21868802749378860     
   4.1400000953674674       -53.265552371286546       0.21797129496095580     
   4.1410000953674677       -53.285120973504000       0.21726371884977835     
   4.1420000953674680       -53.304719817158393       0.21656519528789644     
   4.1430000953674684       -53.324348595784052       0.21587562141904770     
   4.1440000953674687       -53.344007003221229       0.21519489539312076     
   4.1450000953674691       -53.363694733680148       0.21452291635608570     
   4.1460000953674694       -53.383411481806320       0.21385958443987549     
   4.1470000953674697       -53.403156942746755       0.21320480075233270     
   4.1480000953674701       -53.422930812217444       0.21255846736826381     
   4.1490000953674704       -53.442732786571419       0.21192048731890556     
   4.1500000953674707       -53.462562562867745       0.21129076458390039     
   4.1510000953674711       -53.482419838940935       0.21066920408077836     
   4.1520000953674714       -53.502304313470752       0.21005571165716139     
   4.1530000953674717       -53.522215686052483       0.20945019408092250     
   4.1540000953674721       -53.542153657267072       0.20885255903235675     
   4.1550000953674724       -53.562117928751533       0.20826271509472952     
   4.1560000953674727       -53.582108203269037       0.20768057174676172     
   4.1570000953674731       -53.602124184778710       0.20710603935383332     
   4.1580000953674734       -53.622165578505061       0.20653902916003583     
   4.1590000953674737       -53.642232091006839       0.20597945328009848     
   4.1600000953674741       -53.662323430245117       0.20542722469199251     
   4.1610000953674744       -53.682439305650696       0.20488225722871567     
   4.1620000953674747       -53.702579428190383       0.20434446557112040     
   4.1630000953674751       -53.722743510432359       0.20381376524017439     
   4.1640000953674754       -53.742931266610171       0.20329007259010790     
   4.1650000953674757       -53.763142412685561       0.20277330480081415     
   4.1660000953674761       -53.783376666409865       0.20226337987107054     
   4.1670000953674764       -53.803633747383806       0.20176021661133534     
   4.1680000953674767       -53.823913377115751       0.20126373463741265     
   4.1690000953674771       -53.844215279078206       0.20077385436305120     
   4.1700000953674774       -53.864539178762612       0.20029049699397619     
   4.1710000953674777       -53.884884803732099       0.19981358452087583     
   4.1720000953674781       -53.905251883672527       0.19934303971341541     
   4.1730000953674784       -53.925640150441282       0.19887878611334231     
   4.1740000953674787       -53.946049338114165       0.19842074802896847     
   4.1750000953674791       -53.966479183030053       0.19796885052850846     
   4.1760000953674794       -53.986929423833452       0.19752301943395412     
   4.1770000953674797       -54.007399801514850       0.19708318131550864     
   4.1780000953674801       -54.027890059448666       0.19664926348537706     
   4.1790000953674804       -54.048399943429189       0.19622119399180407     
   4.1800000953674807       -54.068929201703888       0.19579890161366631     
   4.1810000953674811       -54.089477585004701       0.19538231585451296     
   4.1820000953674814       -54.110044846576791       0.19497136693702907     
   4.1830000953674817       -54.130630742205142       0.19456598579729589     
   4.1840000953674821       -54.151235030238624       0.19416610407933513     
   4.1850000953674824       -54.171857471611965       0.19377165412977504     
   4.1860000953674827       -54.192497829865026       0.19338256899241588     
   4.1870000953674831       -54.213155871160424       0.19299878240267901     
   4.1880000953674834       -54.233831364298169       0.19262022878239174     
   4.1890000953674837       -54.254524080728551       0.19224684323445032     
   4.1900000953674841       -54.275233794562524       0.19187856153786623     
   4.1910000953674844       -54.295960282580118       0.19151532014230779     
   4.1920000953674847       -54.316703324236634       0.19115705616288015     
   4.1930000953674851       -54.337462701666531       0.19080370737554678     
   4.1940000953674854       -54.358238199685729       0.19045521221125358     
   4.1950000953674857       -54.379029605791381       0.19011150975181379     
   4.1960000953674861       -54.399836710160102       0.18977253972396035     
   4.1970000953674864       -54.420659305643987       0.18943824249531491     
   4.1980000953674868       -54.441497187765130       0.18910855906862103     
