   4.0999999999999996       -67.240057110333325        2.4150537216758847     
   4.0989999999999993       -67.219389933627170        2.4148623780139107     
   4.0979999999999990       -67.198730400906499        2.4146705507408548     
   4.0969999999999986       -67.178078514769126        2.4144782385888175     
   4.0959999999999983       -67.157434310622605        2.4142854400034621     
   4.0949999999999980       -67.136797776715767        2.4140921538335807     
   4.0939999999999976       -67.116168948360766        2.4138983785184251     
   4.0929999999999973       -67.095547845323637        2.4137041126274670     
   4.0919999999999970       -67.074934487426219        2.4135093547260866     
   4.0909999999999966       -67.054328894547552        2.4133141033752272     
   4.0899999999999963       -67.033731086621302        2.4131183571318222     
   4.0889999999999960       -67.013141083638402        2.4129221145483624     
   4.0879999999999956       -66.992558905646078        2.4127253741730930     
   4.0869999999999953       -66.971984572747076        2.4125281345502034     
   4.0859999999999950       -66.951418105100444        2.4123303942195444     
   4.0849999999999946       -66.930859522921978        2.4121321517168171     
   4.0839999999999943       -66.910308846484895        2.4119334055732478     
   4.0829999999999940       -66.889766096118038        2.4117341543160857     
   4.0819999999999936       -66.869231292207985        2.4115343964681739     
   4.0809999999999933       -66.848704455197321        2.4113341305482541     
   4.0799999999999930       -66.828185605586938        2.4111333550706551     
   4.0789999999999926       -66.807674763935140        2.4109320685453928     
   4.0779999999999923       -66.787171950855438        2.4107302694785537     
   4.0769999999999920       -66.766677187020434        2.4105279563718156     
   4.0759999999999916       -66.746190493159915        2.4103251277225515     
   4.0749999999999913       -66.725711890061575        2.4101217820239031     
   4.0739999999999910       -66.705241398570578        2.4099179177648264     
   4.0729999999999906       -66.684779039589117        2.4097135334301107     
   4.0719999999999903       -66.664324834079352        2.4095086275000628     
   4.0709999999999900       -66.643878803059323        2.4093031984509854     
   4.0699999999999896       -66.623440967607294        2.4090972447546974     
   4.0689999999999893       -66.603011348857521        2.4088907648791382     
   4.0679999999999890       -66.582589968004925        2.4086837572875983     
   4.0669999999999886       -66.562176846300432        2.4084762204395087     
   4.0659999999999883       -66.541772005055506        2.4082681527898813     
   4.0649999999999880       -66.521375465639636        2.4080595527894508     
   4.0639999999999876       -66.500987249480858        2.4078504188848444     
   4.0629999999999873       -66.480607378066551        2.4076407495184231     
   4.0619999999999870       -66.460235872941979        2.4074305431283434     
   4.0609999999999866       -66.439872755712557        2.4072197981485437     
   4.0599999999999863       -66.419518048041823        2.4070085130088104     
   4.0589999999999860       -66.399171771653911        2.4067966861344989     
   4.0579999999999856       -66.378833948329955        2.4065843159472218     
   4.0569999999999853       -66.358504599912905        2.4063714008639585     
   4.0559999999999850       -66.338183748304800        2.4061579392974615     
   4.0549999999999846       -66.317871415464538        2.4059439296569063     
   4.0539999999999843       -66.297567623413983        2.4057293703466511     
   4.0529999999999839       -66.277272394232980        2.4055142597671915     
   4.0519999999999836       -66.256985750061347        2.4052985963147830     
   4.0509999999999833       -66.236707713099179        2.4050823783815325     
   4.0499999999999829       -66.216438305606502        2.4048656043554035     
   4.0489999999999826       -66.196177549901861        2.4046482726203480     
   4.0479999999999823       -66.175925468367623        2.4044303815557093     
   4.0469999999999819       -66.155682083442272        2.4042119295372406     
   4.0459999999999816       -66.135447417626281        2.4039929149364228     
   4.0449999999999813       -66.115221493480462        2.4037733361205853     
   4.0439999999999809       -66.095004333625241        2.4035531914530330     
   4.0429999999999806       -66.074795960743103        2.4033324792927324     
   4.0419999999999803       -66.054596397574812        2.4031111979950075     
   4.0409999999999799       -66.034405666923419        2.4028893459107006     
   4.0399999999999796       -66.014223791652867        2.4026669213866643     
   4.0389999999999793       -65.994050794686245        2.4024439227660164     
   4.0379999999999789       -65.973886699007124        2.4022203483876190     
   4.0369999999999786       -65.953731527662711        2.4019961965861527     
   4.0359999999999783       -65.933585303758548        2.4017714656925189     
   4.0349999999999779       -65.913448050462364        2.4015461540334861     
   4.0339999999999776       -65.893319791001446        2.4013202599320191     
   4.0329999999999773       -65.873200548665054        2.4010937817070053     
   4.0319999999999769       -65.853090346804237        2.4008667176731637     
   4.0309999999999766       -65.832989208829986        2.4006390661415709     
   4.0299999999999763       -65.812897158214113        2.4004108254194070     
   4.0289999999999759       -65.792814218492040        2.4001819938095097     
   4.0279999999999756       -65.772740413257111        2.3999525696112993     
   4.0269999999999753       -65.752675766166291        2.3997225511200333     
   4.0259999999999749       -65.732620300937072        2.3994919366271650     
   4.0249999999999746       -65.712574041347992        2.3992607244203348     
   4.0239999999999743       -65.692537011240191        2.3990289127832765     
   4.0229999999999739       -65.672509218339343        2.3987965001408207     
   4.0219999999999736       -65.652490718723868        2.3985634844814712     
   4.0209999999999733       -65.632481520477370        2.3983298642203956     
   4.0199999999999729       -65.612481647683964        2.3980956376262408     
   4.0189999999999726       -65.592491124491204        2.3978608029638280     
   4.0179999999999723       -65.572509975108559        2.3976253584942482     
   4.0169999999999719       -65.552538223806721        2.3973893024749691     
   4.0159999999999716       -65.532575894918764        2.3971526331594966     
   4.0149999999999713       -65.512623012836897        2.3969153487982320     
   4.0139999999999709       -65.492679602018043        2.3966774476373343     
   4.0129999999999706       -65.472745686978328        2.3964389279197125     
   4.0119999999999703       -65.452821292297486        2.3961997878844277     
   4.0109999999999699       -65.432906442614794        2.3959600257672524     
   4.0099999999999696       -65.413001162631360        2.3957196398002849     
   4.0089999999999693       -65.393105477112115        2.3954786282119542     
   4.0079999999999689       -65.373219410881958        2.3952369892272358     
   4.0069999999999686       -65.353342988826398        2.3949947210678055     
   4.0059999999999683       -65.333476235894395        2.3947518219517541     
   4.0049999999999679       -65.313619177095774        2.3945082900936061     
   4.0039999999999676       -65.293771837502192        2.3942641237045912     
   4.0029999999999673       -65.273934242245872        2.3940193209927316     
   4.0019999999999669       -65.254106416522603        2.3937738801623420     
   4.0009999999999666       -65.234288385587362        2.3935277994147293     
   3.9999999999999667       -65.214480174756289        2.3932810769479715     
   3.9989999999999668       -65.194681809410113        2.3930337109564190     
   3.9979999999999669       -65.174893314987671        2.3927856996317014     
   3.9969999999999670       -65.155114716991562        2.3925370411618467     
   3.9959999999999671       -65.135346040983819        2.3922877337320361     
   3.9949999999999672       -65.115587312589952        2.3920377755239444     
   3.9939999999999674       -65.095838557494318        2.3917871647164728     
   3.9929999999999675       -65.076099801444315        2.3915358994852194     
   3.9919999999999676       -65.056371070247607        2.3912839780028641     
   3.9909999999999677       -65.036652389773622        2.3910313984388867     
   3.9899999999999678       -65.016943785951256        2.3907781589601380     
   3.9889999999999679       -64.997245284772944        2.3905242577301116     
   3.9879999999999680       -64.977556912289160        2.3902696929098060     
   3.9869999999999681       -64.957878694613640        2.3900144626569788     
   3.9859999999999682       -64.938210657919726        2.3897585651267392     
   3.9849999999999683       -64.918552828442017        2.3895019984712822     
   3.9839999999999685       -64.898905232475769        2.3892447608400897     
   3.9829999999999686       -64.879267896375950        2.3889868503801037     
   3.9819999999999687       -64.859640846558889        2.3887282652352604     
   3.9809999999999688       -64.840024109500732        2.3884690035471015     
   3.9799999999999689       -64.820417711738614        2.3882090634544562     
   3.9789999999999690       -64.800821679870012        2.3879484430935172     
   3.9779999999999691       -64.781236040551462        2.3876871405979720     
   3.9769999999999692       -64.761660820500467        2.3874251540991840     
   3.9759999999999693       -64.742096046493870        2.3871624817260471     
   3.9749999999999694       -64.722541745368815        2.3868991216048410     
   3.9739999999999696       -64.702997944021831        2.3866350718596911     
   3.9729999999999697       -64.683464669408934        2.3863703306124719     
   3.9719999999999698       -64.663941948546139        2.3861048959826059     
   3.9709999999999699       -64.644429808509116        2.3858387660872733     
   3.9699999999999700       -64.624928276431106        2.3855719390417658     
   3.9689999999999701       -64.605437379506640        2.3853044129590137     
   3.9679999999999702       -64.585957144987788        2.3850361859498661     
   3.9669999999999703       -64.566487600185383        2.3847672561233488     
   3.9659999999999704       -64.547028772470227        2.3844976215863292     
   3.9649999999999705       -64.527580689270280        2.3842272804437559     
   3.9639999999999707       -64.508143394406417        2.3839562306502486     
   3.9629999999999708       -64.488716882999270        2.3836844706021574     
   3.9619999999999709       -64.469301198748255        2.3834119982525199     
   3.9609999999999710       -64.449896369312228        2.3831388116991987     
   3.9599999999999711       -64.430502422410370        2.3828649090383571     
   3.9589999999999712       -64.411119385819589        2.3825902883644372     
   3.9579999999999713       -64.391747287373803        2.3823149477705416     
   3.9569999999999714       -64.372386154964261        2.3820388853482322     
   3.9559999999999715       -64.353036016538780        2.3817620991875352     
   3.9549999999999716       -64.333696900103291        2.3814845873771389     
   3.9539999999999718       -64.314368833719740        2.3812063480043935     
   3.9529999999999719       -64.295051845505753        2.3809273791554548     
   3.9519999999999720       -64.275745963635828        2.3806476789154289     
   3.9509999999999721       -64.256451216341901        2.3803672453678288     
   3.9499999999999722       -64.237167631910467        2.3800860765953376     
   3.9489999999999723       -64.217895238683440        2.3798041706797339     
   3.9479999999999724       -64.198634065058570        2.3795215257017941     
   3.9469999999999725       -64.179384139489926        2.3792381397411648     
   3.9459999999999726       -64.160145490484169        2.3789540108770133     
   3.9449999999999728       -64.140918146605173        2.3786691371874547     
   3.9439999999999729       -64.121702136469466        2.3783835167501977     
   3.9429999999999730       -64.102497488749719        2.3780971476420003     
   3.9419999999999731       -64.083304232169667        2.3778100279395127     
   3.9409999999999732       -64.064122395510921        2.3775221557182973     
   3.9399999999999733       -64.044952007605090        2.3772335290540307     
   3.9389999999999734       -64.025793097339474        2.3769441460217422     
   3.9379999999999735       -64.006645693653212        2.3766540046961677     
   3.9369999999999736       -63.987509825536442        2.3763631031523147     
   3.9359999999999737       -63.968385522035859        2.3760714394643840     
   3.9349999999999739       -63.949272812247521        2.3757790117068551     
   3.9339999999999740       -63.930171725318651        2.3754858179544400     
   3.9329999999999741       -63.911082290451247        2.3751918562813801     
   3.9319999999999742       -63.892004536895612        2.3748971247626294     
   3.9309999999999743       -63.872938493953967        2.3746016214731411     
   3.9299999999999744       -63.853884190980963        2.3743053444880253     
   3.9289999999999745       -63.834841657379357        2.3740082918831615     
   3.9279999999999746       -63.815810922601521        2.3737104617348375     
   3.9269999999999747       -63.796792016151578        2.3734118521197529     
   3.9259999999999748       -63.777784967582882        2.3731124611152148     
   3.9249999999999750       -63.758789806495670        2.3728122867996073     
   3.9239999999999751       -63.739806562542931        2.3725113272514777     
   3.9229999999999752       -63.720835265421314        2.3722095805510466     
   3.9219999999999753       -63.701875944878772        2.3719070447790402     
   3.9209999999999754       -63.682928630709966        2.3716037180172966     
   3.9199999999999755       -63.663993352756655        2.3712995983490175     
   3.9189999999999756       -63.645070140907286        2.3709946838584917     
   3.9179999999999757       -63.626159025098175        2.3706889726313247     
   3.9169999999999758       -63.607260035310411        2.3703824627545367     
   3.9159999999999759       -63.588373201571777        2.3700751523167969     
   3.9149999999999761       -63.569498553955221        2.3697670394083317     
   3.9139999999999762       -63.550636122578332        2.3694581221209261     
   3.9129999999999763       -63.531785921059864        2.3691483986989739     
   3.9119999999999764       -63.512948012446195        2.3688378669388843     
   3.9109999999999765       -63.494122410693969        2.3685265250867373     
   3.9099999999999766       -63.475309146093764        2.3682143712419750     
   3.9089999999999767       -63.456508248981265        2.3679014035066293     
   3.9079999999999768       -63.437719749736637        2.3675876199848047     
   3.9069999999999769       -63.418943678781808        2.3672730187828197     
   3.9059999999999770       -63.400180066579523        2.3669575980096731     
   3.9049999999999772       -63.381428943635285        2.3666413557766908     
   3.9039999999999773       -63.362690340492847        2.3663242901982833     
   3.9029999999999774       -63.343964287738700        2.3660063993912082     
   3.9019999999999775       -63.325250815997855        2.3656876814754901     
