   3.9544999999999999       -68.797989908287818       0.73606135107297599     
   3.9544899999999998       -68.797813253976443       0.73605791267337295     
   3.9544799999999998       -68.797636600489469       0.73605447424710613     
   3.9544699999999997       -68.797459947828543       0.73605103578431175     
   3.9544599999999996       -68.797283295992500       0.73604759728556235     
   3.9544499999999996       -68.797106644981952       0.73604415875059237     
   3.9544399999999995       -68.796929994796372       0.73604072017975375     
   3.9544299999999994       -68.796753345436144       0.73603728157271420     
   3.9544199999999994       -68.796576696901170       0.73603384292961704     
   3.9544099999999993       -68.796400049191462       0.73603040425049071     
   3.9543999999999992       -68.796223402307135       0.73602696553520008     
   3.9543899999999992       -68.796046756247492       0.73602352678409122     
   3.9543799999999991       -68.795870111013670       0.73602008799671725     
   3.9543699999999991       -68.795693466605783       0.73601664917299781     
   3.9543599999999990       -68.795516823022453       0.73601321031347589     
   3.9543499999999989       -68.795340180264688       0.73600977141782631     
   3.9543399999999989       -68.795163538332233       0.73600633248603187     
   3.9543299999999988       -68.794986897225073       0.73600289351825587     
   3.9543199999999987       -68.794810256943208       0.73599945451438054     
   3.9543099999999987       -68.794633617486141       0.73599601547471671     
   3.9542999999999986       -68.794456978855465       0.73599257639848104     
   3.9542899999999985       -68.794280341049742       0.73598913728638404     
   3.9542799999999985       -68.794103704069869       0.73598569813802672     
   3.9542699999999984       -68.793927067914836       0.73598225895375624     
   3.9542599999999983       -68.793750432585341       0.73597881973342361     
   3.9542499999999983       -68.793573798081482       0.73597538047689215     
   3.9542399999999982       -68.793397164402876       0.73597194118435294     
   3.9542299999999981       -68.793220531549863       0.73596850185561180     
   3.9542199999999981       -68.793043899522075       0.73596506249097482     
   3.9542099999999980       -68.792867268319000       0.73596162309054891     
   3.9541999999999979       -68.792690637942826       0.73595818365340648     
   3.9541899999999979       -68.792514008391350       0.73595474418048423     
   3.9541799999999978       -68.792337379665540       0.73595130467146896     
   3.9541699999999977       -68.792160751764783       0.73594786512650867     
   3.9541599999999977       -68.791984124690046       0.73594442554527362     
   3.9541499999999976       -68.791807498440633       0.73594098592803270     
   3.9541399999999975       -68.791630873016743       0.73593754627464392     
   3.9541299999999975       -68.791454248418532       0.73593410658519443     
   3.9541199999999974       -68.791277624645332       0.73593066685987729     
   3.9541099999999973       -68.791101001698095       0.73592722709830760     
   3.9540999999999973       -68.790924379576509       0.73592378730051278     
   3.9540899999999972       -68.790747758280148       0.73592034746685819     
   3.9540799999999972       -68.790571137809664       0.73591690759694783     
   3.9540699999999971       -68.790394518164348       0.73591346769127197     
   3.9540599999999970       -68.790217899345436       0.73591002774902126     
   3.9540499999999970       -68.790041281351222       0.73590658777114015     
   3.9540399999999969       -68.789864664182645       0.73590314775712751     
   3.9540299999999968       -68.789688047839803       0.73589970770698587     
   3.9540199999999968       -68.789511432323238       0.73589626762051374     
   3.9540099999999967       -68.789334817631399       0.73589282749828033     
   3.9539999999999966       -68.789158203765865       0.73588938733975284     
   3.9539899999999966       -68.788981590724973       0.73588594714554467     
   3.9539799999999965       -68.788804978510413       0.73588250691491852     
   3.9539699999999964       -68.788628367121973       0.73587906664808633     
   3.9539599999999964       -68.788451756558601       0.73587562634539194     
   3.9539499999999963       -68.788275146821391       0.73587218600643423     
   3.9539399999999962       -68.788098537909633       0.73586874563147775     
   3.9539299999999962       -68.787921929823582       0.73586530522044402     
   3.9539199999999961       -68.787745322563296       0.73586186477332893     
   3.9539099999999960       -68.787568716128035       0.73585842429041604     
   3.9538999999999960       -68.787392110519420       0.73585498377100123     
   3.9538899999999959       -68.787215505736299       0.73585154321564838     
   3.9538799999999958       -68.787038901778971       0.73584810262417077     
   3.9538699999999958       -68.786862298646838       0.73584466199681264     
   3.9538599999999957       -68.786685696340683       0.73584122133331997     
   3.9538499999999956       -68.786509094860691       0.73583778063354888     
   3.9538399999999956       -68.786332494206292       0.73583433989775793     
   3.9538299999999955       -68.786155894377245       0.73583089912618460     
   3.9538199999999954       -68.785979295374148       0.73582745831836160     
   3.9538099999999954       -68.785802697196928       0.73582401747453474     
   3.9537999999999953       -68.785626099845885       0.73582057659434952     
   3.9537899999999953       -68.785449503320621       0.73581713567819262     
   3.9537799999999952       -68.785272907621277       0.73581369472586522     
   3.9537699999999951       -68.785096312746902       0.73581025373778741     
   3.9537599999999951       -68.784919718698632       0.73580681271358206     
   3.9537499999999950       -68.784743125476979       0.73580337165297971     
   3.9537399999999949       -68.784566533080351       0.73579993055660065     
   3.9537299999999949       -68.784389941510227       0.73579648942393383     
   3.9537199999999948       -68.784213350765341       0.73579304825544922     
   3.9537099999999947       -68.784036760846874       0.73578960705064300     
   3.9536999999999947       -68.783860171753943       0.73578616580992284     
   3.9536899999999946       -68.783683583487317       0.73578272453295568     
   3.9536799999999945       -68.783506996046214       0.73577928321999575     
   3.9536699999999945       -68.783330409431485       0.73577584187083200     
   3.9536599999999944       -68.783153823642408       0.73577240048569681     
   3.9536499999999943       -68.782977238678910       0.73576895906466699     
   3.9536399999999943       -68.782800654542072       0.73576551760712416     
   3.9536299999999942       -68.782624071230700       0.73576207611391997     
   3.9536199999999941       -68.782447488745262       0.73575863458454849     
   3.9536099999999941       -68.782270907086300       0.73575519317472626     
   3.9535999999999940       -68.782094326252960       0.73575175157510753     
   3.9535899999999939       -68.781917746245384       0.73574830993750906     
   3.9535799999999939       -68.781741167064411       0.73574486826361729     
   3.9535699999999938       -68.781564588708932       0.73574142655386610     
   3.9535599999999937       -68.781388011179629       0.73573798480793029     
   3.9535499999999937       -68.781211434476177       0.73573454302604258     
   3.9535399999999936       -68.781034858599114       0.73573110120785790     
   3.9535299999999935       -68.780858283547744       0.73572765935385254     
   3.9535199999999935       -68.780681709322408       0.73572421746367789     
   3.9535099999999934       -68.780505135923136       0.73572077553744519     
   3.9534999999999934       -68.780328563350039       0.73571733357510694     
   3.9534899999999933       -68.780151991603333       0.73571389157656508     
   3.9534799999999932       -68.779975420682177       0.73571044954209386     
   3.9534699999999932       -68.779798850587468       0.73570700747151097     
   3.9534599999999931       -68.779622281318666       0.73570356536483905     
   3.9534499999999930       -68.779445712876495       0.73570012322193901     
   3.9534399999999930       -68.779269145260045       0.73569668104309238     
   3.9534299999999929       -68.779092578469005       0.73569323882852167     
   3.9534199999999928       -68.778916012504922       0.73568979657748323     
   3.9534099999999928       -68.778739447366831       0.73568635429044227     
   3.9533999999999927       -68.778562883055031       0.73568291196722235     
   3.9533899999999926       -68.778386319569250       0.73567946960806252     
   3.9533799999999926       -68.778209756909348       0.73567602721287084     
   3.9533699999999925       -68.778033195075977       0.73567258478153397     
   3.9533599999999924       -68.777856634068982       0.73566914231397307     
   3.9533499999999924       -68.777680073887694       0.73566569981057306     
   3.9533399999999923       -68.777503514532597       0.73566225727102186     
   3.9533299999999922       -68.777326956004032       0.73565881469538397     
   3.9533199999999922       -68.777150398301742       0.73565537208357668     
   3.9533099999999921       -68.776973841425573       0.73565192943574365     
   3.9532999999999920       -68.776797285376048       0.73564848675166761     
   3.9532899999999920       -68.776620730152203       0.73564504403177244     
   3.9532799999999919       -68.776444175754690       0.73564160127579736     
   3.9532699999999918       -68.776267622183340       0.73563815848368819     
   3.9532599999999918       -68.776091069438493       0.73563471565548333     
   3.9532499999999917       -68.775914517520306       0.73563127279106189     
   3.9532399999999916       -68.775737966427698       0.73562782989087350     
   3.9532299999999916       -68.775561416161779       0.73562438695437338     
   3.9532199999999915       -68.775384866721666       0.73562094398198441     
   3.9532099999999915       -68.775208318108852       0.73561750097318201     
   3.9531999999999914       -68.775031770321135       0.73561405792886381     
   3.9531899999999913       -68.774855223360404       0.73561061484812706     
   3.9531799999999913       -68.774678677226419       0.73560717173110446     
   3.9531699999999912       -68.774502131918481       0.73560372857819434     
   3.9531599999999911       -68.774325587435939       0.73560028538960642     
   3.9531499999999911       -68.774149043781037       0.73559684216434096     
   3.9531399999999910       -68.773972500951956       0.73559339890334374     
   3.9531299999999909       -68.773795958949407       0.73558995560617568     
   3.9531199999999909       -68.773619417773318       0.73558651227286653     
   3.9531099999999908       -68.773442877423676       0.73558306890345693     
   3.9530999999999907       -68.773266337900552       0.73557962549789024     
   3.9530899999999907       -68.773089799202879       0.73557618205680697     
   3.9530799999999906       -68.772913261332789       0.73557273857903149     
   3.9530699999999905       -68.772736724288990       0.73556929506530311     
   3.9530599999999905       -68.772560188071338       0.73556585151558329     
   3.9530499999999904       -68.772383652680077       0.73556240792983762     
   3.9530399999999903       -68.772207118115830       0.73555896430782608     
   3.9530299999999903       -68.772030584377276       0.73555552065006402     
   3.9530199999999902       -68.771854051465468       0.73555207695602887     
   3.9530099999999901       -68.771677519380134       0.73554863322599784     
   3.9529999999999901       -68.771500988121531       0.73554518945974356     
   3.9529899999999900       -68.771324457689758       0.73554174565728869     
   3.9529799999999899       -68.771147928084105       0.73553830181891255     
   3.9529699999999899       -68.770971399305211       0.73553485794434559     
   3.9529599999999898       -68.770794871352294       0.73553141403404354     
   3.9529499999999897       -68.770618344226719       0.73552797008722326     
   3.9529399999999897       -68.770441817926965       0.73552452610468999     
   3.9529299999999896       -68.770265292453729       0.73552108208607780     
   3.9529199999999896       -68.770088767808090       0.73551763803096282     
   3.9529099999999895       -68.769912243988145       0.73551419394016682     
   3.9528999999999894       -68.769735720994632       0.73551074981332798     
   3.9528899999999894       -68.769559198827722       0.73550730565044231     
   3.9528799999999893       -68.769382677488125       0.73550386145113877     
   3.9528699999999892       -68.769206156974505       0.73550041721606430     
   3.9528599999999892       -68.769029637287872       0.73549697294471850     
   3.9528499999999891       -68.768853118427799       0.73549352863737572     
   3.9528399999999890       -68.768676600394016       0.73549008429410723     
   3.9528299999999890       -68.768500083187320       0.73548663991457308     
   3.9528199999999889       -68.768323566806956       0.73548319549906882     
   3.9528099999999888       -68.768147051253351       0.73547975104749452     
   3.9527999999999888       -68.767970536526619       0.73547630655969209     
   3.9527899999999887       -68.767794022626390       0.73547286203596851     
   3.9527799999999886       -68.767617509552963       0.73546941747605865     
   3.9527699999999886       -68.767440997306281       0.73546597288007709     
   3.9527599999999885       -68.767264485886230       0.73546252824805547     
   3.9527499999999884       -68.767087975292981       0.73545908357991785     
   3.9527399999999884       -68.766911465526377       0.73545563887573950     
   3.9527299999999883       -68.766734956586347       0.73545219413554752     
   3.9527199999999882       -68.766558448472708       0.73544874935946325     
   3.9527099999999882       -68.766381941186566       0.73544530454700385     
   3.9526999999999881       -68.766205434726899       0.73544185969851394     
   3.9526899999999880       -68.766028929094119       0.73543841481387950     
   3.9526799999999880       -68.765852424287985       0.73543496989330148     
   3.9526699999999879       -68.765675920309405       0.73543152493632535     
   3.9526599999999878       -68.765499417155922       0.73542807994394421     
   3.9526499999999878       -68.765322914829966       0.73542463491527643     
   3.9526399999999877       -68.765146413331379       0.73542118985018556     
   3.9526299999999877       -68.764969912659410       0.73541774474916721     
   3.9526199999999876       -68.764793412813802       0.73541429961221982     
   3.9526099999999875       -68.764616913795166       0.73541085443920107     
   3.9525999999999875       -68.764440415603431       0.73540740923004677     
   3.9525899999999874       -68.764263918238427       0.73540396398489805     
   3.9525799999999873       -68.764087421700751       0.73540051870338330     
   3.9525699999999873       -68.763910925990075       0.73539707338591054     
   3.9525599999999872       -68.763734431105647       0.73539362803250352     
   3.9525499999999871       -68.763557937048702       0.73539018264285527     
   3.9525399999999871       -68.763381443817863       0.73538673721743031     
   3.9525299999999870       -68.763204951414423       0.73538329175570027     
   3.9525199999999869       -68.763028459837898       0.73537984625792630     
   3.9525099999999869       -68.762851969088317       0.73537640072403887     
   3.9524999999999868       -68.762675479165779       0.73537295515404244     
   3.9524899999999867       -68.762498990069901       0.73536950954808866     
   3.9524799999999867       -68.762322501801151       0.73536606390604975     
   3.9524699999999866       -68.762146014359246       0.73536261822789228     
   3.9524599999999865       -68.761969527744483       0.73535917251363803     
   3.9524499999999865       -68.761793041956679       0.73535572676330541     
   3.9524399999999864       -68.761616556995563       0.73535228097701300     
   3.9524299999999863       -68.761440072861504       0.73534883515462779     
   3.9524199999999863       -68.761263589554773       0.73534538929607252     
   3.9524099999999862       -68.761087107074715       0.73534194340152303     
   3.9523999999999861       -68.760910625421815       0.73533849747086455     
   3.9523899999999861       -68.760734144596071       0.73533505150400702     
   3.9523799999999860       -68.760557664597059       0.73533160550133747     
   3.9523699999999860       -68.760381185425345       0.73532815946245578     
   3.9523599999999859       -68.760204707080561       0.73532471338754579     
   3.9523499999999858       -68.760028229562991       0.73532126727642411     
   3.9523399999999858       -68.759851752872521       0.73531782112925337     
   3.9523299999999857       -68.759675277008824       0.73531437494616414     
   3.9523199999999856       -68.759498801972427       0.73531092872693293     
   3.9523099999999856       -68.759322327763087       0.73530748247162725     
   3.9522999999999855       -68.759145854381003       0.73530403618015061     
   3.9522899999999854       -68.758969381825708       0.73530058985274083     
   3.9522799999999854       -68.758792910097981       0.73529714348907993     
   3.9522699999999853       -68.758616439196985       0.73529369708950210     
   3.9522599999999852       -68.758439969123316       0.73529025065383846     
   3.9522499999999852       -68.758263499876890       0.73528680418203596     
   3.9522399999999851       -68.758087031457137       0.73528335767434860     
   3.9522299999999850       -68.757910563864939       0.73527991113041347     
   3.9522199999999850       -68.757734097099913       0.73527646455040674     
   3.9522099999999849       -68.757557631162285       0.73527301793425748     
   3.9521999999999848       -68.757381166051545       0.73526957128214521     
   3.9521899999999848       -68.757204701768202       0.73526612459388530     
   3.9521799999999847       -68.757028238311449       0.73526267786981159     
   3.9521699999999846       -68.756851775682193       0.73525923110954627     
   3.9521599999999846       -68.756675313880692       0.73525578431302663     
   3.9521499999999845       -68.756498852905906       0.73525233748057850     
   3.9521399999999844       -68.756322392758875       0.73524889061190490     
   3.9521299999999844       -68.756145933438859       0.73524544370723088     
   3.9521199999999843       -68.755969474945985       0.73524199676648516     
   3.9521099999999842       -68.755793017279771       0.73523854979002456     
   3.9520999999999842       -68.755616560441780       0.73523510277703197     
   3.9520899999999841       -68.755440104430662       0.73523165572818783     
   3.9520799999999841       -68.755263649247112       0.73522820864311988     
   3.9520699999999840       -68.755087194890748       0.73522476152202465     
   3.9520599999999839       -68.754910741361613       0.73522131436483595     
   3.9520499999999839       -68.754734288659549       0.73521786717180004     
   3.9520399999999838       -68.754557836785466       0.73521441994234715     
   3.9520299999999837       -68.754381385738043       0.73521097267716085     
   3.9520199999999837       -68.754204935518942       0.73520752537544842     
