   3.9544999999999999       -68.822795266836152       0.73544633367915679     
   3.9544899999999998       -68.822618760128265       0.73544290102855314     
   3.9544799999999998       -68.822442254243853       0.73543946819551076     
   3.9544699999999997       -68.822265749183401       0.73543603532477253     
   3.9544599999999996       -68.822089244946795       0.73543260241829389     
   3.9544499999999996       -68.821912741534533       0.73542916947580494     
   3.9544399999999995       -68.821736238945590       0.73542573649777110     
   3.9544299999999994       -68.821559737180721       0.73542230348379733     
   3.9544199999999994       -68.821383236240138       0.73541887043396181     
   3.9544099999999993       -68.821206736122733       0.73541543734864845     
   3.9543999999999992       -68.821030236830012       0.73541200422720110     
   3.9543899999999992       -68.820853738361038       0.73540857107008994     
   3.9543799999999991       -68.820677240715824       0.73540513787712847     
   3.9543699999999991       -68.820500743894726       0.73540170464849941     
   3.9543599999999990       -68.820324247897503       0.73539827138401714     
   3.9543499999999989       -68.820147752724537       0.73539483808367645     
   3.9543399999999989       -68.819971258375858       0.73539140474734277     
   3.9543299999999988       -68.819794764850684       0.73538797137544298     
   3.9543199999999987       -68.819618272149427       0.73538453796776970     
   3.9543099999999987       -68.819441780271916       0.73538110452447425     
   3.9542999999999986       -68.819265289219331       0.73537767104495666     
   3.9542899999999985       -68.819088798990151       0.73537423753000253     
   3.9542799999999985       -68.818912309585258       0.73537080397900290     
   3.9542699999999984       -68.818735821004154       0.73536737039247813     
   3.9542599999999983       -68.818559333247450       0.73536393676984357     
   3.9542499999999983       -68.818382846314449       0.73536050311168433     
   3.9542399999999982       -68.818206360205906       0.73535706941751011     
   3.9542299999999981       -68.818029874921280       0.73535363568767187     
   3.9542199999999981       -68.817853390460371       0.73535020192215839     
   3.9542099999999980       -68.817676906824246       0.73534676812060018     
   3.9541999999999979       -68.817500424011882       0.73534333428335685     
   3.9541899999999979       -68.817323942023535       0.73533990041037256     
   3.9541799999999978       -68.817147460859672       0.73533646650146922     
   3.9541699999999977       -68.816970980519642       0.73533303255685645     
   3.9541599999999977       -68.816794501004466       0.73532959857614577     
   3.9541499999999976       -68.816618022312753       0.73532616456000621     
   3.9541399999999975       -68.816441544445254       0.73532273050801511     
   3.9541299999999975       -68.816265067402099       0.73531929642012417     
   3.9541199999999974       -68.816088591183131       0.73531586229649015     
   3.9541099999999973       -68.815912115788009       0.73531242813715136     
   3.9540999999999973       -68.815735641217586       0.73530899394185856     
   3.9540899999999972       -68.815559167471008       0.73530555971088496     
   3.9540799999999972       -68.815382694548831       0.73530212544407714     
   3.9540699999999971       -68.815206222450968       0.73529869114138824     
   3.9540599999999970       -68.815029751177079       0.73529525680305774     
   3.9540499999999970       -68.814853280727050       0.73529182242906732     
   3.9540399999999969       -68.814676811101975       0.73528838801905827     
   3.9540299999999968       -68.814500342301315       0.73528495357302404     
   3.9540199999999968       -68.814323874324330       0.73528151909159967     
   3.9540099999999967       -68.814147407172072       0.73527808457413579     
   3.9539999999999966       -68.813970940843831       0.73527465002100112     
   3.9539899999999966       -68.813794475339847       0.73527121543207030     
   3.9539799999999965       -68.813618010660122       0.73526778080738098     
   3.9539699999999964       -68.813441546804981       0.73526434614673430     
   3.9539599999999964       -68.813265083773999       0.73526091145039973     
   3.9539499999999963       -68.813088621567445       0.73525747671822816     
   3.9539399999999962       -68.812912160185704       0.73525404195011834     
   3.9539299999999962       -68.812735699627879       0.73525060714629353     
   3.9539199999999961       -68.812559239894171       0.73524717230686953     
   3.9539099999999960       -68.812382780984976       0.73524373743150628     
   3.9538999999999960       -68.812206322900536       0.73524030252021022     
   3.9538899999999959       -68.812029865640014       0.73523686757334916     
   3.9538799999999958       -68.811853409203735       0.73523343259066776     
   3.9538699999999958       -68.811676953592141       0.73522999757216734     
   3.9538599999999957       -68.811500498804932       0.73522656251785401     
   3.9538499999999956       -68.811324044841683       0.73522312742797036     
   3.9538399999999956       -68.811147591703602       0.73521969230193085     
   3.9538299999999955       -68.810971139389665       0.73521625714021932     
   3.9538199999999954       -68.810794687900241       0.73521282194265769     
   3.9538099999999954       -68.810618237234948       0.73520938670949054     
   3.9537999999999953       -68.810441787395064       0.73520595144009626     
   3.9537899999999953       -68.810265338379054       0.73520251613514942     
   3.9537799999999952       -68.810088890187302       0.73519908079456109     
   3.9537699999999951       -68.809912442820220       0.73519564541804161     
   3.9537599999999951       -68.809735996277212       0.73519221000596413     
   3.9537499999999950       -68.809559550559129       0.73518877455786213     
   3.9537399999999949       -68.809383105665503       0.73518533907397432     
   3.9537299999999949       -68.809206661596363       0.73518190355434188     
   3.9537199999999948       -68.809030218352063       0.73517846799876008     
   3.9537099999999947       -68.808853775931922       0.73517503240756721     
   3.9536999999999947       -68.808677334336437       0.73517159678052446     
   3.9536899999999946       -68.808500893565579       0.73516816111763272     
   3.9536799999999945       -68.808324453619264       0.73516472541897537     
   3.9536699999999945       -68.808148014497334       0.73516128968462502     
   3.9536599999999944       -68.807971576200330       0.73515785391425625     
   3.9536499999999943       -68.807795138727357       0.73515441810845450     
   3.9536399999999943       -68.807618702079125       0.73515098226676090     
   3.9536299999999942       -68.807442266256189       0.73514754638891955     
   3.9536199999999941       -68.807265831257340       0.73514411047551997     
   3.9536099999999941       -68.807089397083217       0.73514067452628484     
   3.9535999999999940       -68.806912963733751       0.73513723854129431     
   3.9535899999999939       -68.806736531208855       0.73513380252053462     
   3.9535799999999939       -68.806560099508800       0.73513036646385199     
   3.9535699999999938       -68.806383668633501       0.73512693037133892     
   3.9535599999999937       -68.806207238582189       0.73512349424335788     
   3.9535499999999937       -68.806030809355505       0.73512005807955305     
   3.9535399999999936       -68.805854380954088       0.73511662187974791     
   3.9535299999999935       -68.805677953377355       0.73511318564410455     
   3.9535199999999935       -68.805501526625264       0.73510974937277218     
   3.9535099999999934       -68.805325100697289       0.73510631306584706     
   3.9534999999999934       -68.805148675594623       0.73510287672283336     
   3.9534899999999933       -68.804972251316769       0.73509944034408370     
   3.9534799999999932       -68.804795827863856       0.73509600392941798     
   3.9534699999999932       -68.804619405235400       0.73509256747902751     
   3.9534599999999931       -68.804442983431215       0.73508913099306905     
   3.9534499999999930       -68.804266562451886       0.73508569447131966     
   3.9534399999999930       -68.804090142297980       0.73508225791347293     
   3.9534299999999929       -68.803913722968588       0.73507882131998858     
   3.9534199999999928       -68.803737304463752       0.73507538469075540     
   3.9534099999999928       -68.803560886783629       0.73507194802581510     
   3.9533999999999927       -68.803384469928758       0.73506851132478934     
   3.9533899999999926       -68.803208053898075       0.73506507458830195     
   3.9533799999999926       -68.803031638693028       0.73506163781564549     
   3.9533699999999925       -68.802855224312339       0.73505820100744490     
   3.9533599999999924       -68.802678810756717       0.73505476416336701     
   3.9533499999999924       -68.802502398025510       0.73505132728365163     
   3.9533399999999923       -68.802325986119342       0.73504789036796836     
   3.9533299999999922       -68.802149575038200       0.73504445341654623     
   3.9533199999999922       -68.801973164781600       0.73504101642947328     
   3.9533099999999921       -68.801796755350296       0.73503757940645587     
   3.9532999999999920       -68.801620346743547       0.73503414234765829     
   3.9532899999999920       -68.801443938962166       0.73503070525293823     
   3.9532799999999919       -68.801267532004957       0.73502726812276553     
   3.9532699999999918       -68.801091125873100       0.73502383095656487     
   3.9532599999999918       -68.800914720566112       0.73502039375466433     
   3.9532499999999917       -68.800738316084221       0.73501695651680354     
   3.9532399999999916       -68.800561912427284       0.73501351924318270     
   3.9532299999999916       -68.800385509595131       0.73501008193383688     
   3.9532199999999915       -68.800209107588174       0.73500664458862630     
   3.9532099999999915       -68.800032706405815       0.73500320720779333     
   3.9531999999999914       -68.799856306048440       0.73499976979109771     
   3.9531899999999913       -68.799679906516175       0.73499633233857253     
   3.9531799999999913       -68.799503507808765       0.73499289485036412     
   3.9531699999999912       -68.799327109926622       0.73498945732623167     
   3.9531599999999911       -68.799150712869434       0.73498601976630351     
   3.9531499999999911       -68.798974316637114       0.73498258217066192     
   3.9531399999999910       -68.798797921229934       0.73497914453920943     
   3.9531299999999909       -68.798621526647679       0.73497570687194047     
   3.9531199999999909       -68.798445132890905       0.73497226916873493     
   3.9531099999999908       -68.798268739958829       0.73496883142990466     
   3.9530999999999907       -68.798092347851806       0.73496539365528646     
   3.9530899999999907       -68.797915956569383       0.73496195584502344     
   3.9530799999999906       -68.797739566112710       0.73495851799873690     
   3.9530699999999905       -68.797563176480963       0.73495508011673627     
   3.9530599999999905       -68.797386787674540       0.73495164219880404     
   3.9530499999999904       -68.797210399692986       0.73494820424517948     
   3.9530399999999903       -68.797034012536315       0.73494476625588590     
   3.9530299999999903       -68.796857626205153       0.73494132823067793     
   3.9530199999999902       -68.796681240698661       0.73493789016977484     
   3.9530099999999901       -68.796504856017833       0.73493445207290586     
   3.9529999999999901       -68.796328472162273       0.73493101394025084     
   3.9529899999999900       -68.796152089130885       0.73492757577208012     
   3.9529799999999899       -68.795975706925574       0.73492413756784847     
   3.9529699999999899       -68.795799325545431       0.73492069932777204     
   3.9529599999999898       -68.795622944990129       0.73491726105204558     
   3.9529499999999897       -68.795446565259866       0.73491382274067263     
   3.9529399999999897       -68.795270186355225       0.73491038439325962     
   3.9529299999999896       -68.795093808275325       0.73490694601023232     
   3.9529199999999896       -68.794917431021148       0.73490350759123813     
   3.9529099999999895       -68.794741054592322       0.73490006913637218     
   3.9528999999999894       -68.794564678988039       0.73489663064600963     
   3.9528899999999894       -68.794388304209491       0.73489319211967963     
   3.9528799999999893       -68.794211930256353       0.73488975355748198     
   3.9528699999999892       -68.794035557127600       0.73488631495982881     
   3.9528599999999892       -68.793859184824726       0.73488287632619731     
   3.9528499999999891       -68.793682813347331       0.73487943765659480     
   3.9528399999999890       -68.793506442694607       0.73487599895149103     
   3.9528299999999890       -68.793330072867235       0.73487256021058700     
   3.9528199999999889       -68.793153703865656       0.73486912143371741     
   3.9528099999999888       -68.792977335689201       0.73486568262105634     
   3.9527999999999888       -68.792800968337730       0.73486224377281439     
   3.9527899999999887       -68.792624601812435       0.73485880488840072     
   3.9527799999999886       -68.792448236111923       0.73485536596844137     
   3.9527699999999886       -68.792271871236451       0.73485192701279278     
   3.9527599999999885       -68.792095507186730       0.73484848802128167     
   3.9527499999999884       -68.791919143962573       0.73484504899376268     
   3.9527399999999884       -68.791742781563329       0.73484160993069725     
   3.9527299999999883       -68.791566419989422       0.73483817083185288     
   3.9527199999999882       -68.791390059241039       0.73483473169718627     
   3.9527099999999882       -68.791213699318291       0.73483129252659640     
   3.9526999999999881       -68.791037340220925       0.73482785332023093     
   3.9526899999999880       -68.790860981948839       0.73482441407813504     
   3.9526799999999880       -68.790684624502020       0.73482097480034281     
   3.9526699999999879       -68.790508267880753       0.73481753548669149     
   3.9526599999999878       -68.790331912085435       0.73481409613705451     
   3.9526499999999878       -68.790155557114872       0.73481065675186030     
   3.9526399999999877       -68.789979202970017       0.73480721733077969     
   3.9526299999999877       -68.789802849650613       0.73480377787398787     
   3.9526199999999876       -68.789626497156405       0.73480033838144798     
   3.9526099999999875       -68.789450145487805       0.73479689885306954     
   3.9525999999999875       -68.789273794645197       0.73479345928872020     
   3.9525899999999874       -68.789097444627444       0.73479001968883961     
   3.9525799999999873       -68.788921095435640       0.73478658005300534     
   3.9525699999999873       -68.788744747069330       0.73478314038140891     
   3.9525599999999872       -68.788568399528629       0.73477970067391218     
   3.9525499999999871       -68.788392052813208       0.73477626093079029     
   3.9525399999999871       -68.788215706923538       0.73477282115176656     
   3.9525299999999870       -68.788039361859219       0.73476938133707292     
   3.9525199999999869       -68.787863017620552       0.73476594148651520     
   3.9525099999999869       -68.787686674207293       0.73476250160019896     
   3.9524999999999868       -68.787510331619856       0.73475906167809246     
   3.9524899999999867       -68.787333989857515       0.73475562172029385     
   3.9524799999999867       -68.787157648921195       0.73475218172654688     
   3.9524699999999866       -68.786981308810368       0.73474874169708559     
   3.9524599999999865       -68.786804969524837       0.73474530163198437     
   3.9524499999999865       -68.786628631065952       0.73474186153062837     
   3.9524399999999864       -68.786452293431537       0.73473842139395806     
   3.9524299999999863       -68.786275956623570       0.73473498122121106     
   3.9524199999999863       -68.786099620640911       0.73473154101275540     
   3.9524099999999862       -68.785923285484060       0.73472810076848960     
   3.9523999999999861       -68.785746951152362       0.73472466048860718     
   3.9523899999999861       -68.785570617646641       0.73472122017289720     
   3.9523799999999860       -68.785394284966713       0.73471777982123176     
   3.9523699999999860       -68.785217953112451       0.73471433943385100     
   3.9523599999999859       -68.785041622083654       0.73471089901075703     
   3.9523499999999858       -68.784865291881459       0.73470745855155828     
   3.9523399999999858       -68.784688962504134       0.73470401805686203     
   3.9523299999999857       -68.784512633952332       0.73470057752646867     
   3.9523199999999856       -68.784336306226564       0.73469713696017191     
   3.9523099999999856       -68.784159979326802       0.73469369635793169     
   3.9522999999999855       -68.783983653252278       0.73469025572017221     
   3.9522899999999854       -68.783807328003718       0.73468681504649991     
   3.9522799999999854       -68.783631003580922       0.73468337433705366     
   3.9522699999999853       -68.783454679984374       0.73467993359166084     
   3.9522599999999852       -68.783278357213192       0.73467649281061309     
   3.9522499999999852       -68.783102035267817       0.73467305199377053     
   3.9522399999999851       -68.782925714147808       0.73466961114129503     
   3.9522299999999850       -68.782749393854388       0.73466617025272918     
   3.9522199999999850       -68.782573074386590       0.73466272932846000     
   3.9522099999999849       -68.782396755744756       0.73465928836831385     
   3.9521999999999848       -68.782220437928217       0.73465584737267464     
   3.9521899999999848       -68.782044120937584       0.73465240634118711     
   3.9521799999999847       -68.781867804772872       0.73464896527392998     
   3.9521699999999846       -68.781691489434223       0.73464552417074225     
   3.9521599999999846       -68.781515174921438       0.73464208303175527     
   3.9521499999999845       -68.781338861234303       0.73463864185708128     
   3.9521399999999844       -68.781162548373175       0.73463520064657872     
   3.9521299999999844       -68.780986236337895       0.73463175940029124     
   3.9521199999999843       -68.780809925128494       0.73462831811827867     
   3.9521099999999842       -68.780633614745469       0.73462487680028188     
   3.9520999999999842       -68.780457305188293       0.73462143544641034     
   3.9520899999999841       -68.780280996456582       0.73461799405707229     
   3.9520799999999841       -68.780104688550793       0.73461455263192565     
   3.9520699999999840       -68.779928381471052       0.73461111117086864     
   3.9520599999999839       -68.779752075217431       0.73460766967407920     
   3.9520499999999839       -68.779575769789744       0.73460422814144055     
   3.9520399999999838       -68.779399465188035       0.73460078657301187     
   3.9520299999999837       -68.779223161412347       0.73459734496884188     
   3.9520199999999837       -68.779046858462436       0.73459390332888574     
