   3.9544999999999999       -68.781472815839081       0.73647268604544591     
   3.9544899999999998       -68.781296062807286       0.73646924392221258     
   3.9544799999999998       -68.781119310601866       0.73646580177238263     
   3.9544699999999997       -68.780942559222325       0.73646235958619533     
   3.9544599999999996       -68.780765808668846       0.73645891736387892     
   3.9544499999999996       -68.780589058942311       0.73645547510482245     
   3.9544399999999995       -68.780412310041456       0.73645203280973115     
   3.9544299999999994       -68.780235561966506       0.73644859047856892     
   3.9544199999999994       -68.780058814717975       0.73644514811097517     
   3.9544099999999993       -68.779882068294739       0.73644170570742451     
   3.9543999999999992       -68.779705322698788       0.73643826326716744     
   3.9543899999999992       -68.779528577928915       0.73643482079065459     
   3.9543799999999991       -68.779351833985189       0.73643137827790495     
   3.9543699999999991       -68.779175090867454       0.73642793572902088     
   3.9543599999999990       -68.778998348575669       0.73642449314400160     
   3.9543499999999989       -68.778821607110601       0.73642105052247431     
   3.9543399999999989       -68.778644866471367       0.73641760786478194     
   3.9543299999999988       -68.778468126658424       0.73641416517087377     
   3.9543199999999987       -68.778291387672354       0.73641072244038241     
   3.9543099999999987       -68.778114649511579       0.73640727967406960     
   3.9542999999999986       -68.777937912178189       0.73640383687104605     
   3.9542899999999985       -68.777761175669824       0.73640039403221913     
   3.9542799999999985       -68.777584439988516       0.73639695115682902     
   3.9542699999999984       -68.777407705133129       0.73639350824531091     
   3.9542599999999983       -68.777230971104458       0.73639006529731710     
   3.9542499999999983       -68.777054237901922       0.73638662231315843     
   3.9542399999999982       -68.776877505526173       0.73638317929249564     
   3.9542299999999981       -68.776700773976032       0.73637973623588815     
   3.9542199999999981       -68.776524043251939       0.73637629314318931     
   3.9542099999999980       -68.776347313354833       0.73637285001387731     
   3.9541999999999979       -68.776170584284188       0.73636940684825458     
   3.9541899999999979       -68.775993856040188       0.73636596364628037     
   3.9541799999999978       -68.775817128621753       0.73636252040836137     
   3.9541699999999977       -68.775640402030476       0.73635907713384174     
   3.9541599999999977       -68.775463676264664       0.73635563382342006     
   3.9541499999999976       -68.775286951325839       0.73635219047647860     
   3.9541399999999975       -68.775110227213517       0.73634874709332976     
   3.9541299999999975       -68.774933503927130       0.73634530367399309     
   3.9541199999999974       -68.774756781467602       0.73634186021827464     
   3.9541099999999973       -68.774580059834378       0.73633841672630895     
   3.9540999999999973       -68.774403339027813       0.73633497319801577     
   3.9540899999999972       -68.774226619047141       0.73633152963358706     
   3.9540799999999972       -68.774049899892830       0.73632808603305788     
   3.9540699999999971       -68.773873181565776       0.73632464239585094     
   3.9540599999999970       -68.773696464064670       0.73632119872260582     
   3.9540499999999970       -68.773519747390495       0.73631775501294150     
   3.9540399999999969       -68.773343031542083       0.73631431126726865     
   3.9540299999999968       -68.773166316520872       0.73631086748504437     
   3.9540199999999968       -68.772989602326035       0.73630742366660484     
   3.9540099999999967       -68.772812888957020       0.73630397981221074     
   3.9539999999999966       -68.772636176415361       0.73630053592114553     
   3.9539899999999966       -68.772459464700205       0.73629709199390037     
   3.9539799999999965       -68.772282753811240       0.73629364803048658     
   3.9539699999999964       -68.772106043749247       0.73629020403065348     
   3.9539599999999964       -68.771929334513203       0.73628675999474913     
   3.9539499999999963       -68.771752626104202       0.73628331592249907     
   3.9539399999999962       -68.771575918521691       0.73627987181393095     
   3.9539299999999962       -68.771399211765640       0.73627642766917178     
   3.9539199999999961       -68.771222505835809       0.73627298348831582     
   3.9539099999999960       -68.771045800733077       0.73626953927090844     
   3.9538999999999960       -68.770869096456650       0.73626609501752005     
   3.9538899999999959       -68.770692393007678       0.73626265072739783     
   3.9538799999999958       -68.770515690384272       0.73625920640148124     
   3.9538699999999958       -68.770338988588406       0.73625576203885956     
   3.9538599999999957       -68.770162287618930       0.73625231764017274     
   3.9538499999999956       -68.769985587475858       0.73624887320532240     
   3.9538399999999956       -68.769808888159275       0.73624542873420928     
   3.9538299999999955       -68.769632189669593       0.73624198422675413     
   3.9538199999999954       -68.769455492007197       0.73623853968277508     
   3.9538099999999954       -68.769278795170692       0.73623509510285279     
   3.9537999999999953       -68.769102099161429       0.73623165048641992     
   3.9537899999999953       -68.768925403978670       0.73622820583390547     
   3.9537799999999952       -68.768748709623011       0.73622476114484148     
   3.9537699999999951       -68.768572016092932       0.73622131642001332     
   3.9537599999999951       -68.768395323390735       0.73621787165845987     
   3.9537499999999950       -68.768218631515069       0.73621442686071903     
   3.9537399999999949       -68.768041940465835       0.73621098202686197     
   3.9537299999999949       -68.767865250243830       0.73620753715657516     
   3.9537199999999948       -68.767688560848015       0.73620409225020433     
   3.9537099999999947       -68.767511872278874       0.73620064730768753     
   3.9536999999999947       -68.767335184537117       0.73619720232856789     
   3.9536899999999946       -68.767158497621836       0.73619375731335268     
   3.9536799999999945       -68.766981811533910       0.73619031226167342     
   3.9536699999999945       -68.766805126272388       0.73618686717382309     
   3.9536599999999944       -68.766628441837440       0.73618342204990517     
   3.9536499999999943       -68.766451758229877       0.73617997688940229     
   3.9536399999999943       -68.766275075448135       0.73617653169309427     
   3.9536299999999942       -68.766098393494048       0.73617308646017421     
   3.9536199999999941       -68.765921712367387       0.73616964119071782     
   3.9536099999999941       -68.765745032066931       0.73616619588526466     
   3.9535999999999940       -68.765568352592965       0.73616275054379143     
   3.9535899999999939       -68.765391673946397       0.73615930516579775     
   3.9535799999999939       -68.765214996126446       0.73615585975163178     
   3.9535699999999938       -68.765038319133907       0.73615241430094169     
   3.9535599999999937       -68.764861642967688       0.73614896881433423     
   3.9535499999999937       -68.764684967628796       0.73614552329119443     
   3.9535399999999936       -68.764508293116563       0.73614207773196616     
   3.9535299999999935       -68.764331619431061       0.73613863213657160     
   3.9535199999999935       -68.764154946572901       0.73613518650468202     
   3.9535099999999934       -68.763978274541557       0.73613174083659139     
   3.9534999999999934       -68.763801603336944       0.73612829513235789     
   3.9534899999999933       -68.763624932959544       0.73612484939173661     
   3.9534799999999932       -68.763448263409344       0.73612140361479517     
   3.9534699999999932       -68.763271594685676       0.73611795780175149     
   3.9534599999999931       -68.763094926789094       0.73611451195241584     
   3.9534499999999930       -68.762918259719939       0.73611106606661181     
   3.9534399999999930       -68.762741593477372       0.73610762014472630     
   3.9534299999999929       -68.762564928061721       0.73610417418663099     
   3.9534199999999928       -68.762388263474065       0.73610072819183614     
   3.9534099999999928       -68.762211599712657       0.73609728216115433     
   3.9533999999999927       -68.762034936778676       0.73609383609401624     
   3.9533899999999926       -68.761858274670743       0.73609038999106025     
   3.9533799999999926       -68.761681613391417       0.73608694385113893     
   3.9533699999999925       -68.761504952938083       0.73608349767542247     
   3.9533599999999924       -68.761328293312161       0.73608005146333511     
   3.9533499999999924       -68.761151634513368       0.73607660521496265     
   3.9533399999999923       -68.760974976541632       0.73607315893035219     
   3.9533299999999922       -68.760798319397139       0.73606971260938403     
   3.9533199999999922       -68.760621663079604       0.73606626625225446     
   3.9533099999999921       -68.760445007589723       0.73606281985854727     
   3.9532999999999920       -68.760268352925877       0.73605937342909711     
   3.9532899999999920       -68.760091699090182       0.73605592696294986     
   3.9532799999999919       -68.759915046081090       0.73605248046081984     
   3.9532699999999918       -68.759738393899440       0.73604903392224541     
   3.9532599999999918       -68.759561742544790       0.73604558734748660     
   3.9532499999999917       -68.759385092017453       0.73604214073637875     
   3.9532399999999916       -68.759208442317387       0.73603869408904010     
   3.9532299999999916       -68.759031793444308       0.73603524740544701     
   3.9532199999999915       -68.758855145398584       0.73603180068561713     
   3.9532099999999915       -68.758678498180004       0.73602835392951871     
   3.9531999999999914       -68.758501851788807       0.73602490713698965     
   3.9531899999999913       -68.758325206224754       0.73602146030834037     
   3.9531799999999913       -68.758148561487630       0.73601801344357309     
   3.9531699999999912       -68.757971917578232       0.73601456654228137     
   3.9531599999999911       -68.757795274495663       0.73601111960485166     
   3.9531499999999911       -68.757618632240579       0.73600767263116185     
   3.9531399999999910       -68.757441990812424       0.73600422562129841     
   3.9531299999999909       -68.757265350211895       0.73600077857501711     
   3.9531199999999909       -68.757088710438936       0.73599733149238677     
   3.9531099999999908       -68.756912071493076       0.73599388437354418     
   3.9530999999999907       -68.756735433374629       0.73599043721841673     
   3.9530899999999907       -68.756558796083084       0.73598699002721535     
   3.9530799999999906       -68.756382159618937       0.73598354279975453     
   3.9530699999999905       -68.756205523982899       0.73598009553561106     
   3.9530599999999905       -68.756028889173152       0.73597664823572329     
   3.9530499999999904       -68.755852255191428       0.73597320089924434     
   3.9530399999999903       -68.755675622036691       0.73596975352661531     
   3.9530299999999903       -68.755498989709579       0.73596630611768987     
   3.9530199999999902       -68.755322358209838       0.73596285867248901     
   3.9530099999999901       -68.755145727537297       0.73595941119117203     
   3.9529999999999901       -68.754969097692310       0.73595596367340077     
   3.9529899999999900       -68.754792468675120       0.73595251611922086     
   3.9529799999999899       -68.754615840484803       0.73594906852899389     
   3.9529699999999899       -68.754439213121799       0.73594562105822281     
   3.9529599999999898       -68.754262586586449       0.73594217339740087     
   3.9529499999999897       -68.754085960878584       0.73593872569840091     
   3.9529399999999897       -68.753909335998017       0.73593527796315727     
   3.9529299999999896       -68.753732711945489       0.73593183019136255     
   3.9529199999999896       -68.753556088720060       0.73592838238352576     
   3.9529099999999895       -68.753379466321988       0.73592493453939367     
   3.9528999999999894       -68.753202844751598       0.73592148665896850     
   3.9528899999999894       -68.753026224008238       0.73591803874253037     
   3.9528799999999893       -68.752849604091935       0.73591459078998145     
   3.9528699999999892       -68.752672985004111       0.73591114280073266     
   3.9528599999999892       -68.752496366743756       0.73590769477522067     
   3.9528499999999891       -68.752319749310885       0.73590424671343302     
   3.9528399999999890       -68.752143132705797       0.73590079861531255     
   3.9528299999999890       -68.751966516927794       0.73589735048118265     
   3.9528199999999889       -68.751789901977304       0.73589390231081042     
   3.9528099999999888       -68.751613287854767       0.73589045410395115     
   3.9527999999999888       -68.751436674560026       0.73588700586071887     
   3.9527899999999887       -68.751260062092243       0.73588355758148938     
   3.9527799999999886       -68.751083450452185       0.73588010926593139     
   3.9527699999999886       -68.750906839639754       0.73587666091408843     
   3.9527599999999885       -68.750730229655119       0.73587321252594451     
   3.9527499999999884       -68.750553620497968       0.73586976410155691     
   3.9527399999999884       -68.750377012167917       0.73586631564120708     
   3.9527299999999883       -68.750200404666032       0.73586286714431848     
   3.9527199999999882       -68.750023797992029       0.73585941861109028     
   3.9527099999999882       -68.749847192145268       0.73585597004168146     
   3.9526999999999881       -68.749670587125834       0.73585252143617197     
   3.9526899999999880       -68.749493982935221       0.73584907279395295     
   3.9526799999999880       -68.749317379571295       0.73584562411587484     
   3.9526699999999879       -68.749140777035137       0.73584217540148211     
   3.9526599999999878       -68.748964175327288       0.73583872665056616     
   3.9526499999999878       -68.748787574446638       0.73583527786367131     
   3.9526399999999877       -68.748610974393586       0.73583182904045030     
   3.9526299999999877       -68.748434375168529       0.73582838018086816     
   3.9526199999999876       -68.748257776770444       0.73582493128540971     
   3.9526099999999875       -68.748081179201478       0.73582148235301548     
   3.9525999999999875       -68.747904582459327       0.73581803338483009     
   3.9525899999999874       -68.747727986545556       0.73581458438004921     
   3.9525799999999873       -68.747551391459211       0.73581113533917364     
   3.9525699999999873       -68.747374797200422       0.73580768626215864     
   3.9525599999999872       -68.747198203769869       0.73580423714863408     
   3.9525499999999871       -68.747021611166971       0.73580078799892323     
   3.9525399999999871       -68.746845019391642       0.73579733881306153     
   3.9525299999999870       -68.746668428444508       0.73579388959080549     
   3.9525199999999869       -68.746491838324900       0.73579044033228380     
   3.9525099999999869       -68.746315249033202       0.73578699103757472     
   3.9524999999999868       -68.746138660568974       0.73578354170677118     
   3.9524899999999867       -68.745962072932571       0.73578009233966946     
   3.9524799999999867       -68.745785486124788       0.73577664293595457     
   3.9524699999999866       -68.745608900144290       0.73577319349620562     
   3.9524599999999865       -68.745432314992328       0.73576974401993711     
   3.9524499999999865       -68.745255730667083       0.73576629450790432     
   3.9524399999999864       -68.745079147170514       0.73576284495931443     
   3.9524299999999863       -68.744902564501643       0.73575939537448098     
   3.9524199999999863       -68.744725982660526       0.73575594575343406     
   3.9524099999999862       -68.744549401648271       0.73575249609578852     
   3.9523999999999861       -68.744372821462946       0.73574904640224548     
   3.9523899999999861       -68.744196242105346       0.73574559667251116     
   3.9523799999999860       -68.744019663576580       0.73574214690619932     
   3.9523699999999860       -68.743843085875255       0.73573869710379458     
   3.9523599999999859       -68.743666509002082       0.73573524726504536     
   3.9523499999999858       -68.743489932956848       0.73573179739004801     
   3.9523399999999858       -68.743313357739240       0.73572834747897520     
   3.9523299999999857       -68.743136783349911       0.73572489753146186     
   3.9523199999999856       -68.742960209787967       0.73572144754796109     
   3.9523099999999856       -68.742783637055140       0.73571799752768507     
   3.9522999999999855       -68.742607065149954       0.73571454747134746     
   3.9522899999999854       -68.742430494072224       0.73571109737900731     
   3.9522799999999854       -68.742253923822759       0.73570764725023396     
   3.9522699999999853       -68.742077354401331       0.73570419708523449     
   3.9522599999999852       -68.741900785808483       0.73570074688370690     
   3.9522499999999852       -68.741724218042975       0.73569729664625860     
   3.9522399999999851       -68.741547651105833       0.73569384637243063     
   3.9522299999999850       -68.741371084996715       0.73569039606236464     
   3.9522199999999850       -68.741194519715549       0.73568694571606486     
   3.9522099999999849       -68.741017955262834       0.73568349533330235     
   3.9521999999999848       -68.740841391637900       0.73568004491446259     
   3.9521899999999848       -68.740664828841403       0.73567659445919942     
   3.9521799999999847       -68.740488266872688       0.73567314396781303     
   3.9521699999999846       -68.740311705732296       0.73566969344012401     
   3.9521599999999846       -68.740135145419643       0.73566624287625837     
   3.9521499999999845       -68.739958585935341       0.73566279227609588     
   3.9521399999999844       -68.739782027279801       0.73565934163942037     
   3.9521299999999844       -68.739605469451533       0.73565589096684747     
   3.9521199999999843       -68.739428912451558       0.73565244025792431     
   3.9521099999999842       -68.739252356280261       0.73564898951256286     
   3.9520999999999842       -68.739075800936803       0.73564553873099758     
   3.9520899999999841       -68.738899246421767       0.73564208791314123     
   3.9520799999999841       -68.738722692734839       0.73563863705907939     
   3.9520699999999840       -68.738546139876291       0.73563518616864165     
   3.9520599999999839       -68.738369587845668       0.73563173524203285     
   3.9520499999999839       -68.738193036643111       0.73562828427930826     
   3.9520399999999838       -68.738016486269075       0.73562483328017880     
   3.9520299999999837       -68.737839936723233       0.73562138224478624     
   3.9520199999999837       -68.737663388005203       0.73561793117333896     
