   3.95200000000000       -68.7667768836343       0.401010868325310     
   3.95201000000000       -68.7669096613008       0.400717026191415     
   3.95202000000000       -68.7670424937985       0.400421784471979     
   3.95203000000000       -68.7671753813682       0.400125132064794     
   3.95204000000000       -68.7673083242537       0.399827052657154     
   3.95205000000000       -68.7674413227015       0.399527534547387     
   3.95206000000000       -68.7675743769607       0.399226550958242     
   3.95207000000000       -68.7677074872837       0.398924089572252     
   3.95208000000000       -68.7678406539254       0.398620132814334     
   3.95209000000000       -68.7679738771433       0.398314667713765     
   3.95210000000000       -68.7681071571990       0.398007666113094     
   3.95211000000000       -68.7682404943563       0.397699114346081     
   3.95212000000000       -68.7683738888822       0.397388993436680     
   3.95213000000000       -68.7685073410473       0.397077284024388     
   3.95214000000000       -68.7686408511250       0.396763966369416     
   3.95215000000000       -68.7687744193923       0.396449020331116     
   3.95216000000000       -68.7689080461296       0.396132425366429     
   3.95217000000000       -68.7690417316204       0.395814160511374     
   3.95218000000000       -68.7691754761521       0.395494204369531     
   3.95219000000000       -68.7693092800155       0.395172535105524     
   3.95220000000000       -68.7694431435055       0.394849130423479     
   3.95221000000000       -68.7695770669196       0.394523967565880     
   3.95222000000000       -68.7697110505605       0.394197018314295     
   3.95223000000000       -68.7698450947339       0.393868268851946     
   3.95224000000000       -68.7699791997497       0.393537689979400     
   3.95225000000000       -68.7701133659221       0.393205256913147     
   3.95226000000000       -68.7702475935691       0.392870939352550     
   3.95227000000000       -68.7703818830131       0.392534721345391     
   3.95228000000000       -68.7705162345807       0.392196571489624     
   3.95229000000000       -68.7706506486034       0.391856457738067     
   3.95230000000000       -68.7707851254166       0.391514362369681     
   3.95231000000000       -68.7709196653607       0.391170247153695     
   3.95232000000000       -68.7710542687808       0.390824093063325     
   3.95233000000000       -68.7711889360266       0.390475860546378     
   3.95234000000000       -68.7713236674531       0.390125529218321     
   3.95235000000000       -68.7714584634201       0.389773058090562     
   3.95236000000000       -68.7715933242927       0.389418425353516     
   3.95237000000000       -68.7717282504415       0.389061588465138     
   3.95238000000000       -68.7718632422421       0.388702519088640     
   3.95239000000000       -68.7719983000760       0.388341183065545     
   3.95240000000000       -68.7721334243303       0.387977545388344     
   3.95241000000000       -68.7722686153980       0.387611575162339     
   3.95242000000000       -68.7724038736780       0.387243225613122     
   3.95243000000000       -68.7725391995753       0.386872464003029     
   3.95244000000000       -68.7726745935013       0.386499251632728     
   3.95245000000000       -68.7728100558739       0.386123548792340     
   3.95246000000000       -68.7729455871176       0.385745309720998     
   3.95247000000000       -68.7730811876636       0.385364502578772     
   3.95248000000000       -68.7732168579499       0.384981079420753     
   3.95249000000000       -68.7733525984223       0.384594996121931     
   3.95250000000000       -68.7734884095332       0.384206202333617     
   3.95251000000000       -68.7736242917428       0.383814661472441     
   3.95252000000000       -68.7737602455194       0.383420320669836     
   3.95253000000000       -68.7738962713389       0.383023125626734     
   3.95254000000000       -68.7740323696856       0.382623030729232     
   3.95255000000000       -68.7741685410520       0.382219988853554     
   3.95256000000000       -68.7743047859395       0.381813936337792     
   3.95257000000000       -68.7744411048582       0.381404822965440     
   3.95258000000000       -68.7745774983277       0.380992591854413     
   3.95259000000000       -68.7747139668768       0.380577184401233     
   3.95260000000000       -68.7748505110442       0.380158540210494     
   3.95261000000000       -68.7749871313783       0.379736597018351     
   3.95262000000000       -68.7751238284384       0.379311290610393     
   3.95263000000000       -68.7752606027942       0.378882554735627     
   3.95264000000000       -68.7753974550261       0.378450321020454     
   3.95265000000000       -68.7755343857262       0.378014513798928     
   3.95266000000000       -68.7756713954984       0.377575070247587     
   3.95267000000000       -68.7758084849588       0.377131904901660     
   3.95268000000000       -68.7759456547354       0.376684944914691     
   3.95269000000000       -68.7760829054697       0.376234109719364     
   3.95270000000000       -68.7762202378163       0.375779315946445     
   3.95271000000000       -68.7763576524436       0.375320477306949     
   3.95272000000000       -68.7764951500346       0.374857504438818     
   3.95273000000000       -68.7766327312871       0.374390304751910     
   3.95274000000000       -68.7767703969139       0.373918777213242     
   3.95275000000000       -68.7769081476438       0.373442832372024     
   3.95276000000000       -68.7770459842226       0.372962356839149     
   3.95277000000001       -68.7771839074126       0.372477248415048     
   3.95278000000001       -68.7773219179939       0.371987400771219     
   3.95279000000001       -68.7774600167657       0.371492682895516     
   3.95280000000001       -68.7775982045457       0.370992989573194     
   3.95281000000001       -68.7777364821721       0.370488190441692     
   3.95282000000001       -68.7778748505033       0.369978149917004     
   3.95283000000001       -68.7780133104195       0.369462737127051     
   3.95284000000001       -68.7781518628237       0.368941810318504     
   3.95285000000001       -68.7782905086421       0.368415221601868     
   3.95286000000001       -68.7784292488256       0.367882816576171     
   3.95287000000001       -68.7785680843502       0.367344428823211     
   3.95288000000001       -68.7787070162191       0.366799899838532     
   3.95289000000001       -68.7788460454633       0.366249042922907     
   3.95290000000001       -68.7789851731431       0.365691673199334     
   3.95291000000001       -68.7791244003490       0.365127607120068     
   3.95292000000001       -68.7792637282040       0.364556631219896     
   3.95293000000001       -68.7794031578644       0.363978537168313     
   3.95294000000001       -68.7795426905221       0.363393100659488     
   3.95295000000001       -68.7796823274062       0.362800080588665     
   3.95296000000001       -68.7798220697844       0.362199233577655     
   3.95297000000001       -68.7799619189658       0.361590297655690     
   3.95298000000001       -68.7801018763032       0.360972991223505     
   3.95299000000001       -68.7802419431948       0.360347027295526     
   3.95300000000001       -68.7803821210869       0.359712096884076     
   3.95301000000001       -68.7805224114774       0.359067867566211     
   3.95302000000001       -68.7806628159186       0.358413992251239     
   3.95303000000001       -68.7808033360195       0.357750107470910     
   3.95304000000001       -68.7809439734509       0.357075821201545     
   3.95305000000001       -68.7810847299484       0.356390710767286     
   3.95306000000001       -68.7812256073165       0.355694335863543     
   3.95307000000001       -68.7813666074337       0.354986215358385     
   3.95308000000001       -68.7815077322575       0.354265839704181     
   3.95309000000001       -68.7816489838302       0.353532662469303     
   3.95310000000001       -68.7817903642843       0.352786101638472     
   3.95311000000001       -68.7819318758503       0.352025519813350     
   3.95312000000001       -68.7820735208634       0.351250234718741     
   3.95313000000001       -68.7822153017723       0.350459508384392     
   3.95314000000001       -68.7823572211484       0.349652535439641     
   3.95315000000001       -68.7824992816967       0.348828456283813     
   3.95316000000001       -68.7826414862670       0.347986317298720     
   3.95317000000001       -68.7827838378668       0.347125076117835     
   3.95318000000001       -68.7829263396775       0.346243594867406     
   3.95319000000001       -68.7830689950704       0.345340626077983     
   3.95320000000001       -68.7832118076263       0.344414780313331     
   3.95321000000001       -68.7833547811580       0.343464521691919     
   3.95322000000001       -68.7834979197365       0.342488133371182     
   3.95323000000001       -68.7836412277201       0.341483703870270     
   3.95324000000001       -68.7837847097906       0.340449070367363     
   3.95325000000001       -68.7839283709938       0.339381789992763     
   3.95326000000001       -68.7840722167895       0.338279074018913     
   3.95327000000001       -68.7842162531097       0.337137723100761     
   3.95328000000001       -68.7843604864308       0.335954042969701     
   3.95329000000001       -68.7845049238610       0.334723722995072     
   3.95330000000001       -68.7846495732487       0.333441666948266     
   3.95331000000001       -68.7847944433200       0.332101813133862     
   3.95332000000001       -68.7849395438519       0.330696846368145     
   3.95333000000001       -68.7850848859012       0.329217768809255     
   3.95334000000001       -68.7852304821067       0.327653372578207     
   3.95335000000001       -68.7853763471029       0.325989333170175     
   3.95336000000001       -68.7855224981033       0.324206893638051     
   3.95337000000001       -68.7856689557523       0.322280673818569     
   3.95338000000001       -68.7858157454346       0.320174831010075     
   3.95339000000001       -68.7859628994110       0.317835885402431     
   3.95340000000001       -68.7861104606118       0.315177486298225     
   3.95341000000001       -68.7862584902444       0.312042643673452     
   3.95342000000001       -68.7864070863608       0.308080548217864     
   3.95343000000001       -68.7865564520105       0.302002884739252     
   3.95344000000001       -68.7875388614438       7.479317784294300E-006
   3.95345000000001       -68.7877153798429       7.322386939900838E-006
   3.95346000000001       -68.7878918990675       7.175549452398400E-006
   3.95347000000001       -68.7880684191179       7.038589972641063E-006
   3.95348000000001       -68.7882449399939       6.902311156039194E-006
   3.95349000000001       -68.7884214616955       6.775724527230409E-006
   3.95350000000001       -68.7885979842229       6.649721054241553E-006
   3.95351000000001       -68.7887745075758       6.524355260643470E-006
   3.95352000000001       -68.7889510317543       6.408502268628880E-006
   3.95353000000001       -68.7891275567586       6.293178943221160E-006
   3.95354000000001       -68.7893040825883       6.178431125454982E-006
   3.95355000000001       -68.7894806092436       6.064303581965191E-006
   3.95356000000001       -68.7896571367245       5.950839743640302E-006
   3.95357000000001       -68.7898336650310       5.838081821455769E-006
   3.95358000000001       -68.7900101941629       5.734606558431092E-006
   3.95359000000001       -68.7901867241206       5.631703585547617E-006
   3.95360000000001       -68.7903632549037       5.529408267553511E-006
   3.95361000000001       -68.7905397865124       5.427754957117632E-006
   3.95362000000001       -68.7907163189466       5.326776975585664E-006
   3.95363000000001       -68.7908928522063       5.226506668565278E-006
   3.95364000000001       -68.7910693862916       5.126975160048748E-006
   3.95365000000001       -68.7912459212024       5.028212573347328E-006
   3.95366000000001       -68.7914224569385       4.938334915882692E-006
   3.95367000000001       -68.7915989935003       4.849067933188067E-006
   3.95368000000001       -68.7917755308874       4.760436964179604E-006
   3.95369000000001       -68.7919520691001       4.672466361377303E-006
   3.95370000000001       -68.7921286081382       4.585179658252632E-006
   3.95371000000001       -68.7923051480018       4.498599743681571E-006
   3.95372000000001       -68.7924816886908       4.412748427551350E-006
   3.95373000000001       -68.7926582302053       4.327646733045161E-006
   3.95374000000001       -68.7928347725452       4.243314767634250E-006
   3.95375000000001       -68.7930113157107       4.159771904636382E-006
   3.95376000000001       -68.7931878597015       4.077036666198334E-006
   3.95377000000001       -68.7933644045176       4.002501640121281E-006
   3.95378000000001       -68.7935409501589       3.928595776840164E-006
   3.95379000000001       -68.7937174966258       3.855334881489962E-006
   3.95380000000001       -68.7938940439182       3.782733973241766E-006
   3.95381000000001       -68.7940705920358       3.710807467897463E-006
   3.95382000000001       -68.7942471409787       3.639569151466423E-006
   3.95383000000001       -68.7944236907471       3.569032072177810E-006
   3.95384000000001       -68.7946002413408       3.499208886870164E-006
   3.95385000000001       -68.7947767927600       3.430111312023124E-006
   3.95386000000001       -68.7949533450043       3.361750727422693E-006
   3.95387000000001       -68.7951298980740       3.294137637332994E-006
   3.95388000000001       -68.7953064519690       3.227281950864599E-006
   3.95389000000001       -68.7954830066893       3.161192965987306E-006
   3.95390000000001       -68.7956595622347       3.095879568704163E-006
   3.95391000000001       -68.7958361186055       3.031349549746191E-006
   3.95392000000001       -68.7960126758016       2.967610626569694E-006
   3.95393000000001       -68.7961892338230       2.904669800315081E-006
   3.95394000000001       -68.7963657926696       2.842533195786719E-006
   3.95395000000001       -68.7965423523415       2.781206701385486E-006
   3.95396000000001       -68.7967189128387       2.726684860787643E-006
   3.95397000000001       -68.7968954741611       2.672782830837050E-006
   3.95398000000001       -68.7970720363085       2.619506231630690E-006
   3.95399000000001       -68.7972485992814       2.566860356637927E-006
   3.95400000000001       -68.7974251630793       2.514850064046688E-006
   3.95401000000001       -68.7976017277025       2.463479741088292E-006
   3.95402000000001       -68.7977782931507       2.412753496254064E-006
   3.95403000000001       -68.7979548594244       2.362674762945716E-006
   3.95404000000001       -68.7981314265230       2.313246935115032E-006
   3.95405000000001       -68.7983079944469       2.264472687955414E-006
   3.95406000000001       -68.7984845631959       2.216354604363720E-006
   3.95407000000001       -68.7986611327701       2.168894610502884E-006
   3.95408000000001       -68.7988377031694       2.122094340177109E-006
   3.95409000000001       -68.7990142743938       2.075955246520304E-006
   3.95410000000001       -68.7991908464435       2.030478309341296E-006
   3.95411000000001       -68.7993674193181       1.985664108768622E-006
   3.95412000000001       -68.7995439930177       1.941512902003950E-006
   3.95413000000001       -68.7997205675426       1.898024521551633E-006
   3.95414000000001       -68.7998971428925       1.855198586087070E-006
   3.95415000000001       -68.8000737190675       1.813034488836370E-006
   3.95416000000001       -68.8002502960675       1.771530951932831E-006
   3.95417000000001       -68.8004268738927       1.730686788325997E-006
   3.95418000000001       -68.8006034525429       1.690500535260024E-006
   3.95419000000001       -68.8007800320181       1.650970037273917E-006
   3.95420000000001       -68.8009566123182       1.612093190421030E-006
   3.95421000000001       -68.8011331934436       1.573867502842792E-006
   3.95422000000001       -68.8013097753937       1.536290104908744E-006
   3.95423000000001       -68.8014863581689       1.499357972297351E-006
   3.95424000000001       -68.8016629417692       1.463067893947567E-006
   3.95425000000001       -68.8018395261944       1.427416428168016E-006
   3.95426000000001       -68.8020161114445       1.392399868664166E-006
   3.95427000000001       -68.8021926975197       1.361791367004983E-006
   3.95428000000001       -68.8023692844199       1.331656770557170E-006
   3.95429000000001       -68.8025458721451       1.301994684806592E-006
   3.95430000000002       -68.8027224606951       1.272803312006114E-006
   3.95431000000002       -68.8028990500700       1.244080633104143E-006
   3.95432000000002       -68.8030756402698       1.215824644666223E-006
   3.95433000000002       -68.8032522312947       1.188033041129207E-006
   3.95434000000002       -68.8034288231443       1.160703405315526E-006
   3.95435000000002       -68.8036054158190       1.133833159509360E-006
   3.95436000000002       -68.8037820093185       1.107419597283036E-006
   3.95437000000002       -68.8039586036429       1.081460024051258E-006
   3.95438000000002       -68.8041351987920       1.055951196704541E-006
   3.95439000000002       -68.8043117947663       1.030890220299341E-006
   3.95440000000002       -68.8044883915654       1.006273810203832E-006
   3.95441000000002       -68.8046649891893       9.820985257628461E-007
   3.95442000000002       -68.8048415876378       9.583609373494302E-007
   3.95443000000002       -68.8050181869113       9.350575000954819E-007
   3.95444000000002       -68.8051947870098       9.121844251798924E-007
   3.95445000000002       -68.8053713879329       8.897379611590613E-007
   3.95446000000002       -68.8055479896808       8.677142891618436E-007
   3.95447000000002       -68.8057245922536       8.461095658181724E-007
   3.95448000000002       -68.8059011956511       8.249196684258683E-007
