   3.9600000381469727       -70.627481270253057       0.44155875470112549     
   3.9610000381469725       -70.641031620524103       0.44042515742634619     
   3.9620000381469724       -70.654610198984130       0.43929154360865247     
   3.9630000381469723       -70.668216972851482       0.43815795243367267     
   3.9640000381469722       -70.681851917564202       0.43702440814641080     
   3.9650000381469721       -70.695515007512270       0.43589093503976617     
   3.9660000381469720       -70.709206216057680       0.43475755744363637     
   3.9670000381469719       -70.722925515522519       0.43362429972886990     
   3.9680000381469718       -70.736672877196611       0.43249118629992828     
   3.9690000381469717       -70.750448271332374       0.43135824159577313     
   3.9700000381469716       -70.764251667157041       0.43022549008089311     
   3.9710000381469714       -70.778083032865382       0.42909295624729821     
   3.9720000381469713       -70.791942335622721       0.42796066461192872     
   3.9730000381469712       -70.805829541568073       0.42682863971058632     
   3.9740000381469711       -70.819744615822728       0.42569690609401994     
   3.9750000381469710       -70.833687522480645       0.42456548833102531     
   3.9760000381469709       -70.847658224624624       0.42343441099665319     
   3.9770000381469708       -70.861656684318802       0.42230369867609291     
   3.9780000381469707       -70.875682862616983       0.42117337595933435     
   3.9790000381469706       -70.889736719565505       0.42004346743620341     
   3.9800000381469705       -70.903818214207035       0.41891399769577026     
   3.9810000381469703       -70.917927304583472       0.41778499132213015     
   3.9820000381469702       -70.932063947741085       0.41665647289119301     
   3.9830000381469701       -70.946228099732920       0.41552846696835627     
   3.9840000381469700       -70.960419715627950       0.41440099810361802     
   3.9850000381469699       -70.974638749512692       0.41327409082874861     
   3.9860000381469698       -70.988885154494866       0.41214776965669508     
   3.9870000381469697       -71.003158882710252       0.41102205907558687     
   3.9880000381469696       -71.017459885329714       0.40989698354577392     
   3.9890000381469695       -71.031788112560662       0.40877256749863594     
   3.9900000381469694       -71.046143513657697       0.40764883533182300     
   3.9910000381469692       -71.060526036925211       0.40652581140549482     
   3.9920000381469691       -71.074935629726284       0.40540352003989000     
   3.9930000381469690       -71.089372238484771       0.40428198551403499     
   3.9940000381469689       -71.103835808698534       0.40316123205807958     
   3.9950000381469688       -71.118326284940096       0.40204128385521515     
   3.9960000381469687       -71.132843610863716       0.40092216503592010     
   3.9970000381469686       -71.147387732227386       0.39980389626897034     
   3.9980000381469685       -71.161958584917656       0.39868650834749536     
