   1.6000000238418579       -45.296610838279513       0.78280800796300076       0.43330876888990932     
   1.6010000238418578       -45.301783823010894       0.78198364539486853       0.43322563718573076     
   1.6020000238418577       -45.306968510773117       0.78115496244281823       0.43314258110934467     
   1.6030000238418576       -45.312164931883572       0.78032191199802825       0.43305960101567453     
   1.6040000238418575       -45.317373116913870       0.77948444484325230       0.43297669720354315     
   1.6050000238418574       -45.322593096694277       0.77864251857195621       0.43289387032796778     
   1.6060000238418572       -45.327824902318390       0.77779608239267994       0.43281112069714855     
   1.6070000238418571       -45.333068565148729       0.77694508703339338       0.43272844873307892     
   1.6080000238418570       -45.338324116821127       0.77608948227921037       0.43264585485830787     
   1.6090000238418569       -45.343591589250678       0.77522921694637736       0.43256333949583525     
   1.6100000238418568       -45.348871014636657       0.77436423619958483       0.43248090295062308     
   1.6110000238418567       -45.354162425468282       0.77349449193261810       0.43239854587477555     
   1.6120000238418566       -45.359465854530598       0.77261992743463770       0.43231626858225009     
   1.6130000238418565       -45.364781334909928       0.77174048736938361       0.43223407149767101     
   1.6140000238418564       -45.370108900000481       0.77085611528826370       0.43215195504591053     
   1.6150000238418563       -45.375448583510092       0.76996675359887889       0.43206991965210817     
   1.6160000238418561       -45.380800419466922       0.76907234075352038       0.43198796562228114     
   1.6170000238418560       -45.386164442226018       0.76817282209237270       0.43190609361124932     
   1.6180000238418559       -45.391540686475963       0.76726813382459391       0.43182430393386784     
   1.6190000238418558       -45.396929187245973       0.76635821343627741       0.43174259701564005     
   1.6200000238418557       -45.402329979913183       0.76544299709103314       0.43166097328206260     
   1.6210000238418556       -45.407743100209885       0.76452241682423272       0.43157943304343166     
   1.6220000238418555       -45.413168584231414       0.76359641132110212       0.43149797694585235     
   1.6230000238418554       -45.418606468443876       0.76266490998687175       0.43141660530770215     
   1.6240000238418553       -45.424056789692159       0.76172784327702181       0.43133531855349894     
   1.6250000238418552       -45.429519585208716       0.76078514010754750       0.43125411710732720     
   1.6260000238418550       -45.434994892621802       0.75983672497221166       0.43117300127864117     
   1.6270000238418549       -45.440482749964843       0.75888252897251895       0.43109197170899582     
   1.6280000238418548       -45.445983195685088       0.75792247350674236       0.43101102871521246     
   1.6290000238418547       -45.451496268653784       0.75695648082490796       0.43093017271852652     
   1.6300000238418546       -45.457022008175556       0.75598447137336877       0.43084940413919587     
   1.6310000238418545       -45.462560453998755       0.75500636074303884       0.43076872327999971     
   1.6320000238418544       -45.468111646326001       0.75402207129271959       0.43068813078154988     
   1.6330000238418543       -45.473675625824981       0.75303151495103726       0.43060762695313237     
   1.6340000238418542       -45.479252433639715       0.75203460432164271       0.43052721220966833     
   1.6350000238418541       -45.484842111402273       0.75103124691387790       0.43044688685226490     
   1.6360000238418539       -45.490444701244648       0.75002135663565683       0.43036665150629044     
   1.6370000238418538       -45.496060245811336       0.74900483676939733       0.43028650647805450     
   1.6380000238418537       -45.501688788272467       0.74798159093451888       0.43020645217435832     
   1.6390000238418536       -45.507330372336654       0.74695151729485432       0.43012648888917615     
   1.6400000238418535       -45.512985042265484       0.74591452019428117       0.43004661723482185     
   1.6410000238418534       -45.518652842887491       0.74487049289905960       0.42996683750880416     
   1.6420000238418533       -45.524333819613148       0.74381932867846701       0.42988715010655060     
   1.6430000238418532       -45.530028018450672       0.74276091484559736       0.42980755530867509     
   1.6440000238418531       -45.535735486021522       0.74169514482213750       0.42972805371542738     
   1.6450000238418530       -45.541456269577772       0.74062190022024388       0.42964864560914889     
   1.6460000238418528       -45.547190417018896       0.73954106231120020       0.42956933136948727     
   1.6470000238418527       -45.552937976910265       0.73845250574519783       0.42949011125644432     
   1.6480000238418526       -45.558698998501583       0.73735611136403223       0.42941098585821180     
   1.6490000238418525       -45.564473531746593       0.73625174714477593       0.42933195543439290     
   1.6500000238418524       -45.570261627323312       0.73513927709262517       0.42925302023305179     
   1.6510000238418523       -45.576063336655324       0.73401857078184274       0.42917418081508618     
   1.6520000238418522       -45.581878711933626       0.73288948465163983       0.42909543742539774     
   1.6530000238418521       -45.587707806139854       0.73175187062146052       0.42901679029406214     
   1.6540000238418520       -45.593550673070084       0.73060558565724065       0.42893823995421815     
   1.6550000238418519       -45.599407367359973       0.72945047307128397       0.42885978662958646     
   1.6560000238418517       -45.605277944510817       0.72828637101736660       0.42878143052526352     
   1.6570000238418516       -45.611162460916816       0.72711312225646196       0.42870317214508485     
   1.6580000238418515       -45.617060973893700       0.72593055511265858       0.42862501168409251     
   1.6590000238418514       -45.622973541708440       0.72473849199797025       0.42854694931449461     
   1.6600000238418513       -45.628900223610657       0.72353675956611407       0.42846898550789131     
   1.6610000238418512       -45.634841079865126       0.72232516571117977       0.42839112032239346     
   1.6620000238418511       -45.640796171785965       0.72110352448640858       0.42831335418664007     
   1.6630000238418510       -45.646765561772803       0.71987163443863256       0.42823568723698568     
   1.6640000238418509       -45.652749313348338       0.71862928665614412       0.42815811957895616     
   1.6650000238418508       -45.658747491197623       0.71737627502442802       0.42808065160086617     
   1.6660000238418506       -45.664760161210069       0.71611237289497276       0.42800328328457860     
   1.6670000238418505       -45.670787390522641       0.71483735840678664       0.42792601496949478     
   1.6680000238418504       -45.676829247566218       0.71355099207312322       0.42784884669989964     
   1.6690000238418503       -45.682885802113432       0.71225302483565844       0.42777177847851650     
   1.6700000238418502       -45.688957125330234       0.71094320908297626       0.42769481059025183     
   1.6710000238418501       -45.695043289829201       0.70962127342582038       0.42761794289421345     
   1.6720000238418500       -45.701144369726265       0.70828695010347908       0.42754117561495530     
   1.6730000238418499       -45.707260440700672       0.70693994650745928       0.42746450855615120     
   1.6740000238418498       -45.713391580058257       0.70557997249710114       0.42738794187576734     
   1.6750000238418497       -45.719537866798490       0.70420671166188642       0.42731147531014224     
   1.6760000238418495       -45.725699381685246       0.70281984889568072       0.42723510894286565     
   1.6770000238418494       -45.731876207322109       0.70141904100762176       0.42715884242941077     
   1.6780000238418493       -45.738068428232012       0.70000394132485255       0.42708267567589431     
   1.6790000238418492       -45.744276130942197       0.69857418720444586       0.42700660852187267     
   1.6800000238418491       -45.750499404073970       0.69712938949590209       0.42693064049378782     
   1.6810000238418490       -45.756738338438964       0.69566915551465547       0.42685477142005812     
   1.6820000238418489       -45.762993027141064       0.69419305959763833       0.42677900070228236     
   1.6830000238418488       -45.769263565685684       0.69270066729502022       0.42670332795663413     
   1.6840000238418487       -45.775550052096087       0.69119152270288753       0.42662775271746195     
   1.6850000238418485       -45.781852587037811       0.68966513632748194       0.42655227417522784     
   1.6860000238418484       -45.788171273952706       0.68812100549248312       0.42647689170849939     
   1.6870000238418483       -45.794506219201395       0.68655859763965887       0.42640160451025239     
   1.6880000238418482       -45.800857532217059       0.68497735581651675       0.42632641175719244     
   1.6890000238418481       -45.807225325671276       0.68337668193619527       0.42625131226051166     
   1.6900000238418480       -45.813609715651381       0.68175595656703447       0.42617630497248959     
   1.6910000238418479       -45.820010821853309       0.68011452143962847       0.42610138862594904     
   1.6920000238418478       -45.826428767788727       0.67845168037261372       0.42602656181051640     
   1.6930000238418477       -45.832863681010174       0.67676669611737217       0.42595182295872480     
   1.6940000238418476       -45.839315693354784       0.67505878685656440       0.42587717033044536     
   1.6950000238418474       -45.845784941209828       0.67332712230841196       0.42580260199537046     
   1.6960000238418473       -45.852271565800784       0.67157081938159702       0.42572811581365255     
   1.6970000238418472       -45.858775713506873       0.66978893731379052       0.42565370941362435     
   1.6980000238418471       -45.865297536205603       0.66798047221914147       0.42557938016705316     
   1.6990000238418470       -45.871837191650187       0.66614435095288715       0.42550512516090960     
   1.7000000238418469       -45.878394843885658       0.66427942418526054       0.42543094116524316     
   1.7010000238418468       -45.884970663705289       0.66238445449097783       0.42535682451778450     
   1.7020000238418467       -45.891564829157431       0.66045812344375276       0.42528277139433590     
   1.7030000238418466       -45.898177526105201       0.65849899776370657       0.42520877729698775     
   1.7040000238418465       -45.904808948849578       0.65650552896141157       0.42513483722576068     
   1.7050000238418463       -45.911459300824561       0.65447605285432420       0.42506094585069715     
   1.7060000238418462       -45.918128795374713       0.65240874497000456       0.42498709689659653     
   1.7070000238418461       -45.924817656629017       0.65030163171113864       0.42491328359498770     
   1.7080000238418460       -45.931526120486836       0.64815255251554027       0.42483949827093009     
   1.7090000238418459       -45.938254435734379       0.64595913949746098       0.42476573230165282     
   1.7100000238418458       -45.945002865315800       0.64371878834253515       0.42469197597282865     
   1.7110000238418457       -45.951771687786902       0.64142862372320641       0.42461821830674040     
   1.7120000238418456       -45.958561198986615       0.63908545792060623       0.42454444685548709     
   1.7130000238418455       -45.965371713970697       0.63668573652388760       0.42447064738065671     
   1.7140000238418454       -45.972203569262220       0.63422549077994639       0.42439680375380950     
   1.7150000238418452       -45.979057125489241       0.63170025451177303       0.42432289743253143     
   1.7160000238418451       -45.985932770499936       0.62910495507024267       0.42424890673832960     
   1.7170000238418450       -45.992830923071807       0.62643384092406074       0.42417480690967502     
   1.7180000238418449       -45.999752037369802       0.62368028834420264       0.42410056863552625     
   1.7190000238418448       -46.006696608358880       0.62083664849326947       0.42402615758895645     
   1.7200000238418447       -46.013665178452044       0.61789398178029720       0.42395153283653159     
   1.7210000238418446       -46.020658345780816       0.61484175190495038       0.42387664537481512     
   1.7220000238418445       -46.027676774636966       0.61166737664683568       0.42380143563811568     
   1.7230000238418444       -46.034721208877912       0.60835562099072493       0.42372583023456439     
   1.7240000238418443       -46.041792489474474       0.60488777284531559       0.42364973772117648     
   1.7250000238418441       -46.048891578009680       0.60124036635717770       0.42357304146004010     
   1.7260000238418440       -46.056019589007271       0.59738334195411369       0.42349558985436125     
   1.7270000238418439       -46.063177835883593       0.59327707695036980       0.42341718000204076     
   1.7280000238418438       -46.070367898944291       0.58886750579609171       0.42333753098715493     
   1.7290000238418437       -46.077591731263944       0.58407744914776616       0.42325623604299800     
   1.7300000238418436       -46.084851834961938       0.57878980863085872       0.42317266927560382     
   1.7310000238418435       -46.092151583010157       0.57281079819268232       0.42308578053198248     
   1.7320000238418434       -46.099495892799105       0.56577306271891026       0.42299355156924967     
   1.7330000238418433       -46.106893002766569       0.55678284248428922       0.42289100326062773     
   1.7340000238418432       -46.114362705704941       0.54116471639234387       0.42275166213574722     
   1.7350000238418430       -46.162629402538073       0.18256448173348858       0.42278639625717046     
   1.7360000238418429       -46.171194512577394       0.18256104850841126       0.42276356306344698     
   1.7370000238418428       -46.179761802461144       0.18255761804487641       0.42274071462368695     
   1.7380000238418427       -46.188331269544015       0.18255416748322606       0.42271785187075817     
   1.7390000238418426       -46.196902911184345       0.18255069685697745       0.42269497483689755     
   1.7400000238418425       -46.205476724745083       0.18254720621588177       0.42267208355418723     
   1.7410000238418424       -46.214052707593623       0.18254369621530661       0.42264917627149828     
   1.7420000238418423       -46.222630857101407       0.18254016568084910       0.42262625661994579     
   1.7430000238418422       -46.231211170644293       0.18253661528043075       0.42260332281451329     
   1.7440000238418421       -46.239793645602440       0.18253304506327395       0.42258037488715783     
   1.7450000238418419       -46.248378279360196       0.18252945507842983       0.42255741286962972     
   1.7460000238418418       -46.256965069306368       0.18252584537500610       0.42253443679361524     
   1.7470000238418417       -46.265554012833917       0.18252221600179233       0.42251144669070828     
   1.7480000238418416       -46.274145107339841       0.18251856700757091       0.42248844259254448     
   1.7490000238418415       -46.282738350225962       0.18251489844089669       0.42246542453051172     
   1.7500000238418414       -46.291333738897571       0.18251121035030099       0.42244239253616706     
   1.7510000238418413       -46.299931270765001       0.18250750218294784       0.42241934845029788     
   1.7520000238418412       -46.308530943242239       0.18250377520141778       0.42239628865306683     
   1.7530000238418411       -46.317132753747515       0.18250002884052641       0.42237321501783515     
   1.7540000238418409       -46.325736699703782       0.18249626314813538       0.42235012757589208     
   1.7550000238418408       -46.334342778537959       0.18249247817208553       0.42232702635830793     
   1.7560000238418407       -46.342950987680766       0.18248867396018498       0.42230391139624857     
   1.7570000238418406       -46.351561324567740       0.18248485055998614       0.42228078272055114     
   1.7580000238418405       -46.360173786638178       0.18248100801899975       0.42225764036225066     
   1.7590000238418404       -46.368788371335583       0.18247714638460519       0.42223448435216915     
   1.7600000238418403       -46.377405076108133       0.18247326570399933       0.42221131472102513     
   1.7610000238418402       -46.386023898407458       0.18246936602433500       0.42218813149964696     
   1.7620000238418401       -46.394644835690094       0.18246544798371808       0.42216493289544926     
   1.7630000238418400       -46.403267885415971       0.18246151043518216       0.42214172261713223     
   1.7640000238418398       -46.411893045049666       0.18245755402848457       0.42211849883967317     
   1.7650000238418397       -46.420520312059786       0.18245357881017460       0.42209526159366245     
   1.7660000238418396       -46.429149683919256       0.18244958482673501       0.42207201090960733     
   1.7670000238418395       -46.437781158104762       0.18244557212457435       0.42204874681783811     
   1.7680000238418394       -46.446414732097402       0.18244154074991714       0.42202546934865492     
   1.7690000238418393       -46.455050403382266       0.18243749074889631       0.42200217853235855     
   1.7700000238418392       -46.463688169448389       0.18243342216760203       0.42197887439919213     
   1.7710000238418391       -46.472328027789565       0.18242933505182013       0.42195555697909709     
   1.7720000238418390       -46.480969975903093       0.18242522944736234       0.42193222630228688     
   1.7730000238418389       -46.489614011290165       0.18242110539991907       0.42190888239877289     
   1.7740000238418387       -46.498260131456867       0.18241696237870356       0.42188552712399535     
   1.7750000238418386       -46.506908333912726       0.18241280159253745       0.42186215682649958     
   1.7760000238418385       -46.515558616171305       0.18240862249946307       0.42183877339231618     
   1.7770000238418384       -46.524210975750783       0.18240442514456884       0.42181537685135295     
   1.7780000238418383       -46.532865410172839       0.18240020957298311       0.42179196723327450     
   1.7790000238418382       -46.541521916963525       0.18239597582958045       0.42176854456783380     
   1.7800000238418381       -46.550180493652775       0.18239172395926798       0.42174510888450983     
   1.7810000238418380       -46.558841137774735       0.18238745400670001       0.42172166021285301     
   1.7820000238418379       -46.567503846867410       0.18238316601651539       0.42169819858235597     
   1.7830000238418378       -46.576168618472920       0.18237886003313125       0.42167472402238482     
   1.7840000238418376       -46.584835450137248       0.18237453610097798       0.42165123656233888     
   1.7850000238418375       -46.593504339410686       0.18237019426431827       0.42162773623146044     
   1.7860000238418374       -46.602175283847586       0.18236583456717834       0.42160422305892176     
   1.7870000238418373       -46.610848281005715       0.18236145761177788       0.42158069525357128     
   1.7880000238418372       -46.619523328447080       0.18235706231552121       0.42155715651487730     
   1.7890000238418371       -46.628200423738420       0.18235264929073258       0.42153360502115067     
   1.7900000238418370       -46.636879564449266       0.18234821858114092       0.42151004080170107     
   1.7910000238418369       -46.645560748153940       0.18234377023024656       0.42148646388539590     
   1.7920000238418368       -46.654243972430308       0.18233930428154677       0.42146287430118023     
   1.7930000238418367       -46.662929234860542       0.18233482077828217       0.42143927207784615     
   1.7940000238418365       -46.671616533030701       0.18233031976373992       0.42141565724410784     
   1.7950000238418364       -46.680305864530432       0.18232580128097653       0.42139202982877899     
   1.7960000238418363       -46.688997226953646       0.18232126537302931       0.42136838986045366     
   1.7970000238418362       -46.697690617898189       0.18231671208275613       0.42134473736773914     
   1.7980000238418361       -46.706386034965782       0.18231214145288754       0.42132107237916427     
