   3.0000000000000000       -30.012245693578215       0.49999920385073515     
   2.9990000000000001       -30.003245708053175       0.49999918776685148     
   2.9980000000000002       -29.994245722820558       0.49999917135802868     
   2.9970000000000003       -29.985245737886277       0.49999915461770023     
   2.9960000000000004       -29.976245753256350       0.49999913753916836     
   2.9950000000000006       -29.967245768936941       0.49999912011559933     
   2.9940000000000007       -29.958245784934306       0.49999910234002226     
   2.9930000000000008       -29.949245801254854       0.49999908420532496     
   2.9920000000000009       -29.940245817905115       0.49999906570425107     
   2.9910000000000010       -29.931245834891747       0.49999904682939839     
   2.9900000000000011       -29.922245852221543       0.49999902757321457     
   2.9890000000000012       -29.913245869901445       0.49999900792799523     
   2.9880000000000013       -29.904245887938522       0.49999898788587921     
   2.9870000000000014       -29.895245906339984       0.49999896743884775     
   2.9860000000000015       -29.886245925113201       0.49999894657871924     
   2.9850000000000017       -29.877245944265681       0.49999892529714685     
   2.9840000000000018       -29.868245963805087       0.49999890358561561     
   2.9830000000000019       -29.859245983739235       0.49999888143543753     
   2.9820000000000020       -29.850246004076098       0.49999885883774975     
   2.9810000000000021       -29.841246024823818       0.49999883578350990     
   2.9800000000000022       -29.832246045990690       0.49999881226349330     
   2.9790000000000023       -29.823246067585181       0.49999878826828859     
   2.9780000000000024       -29.814246089615938       0.49999876378829394     
   2.9770000000000025       -29.805246112091776       0.49999873881371393     
   2.9760000000000026       -29.796246135021672       0.49999871333455492     
   2.9750000000000028       -29.787246158414820       0.49999868734062108     
   2.9740000000000029       -29.778246182280569       0.49999866082151123     
   2.9730000000000030       -29.769246206628463       0.49999863376661302     
   2.9720000000000031       -29.760246231468251       0.49999860616510056     
   2.9710000000000032       -29.751246256809868       0.49999857800592817     
   2.9700000000000033       -29.742246282663451       0.49999854927782778     
   2.9690000000000034       -29.733246309039352       0.49999851996930328     
   2.9680000000000035       -29.724246335948113       0.49999849006862579     
   2.9670000000000036       -29.715246363400507       0.49999845956383004     
   2.9660000000000037       -29.706246391407518       0.49999842844270836     
   2.9650000000000039       -29.697246419980345       0.49999839669280671     
   2.9640000000000040       -29.688246449130425       0.49999836430141897     
   2.9630000000000041       -29.679246478869420       0.49999833125558246     
   2.9620000000000042       -29.670246509209235       0.49999829754207270     
   2.9610000000000043       -29.661246540161994       0.49999826314739704     
   2.9600000000000044       -29.652246571740097       0.49999822805779076     
   2.9590000000000045       -29.643246603956172       0.49999819225921116     
   2.9580000000000046       -29.634246636823107       0.49999815573733053     
   2.9570000000000047       -29.625246670354059       0.49999811847753289     
   2.9560000000000048       -29.616246704562435       0.49999808046490618     
   2.9550000000000050       -29.607246739461932       0.49999804168423634     
   2.9540000000000051       -29.598246775066507       0.49999800212000295     
   2.9530000000000052       -29.589246811390410       0.49999796175637073     
   2.9520000000000053       -29.580246848448169       0.49999792057718495     
   2.9510000000000054       -29.571246886254627       0.49999787856596378     
   2.9500000000000055       -29.562246924824890       0.49999783570589262     
   2.9490000000000056       -29.553246964174409       0.49999779197981664     
   2.9480000000000057       -29.544247004318919       0.49999774737023450     
   2.9470000000000058       -29.535247045274492       0.49999770185929066     
   2.9460000000000059       -29.526247087057506       0.49999765542876873     
   2.9450000000000061       -29.517247129684687       0.49999760806008375     
   2.9440000000000062       -29.508247173173089       0.49999755973427579     
   2.9430000000000063       -29.499247217540109       0.49999751043200047     
   2.9420000000000064       -29.490247262803521       0.49999746013352325     
   2.9410000000000065       -29.481247308981409       0.49999740881870991     
   2.9400000000000066       -29.472247356092264       0.49999735646701932     
   2.9390000000000067       -29.463247404154945       0.49999730305749512     
   2.9380000000000068       -29.454247453188671       0.49999724856875677     
   2.9370000000000069       -29.445247503213075       0.49999719297899226     
   2.9360000000000070       -29.436247554248173       0.49999713626594733     
   2.9350000000000072       -29.427247606314378       0.49999707840691876     
   2.9340000000000073       -29.418247659432541       0.49999701937874313     
   2.9330000000000074       -29.409247713623902       0.49999695915778958     
   2.9320000000000075       -29.400247768910162       0.49999689771994899     
   2.9310000000000076       -29.391247825313439       0.49999683504062453     
   2.9300000000000077       -29.382247882856298       0.49999677109472174     
   2.9290000000000078       -29.373247941561779       0.49999670585663925     
   2.9280000000000079       -29.364248001453369       0.49999663930025739     
   2.9270000000000080       -29.355248062555045       0.49999657139892811     
   2.9260000000000081       -29.346248124891243       0.49999650212546498     
   2.9250000000000083       -29.337248188486932       0.49999643145213085     
   2.9240000000000084       -29.328248253367541       0.49999635935062803     
   2.9230000000000085       -29.319248319559051       0.49999628579208621     
   2.9220000000000086       -29.310248387087945       0.49999621074705153     
   2.9210000000000087       -29.301248455981256       0.49999613418547384     
   2.9200000000000088       -29.292248526266555       0.49999605607669495     
   2.9190000000000089       -29.283248597971973       0.49999597638943682     
   2.9180000000000090       -29.274248671126198       0.49999589509178843     
   2.9170000000000091       -29.265248745758523       0.49999581215119360     
   2.9160000000000093       -29.256248821898815       0.49999572753443666     
   2.9150000000000094       -29.247248899577546       0.49999564120763057     
   2.9140000000000095       -29.238248978825808       0.49999555313620231     
   2.9130000000000096       -29.229249059675325       0.49999546328487932     
   2.9120000000000097       -29.220249142158451       0.49999537161767560     
   2.9110000000000098       -29.211249226308208       0.49999527809787669     
   2.9100000000000099       -29.202249312158273       0.49999518268802517     
   2.9090000000000100       -29.193249399743010       0.49999508534990572     
   2.9080000000000101       -29.184249489097482       0.49999498604452985     
   2.9070000000000102       -29.175249580257450       0.49999488473211939     
   2.9060000000000104       -29.166249673259408       0.49999478137209152     
   2.9050000000000105       -29.157249768140591       0.49999467592304253     
   2.9040000000000106       -29.148249864938972       0.49999456834272965     
   2.9030000000000107       -29.139249963693302       0.49999445858805586     
   2.9020000000000108       -29.130250064443114       0.49999434661505127     
   2.9010000000000109       -29.121250167228741       0.49999423237885626     
   2.9000000000000110       -29.112250272091330       0.49999411583370296     
   2.8990000000000111       -29.103250379072865       0.49999399693289703     
   2.8980000000000112       -29.094250488216165       0.49999387562879871     
   2.8970000000000113       -29.085250599564937       0.49999375187280365     
   2.8960000000000115       -29.076250713163759       0.49999362561532340     
   2.8950000000000116       -29.067250829058100       0.49999349680576582     
   2.8940000000000117       -29.058250947294379       0.49999336539251371     
   2.8930000000000118       -29.049251067919911       0.49999323132290513     
   2.8920000000000119       -29.040251190983014       0.49999309454321167     
   2.8910000000000120       -29.031251316532952       0.49999295499861623     
   2.8900000000000121       -29.022251444619993       0.49999281263319212     
   2.8890000000000122       -29.013251575295421       0.49999266738987991     
   2.8880000000000123       -29.004251708611580       0.49999251921046384     
   2.8870000000000124       -28.995251844621823       0.49999236803554986     
   2.8860000000000126       -28.986251983380637       0.49999221380453979     
   2.8850000000000127       -28.977252124943568       0.49999205645560835     
   2.8840000000000128       -28.968252269367323       0.49999189592567778     
   2.8830000000000129       -28.959252416709724       0.49999173215039172     
   2.8820000000000130       -28.950252567029775       0.49999156506409104     
   2.8810000000000131       -28.941252720387684       0.49999139459978487     
   2.8800000000000132       -28.932252876844863       0.49999122068912538     
   2.8790000000000133       -28.923253036463976       0.49999104326237970     
   2.8780000000000134       -28.914253199308945       0.49999086224840145     
   2.8770000000000135       -28.905253365444995       0.49999067757460264     
   2.8760000000000137       -28.896253534938666       0.49999048916692346     
   2.8750000000000138       -28.887253707857845       0.49999029694980313     
   2.8740000000000139       -28.878253884271793       0.49999010084614909     
   2.8730000000000140       -28.869254064251180       0.49998990077730565     
   2.8720000000000141       -28.860254247868092       0.49998969666302251     
   2.8710000000000142       -28.851254435196083       0.49998948842142243     
   2.8700000000000143       -28.842254626310190       0.49998927596896703     
   2.8690000000000144       -28.833254821286975       0.49998905922042464     
   2.8680000000000145       -28.824255020204557       0.49998883808883460     
   2.8670000000000146       -28.815255223142618       0.49998861248547249     
   2.8660000000000148       -28.806255430182453       0.49998838231981402     
   2.8650000000000149       -28.797255641407034       0.49998814749949894     
   2.8640000000000150       -28.788255856900975       0.49998790793029257     
   2.8630000000000151       -28.779256076750620       0.49998766351604879     
   2.8620000000000152       -28.770256301044064       0.49998741415867026     
   2.8610000000000153       -28.761256529871169       0.49998715975806907     
   2.8600000000000154       -28.752256763323647       0.49998690021212588     
   2.8590000000000155       -28.743257001495039       0.49998663541664862     
   2.8580000000000156       -28.734257244480787       0.49998636526533047     
   2.8570000000000157       -28.725257492378280       0.49998608964970653     
   2.8560000000000159       -28.716257745286860       0.49998580845910912     
   2.8550000000000160       -28.707258003307889       0.49998552158062398     
   2.8540000000000161       -28.698258266544784       0.49998522889904440     
   2.8530000000000162       -28.689258535103054       0.49998493029682284     
   2.8520000000000163       -28.680258809090351       0.49998462565402502     
   2.8510000000000164       -28.671259088616498       0.49998431484827993     
   2.8500000000000165       -28.662259373793546       0.49998399775473090     
   2.8490000000000166       -28.653259664735831       0.49998367424598439     
   2.8480000000000167       -28.644259961559975       0.49998334419205787     
   2.8470000000000169       -28.635260264384989       0.49998300746032714     
   2.8460000000000170       -28.626260573332296       0.49998266391547325     
   2.8450000000000171       -28.617260888525756       0.49998231341942567     
   2.8440000000000172       -28.608261210091761       0.49998195583130706     
   2.8430000000000173       -28.599261538159258       0.49998159100737599     
   2.8420000000000174       -28.590261872859806       0.49998121880096735     
   2.8410000000000175       -28.581262214327626       0.49998083906243423     
   2.8400000000000176       -28.572262562699684       0.49998045163908500     
   2.8390000000000177       -28.563262918115683       0.49998005637512183     
   2.8380000000000178       -28.554263280718192       0.49997965311157699     
   2.8370000000000180       -28.545263650652657       0.49997924168624824     
   2.8360000000000181       -28.536264028067471       0.49997882193363158     
   2.8350000000000182       -28.527264413114043       0.49997839368485469     
   2.8340000000000183       -28.518264805946849       0.49997795676760681     
   2.8330000000000184       -28.509265206723498       0.49997751100606930     
   2.8320000000000185       -28.500265615604800       0.49997705622084243     
   2.8310000000000186       -28.491266032754819       0.49997659222887314     
   2.8300000000000187       -28.482266458340952       0.49997611884337850     
   2.8290000000000188       -28.473266892533992       0.49997563587377047     
   2.8280000000000189       -28.464267335508197       0.49997514312557745     
   2.8270000000000191       -28.455267787441368       0.49997464040036377     
   2.8260000000000192       -28.446268248514897       0.49997412749564862     
   2.8250000000000193       -28.437268718913881       0.49997360420482345     
   2.8240000000000194       -28.428269198827152       0.49997307031706584     
   2.8230000000000195       -28.419269688447379       0.49997252561725297     
   2.8220000000000196       -28.410270187971165       0.49997196988587472     
   2.8210000000000197       -28.401270697599074       0.49997140289894099     
   2.8200000000000198       -28.392271217535757       0.49997082442789076     
   2.8190000000000199       -28.383271747990026       0.49997023423949766     
   2.8180000000000200       -28.374272289174922       0.49996963209577394     
   2.8170000000000202       -28.365272841307828       0.49996901775387087     
   2.8160000000000203       -28.356273404610526       0.49996839096598045     
   2.8150000000000204       -28.347273979309314       0.49996775147923217     
   2.8140000000000205       -28.338274565635086       0.49996709903558745     
   2.8130000000000206       -28.329275163823429       0.49996643337173441     
   2.8120000000000207       -28.320275774114720       0.49996575421897776     
   2.8110000000000208       -28.311276396754213       0.49996506130312862     
   2.8100000000000209       -28.302277031992158       0.49996435434438902     
   2.8090000000000210       -28.293277680083882       0.49996363305723723     
   2.8080000000000211       -28.284278341289919       0.49996289715030912     
   2.8070000000000213       -28.275279015876087       0.49996214632627656     
   2.8060000000000214       -28.266279704113614       0.49996138028172393     
   2.8050000000000215       -28.257280406279250       0.49996059870702197     
   2.8040000000000216       -28.248281122655371       0.49995980128619888     
   2.8030000000000217       -28.239281853530102       0.49995898769680824     
   2.8020000000000218       -28.230282599197416       0.49995815760979478     
   2.8010000000000219       -28.221283359957305       0.49995731068935750     
   2.8000000000000220       -28.212284136115830       0.49995644659280852     
   2.7990000000000221       -28.203284927985298       0.49995556497042987     
   2.7980000000000222       -28.194285735884385       0.49995466546532807     
   2.7970000000000224       -28.185286560138227       0.49995374771328316     
   2.7960000000000225       -28.176287401078628       0.49995281134259745     
   2.7950000000000226       -28.167288259044113       0.49995185597393849     
   2.7940000000000227       -28.158289134380116       0.49995088122018050     
   2.7930000000000228       -28.149290027439122       0.49994988668624063     
   2.7920000000000229       -28.140290938580787       0.49994887196891391     
   2.7910000000000230       -28.131291868172095       0.49994783665670262     
   2.7900000000000231       -28.122292816587539       0.49994678032964274     
   2.7890000000000232       -28.113293784209212       0.49994570255912724     
   2.7880000000000233       -28.104294771427035       0.49994460290772491     
   2.7870000000000235       -28.095295778638867       0.49994348092899454     
   2.7860000000000236       -28.086296806250683       0.49994233616729683     
   2.7850000000000237       -28.077297854676743       0.49994116815760098     
   2.7840000000000238       -28.068298924339782       0.49993997642528737     
   2.7830000000000239       -28.059300015671145       0.49993876048594527     
   2.7820000000000240       -28.050301129110995       0.49993751984516854     
   2.7810000000000241       -28.041302265108477       0.49993625399834346     
   2.7800000000000242       -28.032303424121935       0.49993496243043406     
   2.7790000000000243       -28.023304606619060       0.49993364461576323     
   2.7780000000000244       -28.014305813077097       0.49993229999912880     
   2.7770000000000246       -28.005307043983070       0.49993092806904482     
   2.7760000000000247       -27.996308299833949       0.49992952824897202     
   2.7750000000000248       -27.987309581136866       0.49992809996836446     
   2.7740000000000249       -27.978310888409343       0.49992664264486070     
   2.7730000000000250       -27.969312222179468       0.49992515568403345     
   2.7720000000000251       -27.960313582986174       0.49992363847913279     
   2.7710000000000252       -27.951314971379400       0.49992209041082564     
   2.7700000000000253       -27.942316387920350       0.49992051084692712     
   2.7690000000000254       -27.933317833181750       0.49991889914212756     
   2.7680000000000256       -27.924319307748029       0.49991725463771342     
   2.7670000000000257       -27.915320812215619       0.49991557666128156     
   2.7660000000000258       -27.906322347193164       0.49991386452644637     
   2.7650000000000259       -27.897323913301808       0.49991211753254167     
   2.7640000000000260       -27.888325511175427       0.49991033496431592     
   2.7630000000000261       -27.879327141460912       0.49990851609161902     
   2.7620000000000262       -27.870328804818417       0.49990666016908403     
   2.7610000000000263       -27.861330501921675       0.49990476643580029     
   2.7600000000000264       -27.852332233458242       0.49990283411498004     
   2.7590000000000265       -27.843334000129804       0.49990086241361742     
   2.7580000000000267       -27.834335802652475       0.49989885052213789     
   2.7570000000000268       -27.825337641757095       0.49989679761404432     
   2.7560000000000269       -27.816339518189515       0.49989470284554893     
   2.7550000000000270       -27.807341432710963       0.49989256535520216     
   2.7540000000000271       -27.798343386098317       0.49989038426351023     
   2.7530000000000272       -27.789345379144450       0.49988815867254360     
   2.7520000000000273       -27.780347412658578       0.49988588766553971     
   2.7510000000000274       -27.771349487466580       0.49988357030649183     
   2.7500000000000275       -27.762351604411361       0.49988120563973365     
   2.7490000000000276       -27.753353764353214       0.49987879268950913     
   2.7480000000000278       -27.744355968170186       0.49987633045953700     
   2.7470000000000279       -27.735358216758424       0.49987381793256230     
   2.7460000000000280       -27.726360511032588       0.49987125406989796     
   2.7450000000000281       -27.717362851926239       0.49986863781095775     
   2.7440000000000282       -27.708365240392226       0.49986596807277450     
   2.7430000000000283       -27.699367677403085       0.49986324374951185     
   2.7420000000000284       -27.690370163951474       0.49986046371196047     
   2.7410000000000285       -27.681372701050602       0.49985762680702411     
   2.7400000000000286       -27.672375289734628       0.49985473185719481     
   2.7390000000000287       -27.663377931059163       0.49985177766001360     
   2.7380000000000289       -27.654380626101652       0.49984876298752007     
   2.7370000000000290       -27.645383375961906       0.49984568658568684     
   2.7360000000000291       -27.636386181762539       0.49984254717384463     
   2.7350000000000292       -27.627389044649465       0.49983934344408887     
   2.7340000000000293       -27.618391965792384       0.49983607406067559     
   2.7330000000000294       -27.609394946385279       0.49983273765940162     
   2.7320000000000295       -27.600397987646993       0.49982933284697001     
   2.7310000000000296       -27.591401090821670       0.49982585820034053     
   2.7300000000000297       -27.582404257179370       0.49982231226606394     
   2.7290000000000298       -27.573407488016581       0.49981869355960146     
   2.7280000000000300       -27.564410784656801       0.49981500056462624     
   2.7270000000000301       -27.555414148451106       0.49981123173230935     
   2.7260000000000302       -27.546417580778765       0.49980738548058717     
   2.7250000000000303       -27.537421083047818       0.49980346019341204     
   2.7240000000000304       -27.528424656695702       0.49979945421998434     
   2.7230000000000305       -27.519428303189898       0.49979536587396456     
   2.7220000000000306       -27.510432024028557       0.49979119343266898     
   2.7210000000000307       -27.501435820741172       0.49978693513624123     
   2.7200000000000308       -27.492439694889271       0.49978258918680829     
   2.7190000000000309       -27.483443648067063       0.49977815374761192     
   2.7180000000000311       -27.474447681902202       0.49977362694211952     
   2.7170000000000312       -27.465451798056463       0.49976900685311459     
   2.7160000000000313       -27.456455998226527       0.49976429152176266     
   2.7150000000000314       -27.447460284144697       0.49975947894665346     
   2.7140000000000315       -27.438464657579697       0.49975456708282134     
   2.7130000000000316       -27.429469120337458       0.49974955384073927     
   2.7120000000000317       -27.420473674261942       0.49974443708528793     
   2.7110000000000318       -27.411478321235940       0.49973921463469889     
   2.7100000000000319       -27.402483063181965       0.49973388425947124     
   2.7090000000000320       -27.393487902063093       0.49972844368126013     
   2.7080000000000322       -27.384492839883841       0.49972289057173719     
   2.7070000000000323       -27.375497878691117       0.49971722255142242     
   2.7060000000000324       -27.366503020575117       0.49971143718848476     
   2.7050000000000325       -27.357508267670294       0.49970553199751461     
   2.7040000000000326       -27.348513622156325       0.49969950443826050     
   2.7030000000000327       -27.339519086259124       0.49969335191433700     
   2.7020000000000328       -27.330524662251843       0.49968707177189725     
   2.7010000000000329       -27.321530352455930       0.49968066129827143     
   2.7000000000000330       -27.312536159242221       0.49967411772056902     
   2.6990000000000332       -27.303542085031992       0.49966743820424647     
   2.6980000000000333       -27.294548132298111       0.49966061985163485     
   2.6970000000000334       -27.285554303566194       0.49965365970042985     
   2.6960000000000335       -27.276560601415770       0.49964655472214342     
   2.6950000000000336       -27.267567028481473       0.49963930182051164     
   2.6940000000000337       -27.258573587454308       0.49963189782986206     
   2.6930000000000338       -27.249580281082885       0.49962433951343815     
   2.6920000000000339       -27.240587112174737       0.49961662356167719     
   2.6910000000000340       -27.231594083597638       0.49960874659044369     
   2.6900000000000341       -27.222601198280955       0.49960070524423944     
   2.6890000000000343       -27.213608459217042       0.49959249578328602     
   2.6880000000000344       -27.204615869462675       0.49958411468540947     
   2.6870000000000345       -27.195623432140501       0.49957555824960942     
   2.6860000000000346       -27.186631150440547       0.49956682269074204     
   2.6850000000000347       -27.177639027621737       0.49955790413744722     
   2.6840000000000348       -27.168647067013474       0.49954879863001778     
   2.6830000000000349       -27.159655272017247       0.49953950211821180     
   2.6820000000000350       -27.150663646108288       0.49953001045900319     
   2.6810000000000351       -27.141672192837248       0.49952031941427283     
   2.6800000000000352       -27.132680915831937       0.49951042464843237     
   2.6790000000000354       -27.123689818799104       0.49950032172598618     
   2.6780000000000355       -27.114698905526261       0.49949000610902305     
   2.6770000000000356       -27.105708179883525       0.49947947315463775     
   2.6760000000000357       -27.096717645825578       0.49946871811228288     
   2.6750000000000358       -27.087727307393578       0.49945773612104449     
   2.6740000000000359       -27.078737168717204       0.49944652220684177     
   2.6730000000000360       -27.069747234016710       0.49943507127954806     
   2.6720000000000361       -27.060757507605029       0.49942337813003118     
   2.6710000000000362       -27.051767993889964       0.49941143742710803     
   2.6700000000000363       -27.042778697376395       0.49939924371441602     
   2.6690000000000365       -27.033789622668571       0.49938679140719106     
   2.6680000000000366       -27.024800774472446       0.49937407478895818     
   2.6670000000000367       -27.015812157598088       0.49936108800812423     
   2.6660000000000368       -27.006823776962118       0.49934782507447462     
   2.6650000000000369       -26.997835637590278       0.49933427985556883     
   2.6640000000000370       -26.988847744619996       0.49932044607303144     
   2.6630000000000371       -26.979860103303039       0.49930631729873731     
   2.6620000000000372       -26.970872719008277       0.49929188695088567     
   2.6610000000000373       -26.961885597224455       0.49927714828996045     
   2.6600000000000374       -26.952898743563097       0.49926209441457264     
   2.6590000000000376       -26.943912163761421       0.49924671825718231     
   2.6580000000000377       -26.934925863685397       0.49923101257969510     
   2.6570000000000378       -26.925939849332860       0.49921496996893100     
   2.6560000000000379       -26.916954126836686       0.49919858283195812     
   2.6550000000000380       -26.907968702468082       0.49918184339129223     
   2.6540000000000381       -26.898983582639946       0.49916474367995256     
   2.6530000000000382       -26.889998773910335       0.49914727553637367     
   2.6520000000000383       -26.881014282986001       0.49912943059916604     
   2.6510000000000384       -26.872030116726044       0.49911120030172224     
   2.6500000000000385       -26.863046282145650       0.49909257586666378     
   2.6490000000000387       -26.854062786419952       0.49907354830012174     
   2.6480000000000388       -26.845079636887967       0.49905410838585035     
   2.6470000000000389       -26.836096841056641       0.49903424642071820     
   2.6460000000000390       -26.827114406605045       0.49901395321296310     
   2.6450000000000391       -26.818132341388640       0.49899321860957280     
   2.6440000000000392       -26.809150653443687       0.49897203244193722     
   2.6430000000000393       -26.800169350991759       0.49895038428684724     
   2.6420000000000394       -26.791188442444380       0.49892826345946834     
   2.6410000000000395       -26.782207936407826       0.49890565900610223     
   2.6400000000000396       -26.773227841688001       0.49888255969673462     
   2.6390000000000398       -26.764248167295491       0.49885895401735614     
   2.6380000000000399       -26.755268922450764       0.49883483016205804     
   2.6370000000000400       -26.746290116589456       0.49881017602488686     
   2.6360000000000401       -26.737311759367905       0.49878497919145837     
   2.6350000000000402       -26.728333860668705       0.49875922693032021     
   2.6340000000000403       -26.719356430606567       0.49873290618405541     
   2.6330000000000404       -26.710379479534218       0.49870600356012229     
   2.6320000000000405       -26.701403018048541       0.49867850532141905     
   2.6310000000000406       -26.692427056996852       0.49865039737656880     
   2.6300000000000407       -26.683451607483370       0.49862166526991675     
   2.6290000000000409       -26.674476680875870       0.49859229417122880     
   2.6280000000000410       -26.665502288812515       0.49856226886508659     
   2.6270000000000411       -26.656528443208895       0.49853157373996937     
   2.6260000000000412       -26.647555156265224       0.49850019277701541     
   2.6250000000000413       -26.638582440473829       0.49846810953845211     
   2.6240000000000414       -26.629610308626749       0.49843530715569045     
   2.6230000000000415       -26.620638773823618       0.49840176831707189     
   2.6220000000000416       -26.611667849479744       0.49836747570758572     
   2.6210000000000417       -26.602697549334440       0.49833241025155128     
   2.6200000000000419       -26.593727887459565       0.49829655362786812     
   2.6190000000000420       -26.584758878268318       0.49825988662427306     
   2.6180000000000421       -26.575790536524288       0.49822238951889858     
   2.6170000000000422       -26.566822877350752       0.49818404206580325     
   2.6160000000000423       -26.557855916240268       0.49814482348010330     
   2.6150000000000424       -26.548889669064465       0.49810471242269905     
   2.6140000000000425       -26.539924152084218       0.49806368698459180     
   2.6130000000000426       -26.530959381959999       0.49802172467078176     
   2.6120000000000427       -26.521995375762621       0.49797880238374809     
   2.6110000000000428       -26.513032150984195       0.49793489640650068     
   2.6100000000000430       -26.504069725549471       0.49788998238520343     
   2.6090000000000431       -26.495108117827460       0.49784403531136573     
   2.6080000000000432       -26.486147346643357       0.49779702950360183     
   2.6070000000000433       -26.477187431290854       0.49774893858895425     
   2.6060000000000434       -26.468228391544763       0.49769973481903829     
   2.6050000000000435       -26.459270247673956       0.49764939159200922     
   2.6040000000000436       -26.450313020454754       0.49759787977534703     
   2.6030000000000437       -26.441356731184563       0.49754517003052573     
   2.6020000000000438       -26.432401401695966       0.49749123222690955     
   2.6010000000000439       -26.423447054371181       0.49743603542040948     
   2.6000000000000441       -26.414493712156862       0.49737954783172178     
   2.5990000000000442       -26.405541398579356       0.49732173682415720     
   2.5980000000000443       -26.396590137760320       0.49726256888107034     
   2.5970000000000444       -26.387639954432760       0.49720200958290639     
   2.5960000000000445       -26.378690873957488       0.49714002358387510     
   2.5950000000000446       -26.369742922339984       0.49707657546001399     
   2.5940000000000447       -26.360796126247713       0.49701162638335689     
   2.5930000000000448       -26.351850513027848       0.49694513881282454     
   2.5920000000000449       -26.342906110725441       0.49687707346657439     
   2.5910000000000450       -26.333962948102037       0.49680739001699159     
   2.5900000000000452       -26.325021054654727       0.49673604706599483     
   2.5890000000000453       -26.316080460635650       0.49666300212021536     
   2.5880000000000454       -26.307141197071982       0.49658821156609240     
   2.5870000000000455       -26.298203295786283       0.49651162956568651     
   2.5860000000000456       -26.289266789417415       0.49643321207889657     
   2.5850000000000457       -26.280331711441846       0.49635291110361923     
   2.5840000000000458       -26.271398096195419       0.49627067827849619     
   2.5830000000000459       -26.262465978895577       0.49618646399316407     
   2.5820000000000460       -26.253535395664073       0.49610021736266963     
   2.5810000000000461       -26.244606383550050       0.49601188745728503     
   2.5800000000000463       -26.235678980553701       0.49592141861829525     
   2.5790000000000464       -26.226753225650249       0.49582875698257145     
   2.5780000000000465       -26.217829158814432       0.49573384634216278     
   2.5770000000000466       -26.208906821045463       0.49563662909519846     
   2.5760000000000467       -26.199986254392364       0.49553704467376380     
   2.5750000000000468       -26.191067501979791       0.49543503520320037     
   2.5740000000000469       -26.182150608034295       0.49533053755035122     
   2.5730000000000470       -26.173235617911033       0.49522348959795920     
   2.5720000000000471       -26.164322578120924       0.49511382414587551     
   2.5710000000000472       -26.155411536358272       0.49500147567865088     
   2.5700000000000474       -26.146502541528868       0.49488637612555231     
   2.5690000000000475       -26.137595643778607       0.49476845384568208     
   2.5680000000000476       -26.128690894522574       0.49464764068896411     
   2.5670000000000477       -26.119788346474760       0.49452386394259296     
   2.5660000000000478       -26.110888053678295       0.49439704621307329     
   2.5650000000000479       -26.101990071536395       0.49426711061832251     
   2.5640000000000480       -26.093094456843996       0.49413398151078464     
   2.5630000000000481       -26.084201267820163       0.49399757951057388     
   2.5620000000000482       -26.075310564141446       0.49385781997859013     
   2.5610000000000483       -26.066422406976216       0.49371461808205575     
   2.5600000000000485       -26.057536859020146       0.49356789120789418     
   2.5590000000000486       -26.048653984533033       0.49341755296540973     
   2.5580000000000487       -26.039773849377170       0.49326350609100317     
   2.5570000000000488       -26.030896521057407       0.49310566659522936     
   2.5560000000000489       -26.022022068763309       0.49294393165444894     
   2.5550000000000490       -26.013150563413596       0.49277821202743444     
   2.5540000000000491       -26.004282077703373       0.49260839895440722     
   2.5530000000000492       -25.995416686154428       0.49243439677054163     
   2.5520000000000493       -25.986554465169199       0.49225609884470423     
   2.5510000000000495       -25.977695493088913       0.49207339116184312     
   2.5500000000000496       -25.968839850256558       0.49188616329105667     
   2.5490000000000497       -25.959987619085428       0.49169429527343056     
   2.5480000000000498       -25.951138884134057       0.49149767363669816     
   2.5470000000000499       -25.942293732188460       0.49129616444402952     
   2.5460000000000500       -25.933452252352854       0.49108963909323322     
   2.5450000000000501       -25.924614536149960       0.49087795695162900     
   2.5440000000000502       -25.915780677632313       0.49066098023516475     
   2.5430000000000503       -25.906950773506104       0.49043855726889507     
   2.5420000000000504       -25.898124923269261       0.49021052347811978     
   2.5410000000000506       -25.889303229365780       0.48997671359754613     
   2.5400000000000507       -25.880485797358350       0.48973694898780606     
   2.5390000000000508       -25.871672736121699       0.48949103984630860     
   2.5380000000000509       -25.862864158059317       0.48923878049092284     
