   1.8500000238418579       -44.966415254195809       0.39284768555355010     
   1.8490000238418580       -44.957487867690958       0.39287152051898061     
   1.8480000238418581       -44.948562437639382       0.39289534959131639     
   1.8470000238418582       -44.939638966360079       0.39291917134772664     
   1.8460000238418584       -44.930717456175927       0.39294298577083059     
   1.8450000238418585       -44.921797909413080       0.39296679284350960     
   1.8440000238418586       -44.912880328402039       0.39299059254854218     
   1.8430000238418587       -44.903964715477152       0.39301438486867712     
   1.8420000238418588       -44.895051072976372       0.39303816978666339     
   1.8410000238418589       -44.886139403241891       0.39306194728516608     
   1.8400000238418590       -44.877229708619069       0.39308571734689335     
   1.8390000238418591       -44.868321991458224       0.39310947995440121     
   1.8380000238418592       -44.859416254112489       0.39313323509030940     
   1.8370000238418593       -44.850512498939580       0.39315698273716182     
   1.8360000238418595       -44.841610728300765       0.39318072287746819     
   1.8350000238418596       -44.832710944561498       0.39320445549370098     
   1.8340000238418597       -44.823813150090835       0.39322818056830960     
   1.8330000238418598       -44.814917347261982       0.39325189808369493     
   1.8320000238418599       -44.806023538451839       0.39327560802222528     
   1.8310000238418600       -44.797131726041862       0.39329931036619764     
   1.8300000238418601       -44.788241912416552       0.39332300509793849     
   1.8290000238418602       -44.779354099964820       0.39334669219972224     
   1.8280000238418603       -44.770468291079425       0.39337037165375843     
   1.8270000238418604       -44.761584488157538       0.39339404344219259     
   1.8260000238418606       -44.752702693599701       0.39341770754719352     
   1.8250000238418607       -44.743822909810724       0.39344136395086055     
   1.8240000238418608       -44.734945139199120       0.39346501263529732     
   1.8230000238418609       -44.726069384177961       0.39348865358249330     
   1.8220000238418610       -44.717195647163457       0.39351228677449490     
   1.8210000238418611       -44.708323930576924       0.39353591219319539     
   1.8200000238418612       -44.699454236842563       0.39355952982057762     
   1.8190000238418613       -44.690586568389364       0.39358313963849495     
   1.8180000238418614       -44.681720927650133       0.39360674162878811     
   1.8170000238418615       -44.672857317061805       0.39363033577324646     
   1.8160000238418617       -44.663995739064674       0.39365392205369248     
   1.8150000238418618       -44.655136196104074       0.39367750045182420     
   1.8140000238418619       -44.646278690628790       0.39370107094933265     
   1.8130000238418620       -44.637423225091752       0.39372463352788462     
   1.8120000238418621       -44.628569801950171       0.39374818816908658     
   1.8110000238418622       -44.619718423665134       0.39377173485450595     
   1.8100000238418623       -44.610869092701684       0.39379527356571586     
   1.8090000238418624       -44.602021811529404       0.39381880428415772     
   1.8080000238418625       -44.593176582621545       0.39384232699133498     
   1.8070000238418626       -44.584333408455450       0.39386584166866812     
   1.8060000238418628       -44.575492291512894       0.39388934829752220     
   1.8050000238418629       -44.566653234279691       0.39391284685923800     
   1.8040000238418630       -44.557816239245440       0.39393633733514227     
   1.8030000238418631       -44.548981308904196       0.39395981970648064     
   1.8020000238418632       -44.540148445754099       0.39398329395447962     
   1.8010000238418633       -44.531317652297446       0.39400676006030877     
   1.8000000238418634       -44.522488931040627       0.39403021800513366     
   1.7990000238418635       -44.513662284493932       0.39405366777008011     
   1.7980000238418636       -44.504837715172371       0.39407710933617301     
   1.7970000238418637       -44.496015225594832       0.39410054268445255     
   1.7960000238418639       -44.487194818284301       0.39412396779589115     
   1.7950000238418640       -44.478376495767861       0.39414738465148169     
   1.7940000238418641       -44.469560260577545       0.39417079323203635     
   1.7930000238418642       -44.460746115248241       0.39419419351852586     
   1.7920000238418643       -44.451934062320497       0.39421758549168512     
   1.7910000238418644       -44.443124104338033       0.39424096913232520     
   1.7900000238418645       -44.434316243848968       0.39426434442123010     
   1.7890000238418646       -44.425510483406100       0.39428771133905766     
   1.7880000238418647       -44.416706825566294       0.39431106986646625     
   1.7870000238418648       -44.407905272890446       0.39433441998405511     
   1.7860000238418650       -44.399105827943792       0.39435776167244641     
   1.7850000238418651       -44.390308493295777       0.39438109491215256     
   1.7840000238418652       -44.381513271520134       0.39440441968369938     
   1.7830000238418653       -44.372720165195169       0.39442773596747244     
   1.7820000238418654       -44.363929176903120       0.39445104374392448     
   1.7810000238418655       -44.355140309230570       0.39447434299341111     
   1.7800000238418656       -44.346353564768229       0.39449763369630680     
   1.7790000238418657       -44.337568946111539       0.39452091583284349     
   1.7780000238418658       -44.328786455860218       0.39454418938324531     
   1.7770000238418659       -44.320006096617725       0.39456745432777129     
   1.7760000238418661       -44.311227870992710       0.39459071064650958     
   1.7750000238418662       -44.302451781596915       0.39461395831967344     
   1.7740000238418663       -44.293677831048008       0.39463719732721236     
   1.7730000238418664       -44.284906021966350       0.39466042764927767     
   1.7720000238418665       -44.276136356978185       0.39468364926576904     
   1.7710000238418666       -44.267368838712983       0.39470686215667256     
   1.7700000238418667       -44.258603469805017       0.39473006630188673     
   1.7690000238418668       -44.249840252893229       0.39475326168124125     
   1.7680000238418669       -44.241079190620248       0.39477644827458036     
   1.7670000238418671       -44.232320285633691       0.39479962606164620     
   1.7660000238418672       -44.223563540585346       0.39482279502218925     
   1.7650000238418673       -44.214808958131371       0.39484595513588477     
   1.7640000238418674       -44.206056540932245       0.39486910638237893     
   1.7630000238418675       -44.197306291653099       0.39489224874126871     
   1.7620000238418676       -44.188558212963429       0.39491538219209338     
   1.7610000238418677       -44.179812307537112       0.39493850671436026     
   1.7600000238418678       -44.171068578052441       0.39496162228752818     
   1.7590000238418679       -44.162327027192127       0.39498472889105218     
   1.7580000238418680       -44.153587657643577       0.39500782650425503     
   1.7570000238418682       -44.144850472098241       0.39503091510650290     
   1.7560000238418683       -44.136115473252367       0.39505399467707258     
   1.7550000238418684       -44.127382663806564       0.39507706519520774     
   1.7540000238418685       -44.118652046466082       0.39510012664007677     
   1.7530000238418686       -44.109923623940354       0.39512317899086924     
   1.7520000238418687       -44.101197398943611       0.39514622222665208     
   1.7510000238418688       -44.092473374194320       0.39516925632652650     
   1.7500000238418689       -44.083751552415627       0.39519228126947936     
   1.7490000238418690       -44.075031936335435       0.39521529703446034     
   1.7480000238418691       -44.066314528685446       0.39523830360045603     
   1.7470000238418693       -44.057599332202855       0.39526130094625955     
   1.7460000238418694       -44.048886349628525       0.39528428905077689     
   1.7450000238418695       -44.040175583708731       0.39530726789272069     
   1.7440000238418696       -44.031467037193302       0.39533023745088869     
   1.7430000238418697       -44.022760712837275       0.39535319770396943     
   1.7420000238418698       -44.014056613400214       0.39537614863060333     
   1.7410000238418699       -44.005354741646414       0.39539909020934549     
   1.7400000238418700       -43.996655100344256       0.39542202241880564     
   1.7390000238418701       -43.987957692267102       0.39544494523746043     
   1.7380000238418702       -43.979262520192670       0.39546785906130555     
   1.7370000238418704       -43.970569586903686       0.39549076303435038     
   1.7360000238418705       -43.961878895186999       0.39551365755181739     
   1.7350000238418706       -43.953190447834402       0.39553654259204019     
   1.7340000238418707       -43.944504247642350       0.39555941813326517     
   1.7330000238418708       -43.935820297411581       0.39558228415376528     
   1.7320000238418709       -43.927138599947909       0.39560514063167795     
   1.7310000238418710       -43.918459158061601       0.39562798754512596     
   1.7300000238418711       -43.909781974567409       0.39565082487222747     
   1.7290000238418712       -43.901107052285113       0.39567365259097986     
   1.7280000238418713       -43.892434394038879       0.39569647067939218     
   1.7270000238418715       -43.883764002658040       0.39571927911534083     
   1.7260000238418716       -43.875095880975721       0.39574207787678822     
   1.7250000238418717       -43.866430031830603       0.39576486694152707     
   1.7240000238418718       -43.857766458065804       0.39578764628733137     
   1.7230000238418719       -43.849105162528886       0.39581041589198651     
   1.7220000238418720       -43.840446148072367       0.39583317573316507     
   1.7210000238418721       -43.831789417553608       0.39585592578849327     
   1.7200000238418722       -43.823134973834541       0.39587866603558436     
   1.7190000238418723       -43.814482819781844       0.39590139645197142     
   1.7180000238418724       -43.805832958266855       0.39592411701515656     
   1.7170000238418726       -43.797185392166135       0.39594682770255524     
   1.7160000238418727       -43.788540124359976       0.39596952849163397     
   1.7150000238418728       -43.779897157735171       0.39599221935961515     
   1.7140000238418729       -43.771256495181241       0.39601490028393094     
   1.7130000238418730       -43.762618139594117       0.39603757124173183     
   1.7120000238418731       -43.753982093873766       0.39606023221023867     
   1.7110000238418732       -43.745348360925085       0.39608288316659501     
   1.7100000238418733       -43.736716943657790       0.39610552408789973     
   1.7090000238418734       -43.728087844986632       0.39612815495116771     
   1.7080000238418735       -43.719461067830430       0.39615077573347218     
   1.7070000238418737       -43.710836615114069       0.39617338641165056     
   1.7060000238418738       -43.702214489766206       0.39619598696265762     
   1.7050000238418739       -43.693594694720886       0.39621857736329746     
   1.7040000238418740       -43.684977232916836       0.39624115759037470     
   1.7030000238418741       -43.676362107297457       0.39626372762064782     
   1.7020000238418742       -43.667749320811545       0.39628628743076250     
   1.7010000238418743       -43.659138876412406       0.39630883699736819     
   1.7000000238418744       -43.650530777058115       0.39633137629704546     
   1.6990000238418745       -43.641925025712261       0.39635390530628017     
   1.6980000238418747       -43.633321625342077       0.39637642400165013     
   1.6970000238418748       -43.624720578921199       0.39639893235949375     
   1.6960000238418749       -43.616121889427369       0.39642143035620225     
   1.6950000238418750       -43.607525559843246       0.39644391796810230     
   1.6940000238418751       -43.598931593156706       0.39646639517143756     
   1.6930000238418752       -43.590339992360022       0.39648886194250482     
   1.6920000238418753       -43.581750760451285       0.39651131825734531     
   1.6910000238418754       -43.573163900432945       0.39653376409213509     
   1.6900000238418755       -43.564579415312160       0.39655619942294140     
   1.6890000238418756       -43.555997308101752       0.39657862422573276     
   1.6880000238418758       -43.547417581819055       0.39660103847647910     
   1.6870000238418759       -43.538840239486660       0.39662344215104228     
   1.6860000238418760       -43.530265284131815       0.39664583522529273     
   1.6850000238418761       -43.521692718786973       0.39666821767501226     
   1.6840000238418762       -43.513122546489761       0.39669058947590757     
   1.6830000238418763       -43.504554770282411       0.39671295060367684     
   1.6820000238418764       -43.495989393212383       0.39673530103397731     
   1.6810000238418765       -43.487426418332191       0.39675764074233383     
   1.6800000238418766       -43.478865848699570       0.39677996970426077     
   1.6790000238418767       -43.470307687376746       0.39680228789525263     
   1.6780000238418769       -43.461751937431586       0.39682459529068581     
   1.6770000238418770       -43.453198601936798       0.39684689186590943     
   1.6760000238418771       -43.444647683970025       0.39686917759622387     
   1.6750000238418772       -43.436099186613795       0.39689145245691598     
   1.6740000238418773       -43.427553112956630       0.39691371642306772     
   1.6730000238418774       -43.419009466091069       0.39693596946989468     
   1.6720000238418775       -43.410468249115098       0.39695821157245897     
   1.6710000238418776       -43.401929465132170       0.39698044270574750     
   1.6700000238418777       -43.393393117250660       0.39700266284472036     
   1.6690000238418778       -43.384859208583549       0.39702487196432035     
   1.6680000238418780       -43.376327742249785       0.39704707003935369     
   1.6670000238418781       -43.367798721372587       0.39706925704467089     
   1.6660000238418782       -43.359272149081292       0.39709143295491789     
   1.6650000238418783       -43.350748028509443       0.39711359774485527     
   1.6640000238418784       -43.342226362796104       0.39713575138908763     
   1.6630000238418785       -43.333707155085790       0.39715789386214684     
   1.6620000238418786       -43.325190408527810       0.39718002513857453     
   1.6610000238418787       -43.316676126276612       0.39720214519282293     
   1.6600000238418788       -43.308164311492312       0.39722425399925121     
   1.6590000238418789       -43.299654967339563       0.39724635153223986     
   1.6580000238418791       -43.291148096988785       0.39726843776602300     
   1.6570000238418792       -43.282643703615221       0.39729051267483734     
   1.6560000238418793       -43.274141790399568       0.39731257623285393     
   1.6550000238418794       -43.265642360527423       0.39733462841418699     
   1.6540000238418795       -43.257145417189953       0.39735666919287033     
   1.6530000238418796       -43.248650963583444       0.39737869854287727     
   1.6520000238418797       -43.240159002909429       0.39740071643816399     
   1.6510000238418798       -43.231669538374732       0.39742272285256103     
   1.6500000238418799       -43.223182573190968       0.39744471775996165     
   1.6490000238418800       -43.214698110576116       0.39746670113399696     
   1.6480000238418802       -43.206216153752166       0.39748867294846241     
   1.6470000238418803       -43.197736705947150       0.39751063317694707     
   1.6460000238418804       -43.189259770394195       0.39753258179303558     
   1.6450000238418805       -43.180785350331753       0.39755451877023035     
   1.6440000238418806       -43.172313449003624       0.39757644408198090     
   1.6430000238418807       -43.163844069658481       0.39759835770173729     
   1.6420000238418808       -43.155377215550864       0.39762025960279607     
   1.6410000238418809       -43.146912889940580       0.39764214975840417     
   1.6400000238418810       -43.138451096092453       0.39766402814181134     
   1.6390000238418811       -43.129991837276684       0.39768589472619364     
   1.6380000238418813       -43.121535116769124       0.39770774948462029     
   1.6370000238418814       -43.113080937851109       0.39772959239006633     
   1.6360000238418815       -43.104629303808458       0.39775142341558595     
   1.6350000238418816       -43.096180217933025       0.39777324253409096     
   1.6340000238418817       -43.087733683522117       0.39779504971839724     
   1.6330000238418818       -43.079289703878217       0.39781684494128933     
   1.6320000238418819       -43.070848282309122       0.39783862817551419     
   1.6310000238418820       -43.062409422128241       0.39786039939370382     
   1.6300000238418821       -43.053973126654192       0.39788215856849674     
   1.6290000238418822       -43.045539399210888       0.39790390567245537     
   1.6280000238418824       -43.037108243128159       0.39792564067799352     
   1.6270000238418825       -43.028679661740597       0.39794736355759963     
   1.6260000238418826       -43.020253658388839       0.39796907428357930     
   1.6250000238418827       -43.011830236418696       0.39799077282821643     
   1.6240000238418828       -43.003409399181102       0.39801245916380473     
   1.6230000238418829       -42.994991150033137       0.39803413326243992     
   1.6220000238418830       -42.986575492336542       0.39805579509629641     
   1.6210000238418831       -42.978162429459438       0.39807744463734207     
   1.6200000238418832       -42.969751964774510       0.39809908185760207     
   1.6190000238418834       -42.961344101660423       0.39812070672899108     
   1.6180000238418835       -42.952938843501386       0.39814231922333848     
   1.6170000238418836       -42.944536193686773       0.39816391931244893     
   1.6160000238418837       -42.936136155611720       0.39818550696805116     
   1.6150000238418838       -42.927738732676744       0.39820708216179235     
   1.6140000238418839       -42.919343928288157       0.39822864486523846     
   1.6130000238418840       -42.910951745857204       0.39825019504998188     
   1.6120000238418841       -42.902562188801113       0.39827173268746990     
   1.6110000238418842       -42.894175260542703       0.39829325774908042     
   1.6100000238418843       -42.885790964510065       0.39831477020616807     
   1.6090000238418845       -42.877409304137110       0.39833627002999328     
   1.6080000238418846       -42.869030282862916       0.39835775719179212     
   1.6070000238418847       -42.860653904132391       0.39837923166269662     
   1.6060000238418848       -42.852280171396082       0.39840069341377493     
   1.6050000238418849       -42.843909088109982       0.39842214241604335     
   1.6040000238418850       -42.835540657735827       0.39844357864043656     
   1.6030000238418851       -42.827174883740646       0.39846500205785523     
   1.6020000238418852       -42.818811769597261       0.39848641263910217     
   1.6010000238418853       -42.810451318784068       0.39850781035493399     
