   6.0000000000000000       -57.784656874953249       0.52599587265133096     
   6.0010000000000003       -57.794125390616109       0.52606143443731546     
   6.0020000000000007       -57.803595087034097       0.52612706763264760     
   6.0030000000000010       -57.813065965493394       0.52619277238074225     
   6.0040000000000013       -57.822538027283429       0.52625854886922108     
   6.0050000000000017       -57.832011273697567       0.52632439728611480     
   6.0060000000000020       -57.841485706032245       0.52639031781988843     
   6.0070000000000023       -57.850961325586880       0.52645631065947562     
   6.0080000000000027       -57.860438133664800       0.52652237599423524     
   6.0090000000000030       -57.869916131572936       0.52658851401398510     
   6.0100000000000033       -57.879395320620951       0.52665472490898746     
   6.0110000000000037       -57.888875702122498       0.52672100886995121     
   6.0120000000000040       -57.898357277394283       0.52678736608805654     
   6.0130000000000043       -57.907840047757162       0.52685379675491761     
   6.0140000000000047       -57.917324014534664       0.52692030106261045     
   6.0150000000000050       -57.926809179053762       0.52698687920368970     
   6.0160000000000053       -57.936295542645382       0.52705353137115707     
   6.0170000000000057       -57.945783106644242       0.52712025775845450     
   6.0180000000000060       -57.955271872386973       0.52718705855953074     
   6.0190000000000063       -57.964761841215882       0.52725393396877396     
   6.0200000000000067       -57.974253014474968       0.52732088418106082     
   6.0210000000000070       -57.983745393512834       0.52738790939171687     
   6.0220000000000073       -57.993238979680882       0.52745500979654758     
   6.0230000000000077       -58.002733774334729       0.52752218559184272     
   6.0240000000000080       -58.012229778832904       0.52758943697437100     
   6.0250000000000083       -58.021726994537886       0.52765676414136442     
   6.0260000000000087       -58.031225422815268       0.52772416729055283     
   6.0270000000000090       -58.040725065034955       0.52779164662013711     
   6.0280000000000094       -58.050225922569716       0.52785920232880357     
   6.0290000000000097       -58.059727996796568       0.52792683461573853     
   6.0300000000000100       -58.069231289094951       0.52799454395060241     
   6.0310000000000104       -58.078735800849394       0.52806232999681424     
   6.0320000000000107       -58.088241533446961       0.52813019322181287     
   6.0330000000000110       -58.097748488278754       0.52819813382676062     
   6.0340000000000114       -58.107256666739403       0.52826615201329885     
   6.0350000000000117       -58.116766070227285       0.52833424798358486     
   6.0360000000000120       -58.126276700144366       0.52840242194026554     
   6.0370000000000124       -58.135788557895893       0.52847067408650661     
   6.0380000000000127       -58.145301644891497       0.52853900462597136     
   6.0390000000000130       -58.154815962544014       0.52860741376282638     
   6.0400000000000134       -58.164331512269776       0.52867590170177259     
   6.0410000000000137       -58.173848295489265       0.52874446864800617     
   6.0420000000000140       -58.183366313626664       0.52881311480724280     
   6.0430000000000144       -58.192885568109318       0.52888184038572128     
   6.0440000000000147       -58.202406060368830       0.52895064559019789     
   6.0450000000000150       -58.211927791840438       0.52901953062795437     
   6.0460000000000154       -58.221450763962693       0.52908849570679717     
   6.0470000000000157       -58.230974978178288       0.52915754103506607     
   6.0480000000000160       -58.240500435933654       0.52922666682162178     
   6.0490000000000164       -58.250027138679044       0.52929587327586269     
   6.0500000000000167       -58.259555087868449       0.52936516060771666     
   6.0510000000000170       -58.269084284959199       0.52943452902766508     
   6.0520000000000174       -58.278614731412894       0.52950397874672051     
   6.0530000000000177       -58.288146428694972       0.52957350997643005     
   6.0540000000000180       -58.297679378274459       0.52964312292889471     
   6.0550000000000184       -58.307213581624247       0.52971281781676482     
   6.0560000000000187       -58.316749040221133       0.52978259485323598     
   6.0570000000000190       -58.326285755545676       0.52985245425206084     
   6.0580000000000194       -58.335823729082534       0.52992239622753623     
   6.0590000000000197       -58.345362962319648       0.52999242099453570     
   6.0600000000000200       -58.354903456749369       0.53006252876847793     
   6.0610000000000204       -58.364445213867896       0.53013271976534748     
   6.0620000000000207       -58.373988235175048       0.53020299420170025     
   6.0630000000000210       -58.383532522174747       0.53027335229465278     
   6.0640000000000214       -58.393078076374771       0.53034379426190315     
   6.0650000000000217       -58.402624899286749       0.53041432032170810     
   6.0660000000000220       -58.412172992426562       0.53048493069291380     
   6.0670000000000224       -58.421722357313229       0.53055562559494218     
   6.0680000000000227       -58.431272995470948       0.53062640524778570     
   6.0690000000000230       -58.440824908426777       0.53069726987204158     
   6.0700000000000234       -58.450378097712495       0.53076821968887267     
   6.0710000000000237       -58.459932564863372       0.53083925492004780     
   6.0720000000000240       -58.469488311418786       0.53091037578792211     
   6.0730000000000244       -58.479045338922560       0.53098158251544392     
   6.0740000000000247       -58.488603648921803       0.53105287532616618     
   6.0750000000000250       -58.498163242968133       0.53112425444424027     
   6.0760000000000254       -58.507724122617148       0.53119572009442062     
   6.0770000000000257       -58.517286289428597       0.53126727250206940     
   6.0780000000000260       -58.526849744965887       0.53133891189315241     
   6.0790000000000264       -58.536414490796986       0.53141063849426529     
   6.0800000000000267       -58.545980528493601       0.53148245253259185     
   6.0810000000000271       -58.555547859631595       0.53155435423597286     
   6.0820000000000274       -58.565116485791236       0.53162634383282603     
   6.0830000000000277       -58.574686408556175       0.53169842155223823     
   6.0840000000000281       -58.584257629515335       0.53177058762388663     
   6.0850000000000284       -58.593830150260601       0.53184284227811029     
   6.0860000000000287       -58.603403972388946       0.53191518574584840     
   6.0870000000000291       -58.612979097500826       0.53198761825871055     
   6.0880000000000294       -58.622555527201115       0.53206014004892233     
   6.0890000000000297       -58.632133263099000       0.53213275134937532     
   6.0900000000000301       -58.641712306807861       0.53220545239357375     
   6.0910000000000304       -58.651292659945113       0.53227824341571373     
   6.0920000000000307       -58.660874324132521       0.53235112465060652     
   6.0930000000000311       -58.670457300995892       0.53242409633374255     
   6.0940000000000314       -58.680041592165438       0.53249715899581074     
   6.0950000000000317       -58.689627199275819       0.53257031228846385     
   6.0960000000000321       -58.699214123965568       0.53264355673981989     
   6.0970000000000324       -58.708802367877830       0.53271689258802746     
   6.0980000000000327       -58.718391932659586       0.53279032007192439     
   6.0990000000000331       -58.727982819962939       0.53286383943095350     
   6.1000000000000334       -58.737575031443214       0.53293745090531641     
   6.1010000000000337       -58.747168568761253       0.53301115473584626     
   6.1020000000000341       -58.756763433581085       0.53308495116410193     
   6.1030000000000344       -58.766359627572093       0.53315884043228179     
   6.1040000000000347       -58.775957152407287       0.53323282278332929     
   6.1050000000000351       -58.785556009764470       0.53330689846084667     
   6.1060000000000354       -58.795156201325760       0.53338106770914084     
   6.1070000000000357       -58.804757728777602       0.53345533077325624     
   6.1080000000000361       -58.814360593810854       0.53352968789890254     
   6.1090000000000364       -58.823964798120798       0.53360413933253625     
   6.1100000000000367       -58.833570343407459       0.53367868532127538     
   6.1110000000000371       -58.843177231374675       0.53375332611301696     
   6.1120000000000374       -58.852785463731401       0.53382806195635490     
   6.1130000000000377       -58.862395042190670       0.53390289310060002     
   6.1140000000000381       -58.872005968470411       0.53397781979578041     
   6.1150000000000384       -58.881618244292497       0.53405284229269800     
   6.1160000000000387       -58.891231871383731       0.53412796084287562     
   6.1170000000000391       -58.900846851475357       0.53420317569855280     
   6.1180000000000394       -58.910463186303126       0.53427848711275105     
   6.1190000000000397       -58.920080877607518       0.53435389533920308     
   6.1200000000000401       -58.929699927133136       0.53442940063242161     
   6.1210000000000404       -58.939320336629834       0.53450500324766725     
   6.1220000000000407       -58.948942107851451       0.53458070344095887     
   6.1230000000000411       -58.958565242556752       0.53465650146908250     
   6.1240000000000414       -58.968189742509161       0.53473239758958058     
   6.1250000000000417       -58.977815609476792       0.53480839206078323     
   6.1260000000000421       -58.987442845231982       0.53488448514180931     
   6.1270000000000424       -58.997071451551975       0.53496067709252570     
   6.1280000000000427       -59.006701430219429       0.53503696817359137     
   6.1290000000000431       -59.016332783020367       0.53511335864647691     
   6.1300000000000434       -59.025965511746691       0.53518984877342934     
   6.1310000000000437       -59.035599618193771       0.53526643881749980     
   6.1320000000000441       -59.045235104163467       0.53534312904252701     
   6.1330000000000444       -59.054871971460756       0.53541991971316949     
   6.1340000000000447       -59.064510221896377       0.53549681109489500     
   6.1350000000000451       -59.074149857285555       0.53557380345397632     
   6.1360000000000454       -59.083790879447790       0.53565089705752600     
   6.1370000000000458       -59.093433290208552       0.53572809217346029     
   6.1380000000000461       -59.103077091397004       0.53580538907053077     
   6.1390000000000464       -59.112722284847749       0.53588278801832012     
   6.1400000000000468       -59.122368872400408       0.53596028928725137     
   6.1410000000000471       -59.132016855898719       0.53603789314860106     
   6.1420000000000474       -59.141666237192268       0.53611559987445401     
   6.1430000000000478       -59.151317018135032       0.53619340973778407     
   6.1440000000000481       -59.160969200585768       0.53627132301240754     
   6.1450000000000484       -59.170622786408273       0.53634933997300782     
   6.1460000000000488       -59.180277777471431       0.53642746089512094     
   6.1470000000000491       -59.189934175648929       0.53650568605516302     
   6.1480000000000494       -59.199591982820117       0.53658401604965311     
   6.1490000000000498       -59.209251200868202       0.53666245052301575     
   6.1500000000000501       -59.218911831682000       0.53674099006887843     
   6.1510000000000504       -59.228573877155632       0.53681963496720320     
   6.1520000000000508       -59.238237339187606       0.53689838549881930     
   6.1530000000000511       -59.247902219682430       0.53697724194546381     
   6.1540000000000514       -59.257568520548489       0.53705620458979575     
   6.1550000000000518       -59.267236243700140       0.53713527371535708     
   6.1560000000000521       -59.276905391056879       0.53721444960661535     
   6.1570000000000524       -59.286575964542372       0.53729373254896551     
   6.1580000000000528       -59.296247966087087       0.53737312282872018     
   6.1590000000000531       -59.305921397624743       0.53745262073313782     
   6.1600000000000534       -59.315596261095862       0.53753222655038047     
   6.1610000000000538       -59.325272558445008       0.53761194056959105     
   6.1620000000000541       -59.334950291622611       0.53769176308083044     
   6.1630000000000544       -59.344629462584216       0.53777169437513239     
   6.1640000000000548       -59.354310073290520       0.53785173474447701     
   6.1650000000000551       -59.363992125707391       0.53793188448181062     
   6.1660000000000554       -59.373675621806463       0.53801214388104379     
   6.1670000000000558       -59.383360563563812       0.53809251323707319     
   6.1680000000000561       -59.393046952961498       0.53817299284577114     
   6.1690000000000564       -59.402734791986859       0.53825358300399551     
   6.1700000000000568       -59.412424082632228       0.53833428400959782     
   6.1710000000000571       -59.422114826896077       0.53841509616142202     
   6.1720000000000574       -59.431807026781293       0.53849601975932393     
   6.1730000000000578       -59.441500684296223       0.53857705510417231     
   6.1740000000000581       -59.451195801456066       0.53865820249783236     
   6.1750000000000584       -59.460892380279375       0.53873946224321478     
   6.1760000000000588       -59.470590422792029       0.53882083464424602     
   6.1770000000000591       -59.480289931024316       0.53890232000588534     
   6.1780000000000594       -59.489990907012000       0.53898391863413364     
   6.1790000000000598       -59.499693352796832       0.53906563083604908     
   6.1800000000000601       -59.509397270426192       0.53914745691972743     
   6.1810000000000604       -59.519102661952275       0.53922939719433183     
   6.1820000000000608       -59.528809529433737       0.53931145197008634     
   6.1830000000000611       -59.538517874934065       0.53939362155829773     
   6.1840000000000614       -59.548227700522759       0.53947590627134223     
   6.1850000000000618       -59.557939008275106       0.53955830642267166     
   6.1860000000000621       -59.567651800271463       0.53964082232685895     
   6.1870000000000624       -59.577366078598672       0.53972345429954283     
   6.1880000000000628       -59.587081845348379       0.53980620265748991     
   6.1890000000000631       -59.596799102618768       0.53988906771856460     
   6.1900000000000635       -59.606517852513072       0.53997204980176228     
   6.1910000000000638       -59.616238097140709       0.54005514922719555     
   6.1920000000000641       -59.625959838616772       0.54013836631611611     
   6.1930000000000645       -59.635683079061984       0.54022170139090819     
   6.1940000000000648       -59.645407820602948       0.54030515511761079     
   6.1950000000000651       -59.655134065372494       0.54038872714146102     
   6.1960000000000655       -59.664861815508552       0.54047241812534341     
   6.1970000000000658       -59.674591073155717       0.54055622839629036     
   6.1980000000000661       -59.684321840463831       0.54064015828249457     
   6.1990000000000665       -59.694054119588941       0.54072420811333977     
   6.2000000000000668       -59.703787912693443       0.54080837821938843     
   6.2010000000000671       -59.713523221944705       0.54089266893242494     
   6.2020000000000675       -59.723260049516952       0.54097708058541116     
   6.2030000000000678       -59.732998397590116       0.54106161351254789     
   6.2040000000000681       -59.742738268350124       0.54114626804922517     
   6.2050000000000685       -59.752479663988872       0.54123104453209980     
   6.2060000000000688       -59.762222586704510       0.54131594329905797     
   6.2070000000000691       -59.771967038701447       0.54140096468919752     
   6.2080000000000695       -59.781713022189507       0.54148610904290251     
   6.2090000000000698       -59.791460539385191       0.54157137670182753     
   6.2100000000000701       -59.801209592511540       0.54165676800884044     
   6.2110000000000705       -59.810960183796837       0.54174228330816787     
   6.2120000000000708       -59.820712315476314       0.54182792294525617     
   6.2130000000000711       -59.830465989791044       0.54191368726688571     
   6.2140000000000715       -59.840221208988481       0.54199957662109854     
   6.2150000000000718       -59.849977975322489       0.54208559135730050     
   6.2160000000000721       -59.859736291052911       0.54217173182617495     
   6.2170000000000725       -59.869496158446225       0.54225799837975075     
   6.2180000000000728       -59.879257579775057       0.54234439137139889     
   6.2190000000000731       -59.889020557318588       0.54243091115583264     
   6.2200000000000735       -59.898785093362314       0.54251755808912527     
   6.2210000000000738       -59.908551190198025       0.54260433252868667     
   6.2220000000000741       -59.918318850124102       0.54269123483335735     
   6.2230000000000745       -59.928088075445302       0.54277826536331353     
   6.2240000000000748       -59.937858868473114       0.54286542448012587     
   6.2250000000000751       -59.947631231525172       0.54295271254678434     
   6.2260000000000755       -59.957405166926129       0.54304012992769346     
   6.2270000000000758       -59.967180677006596       0.54312767698866149     
   6.2280000000000761       -59.976957764104363       0.54321535409693023     
   6.2290000000000765       -59.986736430563361       0.54330316162119929     
   6.2300000000000768       -59.996516678734658       0.54339109993159229     
   6.2310000000000771       -60.006298510975540       0.54347916939971463     
   6.2320000000000775       -60.016081929650625       0.54356737039862946     
   6.2330000000000778       -60.025866937130473       0.54365570366424187     
   6.2340000000000781       -60.035653535792498       0.54374416885626187     
   6.2350000000000785       -60.045441728021920       0.54383276670730374     
   6.2360000000000788       -60.055231516209460       0.54392149759642427     
   6.2370000000000791       -60.065022902753228       0.54401036190421026     
   6.2380000000000795       -60.074815890058446       0.54409936001275894     
   6.2390000000000798       -60.084610480537037       0.54418849230571720     
   6.2400000000000801       -60.094406676607434       0.54427775916829957     
   6.2410000000000805       -60.104204480695920       0.54436716098726212     
   6.2420000000000808       -60.114003895234362       0.54445669815095499     
   6.2430000000000812       -60.123804922663112       0.54454637104930692     
   6.2440000000000815       -60.133607565428818       0.54463618007384873     
   6.2450000000000818       -60.143411825985204       0.54472612561772094     
   6.2460000000000822       -60.153217706793200       0.54481620807568776     
   6.2470000000000825       -60.163025210321067       0.54490642784413468     
   6.2480000000000828       -60.172834339043462       0.54499678532110463     
   6.2490000000000832       -60.182645095443277       0.54508728090629499     
   6.2500000000000835       -60.192457482009559       0.54517791500107571     
   6.2510000000000838       -60.202271501239593       0.54526868800847428     
   6.2520000000000842       -60.212087155637221       0.54535960033324626     
   6.2530000000000845       -60.221904447713726       0.54545065238182122     
   6.2540000000000848       -60.231723379988104       0.54554184456236632     
   6.2550000000000852       -60.241543954986057       0.54563317728477401     
   6.2560000000000855       -60.251366175241344       0.54572465096066602     
   6.2570000000000858       -60.261190043294647       0.54581626600344757     
   6.2580000000000862       -60.271015561694540       0.54590802282827200     
   6.2590000000000865       -60.280842732996554       0.54599992185207613     
   6.2600000000000868       -60.290671559764412       0.54609196349359856     
   6.2610000000000872       -60.300502044568539       0.54618414817338301     
   6.2620000000000875       -60.310334189987785       0.54627647631379783     
   6.2630000000000878       -60.320167998608241       0.54636894833904193     
   6.2640000000000882       -60.330003473023403       0.54646156467516682     
   6.2650000000000885       -60.339840615835300       0.54655432575009388     
   6.2660000000000888       -60.349679429652404       0.54664723199360898     
   6.2670000000000892       -60.359519917092065       0.54674028421711862     
   6.2680000000000895       -60.369362080778956       0.54683348210203708     
   6.2690000000000898       -60.379205923345523       0.54692682645647717     
   6.2700000000000902       -60.389051447432131       0.54702031771788884     
   6.2710000000000905       -60.398898655687056       0.54711395632568038     
   6.2720000000000908       -60.408747550766606       0.54720774272121586     
   6.2730000000000912       -60.418598135335074       0.54730167734783663     
   6.2740000000000915       -60.428450412064237       0.54739576065089068     
   6.2750000000000918       -60.438304383634581       0.54748999307773449     
   6.2760000000000922       -60.448160052734380       0.54758437507774582     
   6.2770000000000925       -60.458017422059974       0.54767890710235123     
   6.2780000000000928       -60.467876494315767       0.54777358960503753     
   6.2790000000000932       -60.477737272214682       0.54786842304135619     
   6.2800000000000935       -60.487599758477401       0.54796340786896558     
   6.2810000000000938       -60.497463955833368       0.54805854454761682     
   6.2820000000000942       -60.507329867019898       0.54815383353919922     
   6.2830000000000945       -60.517197494782913       0.54824927530773582     
   6.2840000000000948       -60.527066841876426       0.54834487031940593     
   6.2850000000000952       -60.536937911063148       0.54844061904258201     
   6.2860000000000955       -60.546810705114126       0.54853652194780589     
   6.2870000000000958       -60.556685226808924       0.54863257950784317     
   6.2880000000000962       -60.566561478935540       0.54872879219768766     
   6.2890000000000965       -60.576439464290530       0.54882516049458263     
   6.2900000000000968       -60.586319185679400       0.54892168487803594     
   6.2910000000000972       -60.596200645915744       0.54901836582983587     
   6.2920000000000975       -60.606083847822362       0.54911520383407020     
   6.2930000000000978       -60.615968794230412       0.54921219937716093     
   6.2940000000000982       -60.625855487980253       0.54930935294784899     
   6.2950000000000985       -60.635743931920629       0.54940666503726276     
   6.2960000000000989       -60.645634128909286       0.54950413652970331     
   6.2970000000000992       -60.655526081813001       0.54960176714747988     
   6.2980000000000995       -60.665419793507468       0.54969955777183221     
   6.2990000000000999       -60.675315266877064       0.54979750890352674     
   6.3000000000001002       -60.685212504815674       0.54989562104577772     
   6.3010000000001005       -60.695111510225921       0.54999389470427773     
   6.3020000000001009       -60.705012286019915       0.55009233038722150     
   6.3030000000001012       -60.714914835118442       0.55019092860532504     
   6.3040000000001015       -60.724819160451659       0.55028968987185278     
   6.3050000000001019       -60.734725264959415       0.55038861470263067     
   6.3060000000001022       -60.744633151590442       0.55048770361607213     
   6.3070000000001025       -60.754542823302742       0.55058695713320072     
   6.3080000000001029       -60.764454283064026       0.55068637577767054     
   6.3090000000001032       -60.774367533851219       0.55078596007579006     
   6.3100000000001035       -60.784282578651094       0.55088571055656510     
   6.3110000000001039       -60.794199420459634       0.55098562775164917     
   6.3120000000001042       -60.804118062282193       0.55108571219549496     
   6.3130000000001045       -60.814038507134455       0.55118596442523715     
   6.3140000000001049       -60.823960758041331       0.55128638498080784     
   6.3150000000001052       -60.833884818037546       0.55138697440495377     
   6.3160000000001055       -60.843810690167722       0.55148773324320310     
   6.3170000000001059       -60.853738377486167       0.55158866204396140     
   6.3180000000001062       -60.863667883057040       0.55168976135851089     
   6.3190000000001065       -60.873599209955067       0.55179103174099431     
   6.3200000000001069       -60.883532361263804       0.55189247374851724     
   6.3210000000001072       -60.893467340078146       0.55199408794110105     
   6.3220000000001075       -60.903404149502201       0.55209587528580362     
   6.3230000000001079       -60.913342792650504       0.55219783554948298     
   6.3240000000001082       -60.923283272648199       0.55229996969649109     
   6.3250000000001085       -60.933225592629697       0.55240227829894117     
   6.3260000000001089       -60.943169755740996       0.55250476193202380     
   6.3270000000001092       -60.953115765137518       0.55260742117403749     
   6.3280000000001095       -60.963063623985612       0.55271025660642770     
   6.3290000000001099       -60.973013335461914       0.55281326881380777     
   6.3300000000001102       -60.982964902753494       0.55291645838399106     
   6.3310000000001105       -60.992918329058526       0.55301982590802412     
   6.3320000000001109       -61.002873617585195       0.55312337198020090     
   6.3330000000001112       -61.012830771553105       0.55322709719811591     
   6.3340000000001115       -61.022789794192008       0.55333100216266984     
   6.3350000000001119       -61.032750688742851       0.55343508747813908     
   6.3360000000001122       -61.042713458457506       0.55353935375217000     
   6.3370000000001125       -61.052678106598748       0.55364380159581339     
   6.3380000000001129       -61.062644636440226       0.55374843162357779     
   6.3390000000001132       -61.072613051266799       0.55385324445345807     
   6.3400000000001135       -61.082583354374862       0.55395824070694411     
   6.3410000000001139       -61.092555549071321       0.55406342100909678     
   6.3420000000001142       -61.102529638674888       0.55416878598852781     
   6.3430000000001145       -61.112505626515222       0.55427433627748679     
   6.3440000000001149       -61.122483515933872       0.55438007251187638     
   6.3450000000001152       -61.132463310283342       0.55448599533127263     
   6.3460000000001155       -61.142445012928391       0.55459210580409679     
   6.3470000000001159       -61.152428627244369       0.55469840373721224     
   6.3480000000001162       -61.162414156619533       0.55480489019678680     
   6.3490000000001166       -61.172401604452929       0.55491156583751988     
   6.3500000000001169       -61.182390974155567       0.55501843131798245     
   6.3510000000001172       -61.192382269150997       0.55512548730063505     
   6.3520000000001176       -61.202375492873735       0.55523273445190680     
   6.3530000000001179       -61.212370648771255       0.55534017344219577     
   6.3540000000001182       -61.222367740302737       0.55544780494593304     
   6.3550000000001186       -61.232366770939301       0.55555562964163252     
   6.3560000000001189       -61.242367744164653       0.55566364821188319     
   6.3570000000001192       -61.252370663474615       0.55577186134345979     
   6.3580000000001196       -61.262375532377611       0.55588026972730609     
   6.3590000000001199       -61.272382354394537       0.55598887405860486     
   6.3600000000001202       -61.282391133058546       0.55609767503682284     
   6.3610000000001206       -61.292401871915857       0.55620667336573770     
   6.3620000000001209       -61.302414574524903       0.55631586975350389     
   6.3630000000001212       -61.312429244457491       0.55642526491268784     
   6.3640000000001216       -61.322445885297597       0.55653485956030224     
   6.3650000000001219       -61.332464500642843       0.55664465441787414     
   6.3660000000001222       -61.342485094103331       0.55675465064181628     
   6.3670000000001226       -61.352507669302504       0.55686484811295944     
   6.3680000000001229       -61.362532229877196       0.55697524798639897     
   6.3690000000001232       -61.372558779476982       0.55708585100217123     
   6.3700000000001236       -61.382587321765300       0.55719665790504946     
   6.3710000000001239       -61.392617860418916       0.55730766944459020     
   6.3720000000001242       -61.402650399128206       0.55741888637522252     
   6.3730000000001246       -61.412684941596950       0.55753030945624726     
   6.3740000000001249       -61.422721491542447       0.55764193945194007     
   6.3750000000001252       -61.432760052696452       0.55775377713156638     
   6.3760000000001256       -61.442800628804150       0.55786582326946865     
   6.3770000000001259       -61.452843223624541       0.55797807864508853     
   6.3780000000001262       -61.462887840931614       0.55809054404304925     
   6.3790000000001266       -61.472934484512166       0.55820322025320079     
   6.3800000000001269       -61.482983158168381       0.55831610807067555     
   6.3810000000001272       -61.493033865716512       0.55842920829595522     
   6.3820000000001276       -61.503086610986728       0.55854252173491459     
   6.3830000000001279       -61.513141397824612       0.55865604919890266     
   6.3840000000001282       -61.523198230089690       0.55876979150479622     
   6.3850000000001286       -61.533257111656653       0.55888374992139900     
   6.3860000000001289       -61.543318046414825       0.55899792439604035     
   6.3870000000001292       -61.553381038268782       0.55911231619729052     
   6.3880000000001296       -61.563446091137806       0.55922692616475134     
   6.3890000000001299       -61.573513208956555       0.55934175514389040     
   6.3900000000001302       -61.583582395674938       0.55945680398606512     
   6.3910000000001306       -61.593653655258031       0.55957207354861249     
   6.3920000000001309       -61.603726991686869       0.55968756469492353     
   6.3930000000001312       -61.613802408957639       0.55980327829451049     
   6.3940000000001316       -61.623879911082270       0.55991921522306520     
   6.3950000000001319       -61.633959502088970       0.56003537636254952     
   6.3960000000001322       -61.644041186021177       0.56015176260126143     
   6.3970000000001326       -61.654124966938824       0.56026837483389469     
   6.3980000000001329       -61.664210848917890       0.56038521396163099     
   6.3990000000001332       -61.674298836050923       0.56050228089222542     
   6.4000000000001336       -61.684388932446417       0.56061957654006755     
   6.4010000000001339       -61.694481142229463       0.56073710182626224     
   6.4020000000001342       -61.704575469542192       0.56085485813875713     
   6.4030000000001346       -61.714671918543104       0.56097284550529702     
   6.4040000000001349       -61.724770493407689       0.56109106531499398     
   6.4050000000001353       -61.734871198328356       0.56120951851669509     
   6.4060000000001356       -61.744974037514922       0.56132820606634204     
   6.4070000000001359       -61.755079015194354       0.56144712892710369     
   6.4080000000001363       -61.765186135610911       0.56156628806946818     
   6.4090000000001366       -61.775295403026433       0.56168568447131684     
   6.4100000000001369       -61.785406821720493       0.56180531911802989     
   6.4110000000001373       -61.795520395990650       0.56192519300257393     
   6.4120000000001376       -61.805636130151896       0.56204530712559686     
   6.4130000000001379       -61.815754028537803       0.56216566249552347     
   6.4140000000001383       -61.825874095499728       0.56228626012865968     
   6.4150000000001386       -61.835996335407991       0.56240710104928271     
   6.4160000000001389       -61.846120752650819       0.56252818628973922     
   6.4170000000001393       -61.856247351635474       0.56264951735809821     
   6.4180000000001396       -61.866376136787792       0.56277109438211870     
   6.4190000000001399       -61.876507112552751       0.56289291887295689     
   6.4200000000001403       -61.886640283394428       0.56301499189637683     
   6.4210000000001406       -61.896775653795785       0.56313731452668359     
   6.4220000000001409       -61.906913228259675       0.56325988784695946     
   6.4230000000001413       -61.917053011308631       0.56338271294910602     
   6.4240000000001416       -61.927195007484144       0.56350579093394915     
   6.4250000000001419       -61.937339221348495       0.56362912291142264     
   6.4260000000001423       -61.947485657483533       0.56375271000066185     
   6.4270000000001426       -61.957634320491159       0.56387655333006548     
   6.4280000000001429       -61.967785214994279       0.56400065403751543     
   6.4290000000001433       -61.977938345636112       0.56412501327044728     
   6.4300000000001436       -61.988093717080105       0.56424963218598778     
   6.4310000000001439       -61.998251334011556       0.56437451243047976     
   6.4320000000001443       -62.008411201135985       0.56449965423719706     
   6.4330000000001446       -62.018573323180746       0.56462505925788919     
   6.4340000000001449       -62.028737704894411       0.56475072868985499     
   6.4350000000001453       -62.038904351047265       0.56487666374072254     
   6.4360000000001456       -62.049073266431549       0.56500286562864732     
   6.4370000000001459       -62.059244455861219       0.56512933558247114     
   6.4380000000001463       -62.069417924172981       0.56525607484185414     
   6.4390000000001466       -62.079593676225002       0.56538308465740994     
   6.4400000000001469       -62.089771716899136       0.56551036629086182     
   6.4410000000001473       -62.099952051099351       0.56563792101527177     
   6.4420000000001476       -62.110134683753017       0.56576575011507035     
   6.4430000000001479       -62.120319619810545       0.56589385536467929     
   6.4440000000001483       -62.130506864245618       0.56602223713115507     
   6.4450000000001486       -62.140696422055896       0.56615089719728806     
   6.4460000000001489       -62.150888298262963       0.56627983689501582     
   6.4470000000001493       -62.161082497911906       0.56640905756855431     
   6.4480000000001496       -62.171279026073023       0.56653856057461327     
   6.4490000000001499       -62.181477887839904       0.56666834728253379     
   6.4500000000001503       -62.191679088332222       0.56679841907452877     
   6.4510000000001506       -62.201882632694087       0.56692877734583502     
   6.4520000000001509       -62.212088526094384       0.56705942350491823     
   6.4530000000001513       -62.222296773728232       0.56719035897367565     
   6.4540000000001516       -62.232507380816031       0.56732158518765485     
   6.4550000000001519       -62.242720352604380       0.56745310408926009     
   6.4560000000001523       -62.252935694365569       0.56758491617301288     
   6.4570000000001526       -62.263153411399443       0.56771702339306640     
   6.4580000000001530       -62.273373509031181       0.56784942724163312     
   6.4590000000001533       -62.283595992614309       0.56798212922561853     
   6.4600000000001536       -62.293820867528453       0.56811513086686238     
   6.4610000000001540       -62.304048139181745       0.56824843370238043     
   6.4620000000001543       -62.314277813009241       0.56838203928460873     
   6.4630000000001546       -62.324509894474637       0.56851594918162196     
   6.4640000000001550       -62.334744389070174       0.56865016497737808     
   6.4650000000001553       -62.344981302315986       0.56878468876123767     
   6.4660000000001556       -62.355220639762024       0.56891952118918265     
   6.4670000000001560       -62.365462406986943       0.56905466436643382     
   6.4680000000001563       -62.375706609598851       0.56919011994321300     
   6.4690000000001566       -62.385953253236195       0.56932588958692931     
   6.4700000000001570       -62.396202343567445       0.56946197498250983     
   6.4710000000001573       -62.406453886291324       0.56959837783266609     
   6.4720000000001576       -62.416707887137505       0.56973509985819537     
   6.4730000000001580       -62.426964351866843       0.56987214279828868     
   6.4740000000001583       -62.437223286271688       0.57000950841081588     
   6.4750000000001586       -62.447484696176204       0.57014719897173771     
   6.4760000000001590       -62.457748587436598       0.57028521529819742     
   6.4770000000001593       -62.468014965941506       0.57042355968682645     
   6.4780000000001596       -62.478283837612793       0.57056223397349448     
   6.4790000000001600       -62.488555208405408       0.57070124001445732     
   6.4800000000001603       -62.498829084307545       0.57084057968660806     
   6.4810000000001606       -62.509105471341776       0.57098025488791349     
   6.4820000000001610       -62.519384375565039       0.57112026753771261     
   6.4830000000001613       -62.529665803068816       0.57126061957718421     
   6.4840000000001616       -62.539949759979926       0.57140131347336798     
   6.4850000000001620       -62.550236252460479       0.57154235022479949     
   6.4860000000001623       -62.560525286708575       0.57168373232474712     
   6.4870000000001626       -62.570816868959071       0.57182546180548754     
   6.4880000000001630       -62.581111005483130       0.57196754072308076     
   6.4890000000001633       -62.591407702589464       0.57210997115781248     
   6.4900000000001636       -62.601706966624263       0.57225275521462970     
   6.4910000000001640       -62.612008803971968       0.57239589502360544     
   6.4920000000001643       -62.622313221055585       0.57253939274042120     
   6.4930000000001646       -62.632620224337025       0.57268325106855078     
   6.4940000000001650       -62.642929820317931       0.57282747119449806     
   6.4950000000001653       -62.653242015539675       0.57297205585451116     
   6.4960000000001656       -62.663556816584340       0.57311700731153492     
   6.4970000000001660       -62.673874230074702       0.57326232785654518     
   6.4980000000001663       -62.684194262675398       0.57340801980914968     
   6.4990000000001666       -62.694516921093062       0.57355408551813092     
   6.5000000000001670       -62.704842212076677       0.57370052787170578     
   6.5010000000001673       -62.715170142418224       0.57384734828137274     
   6.5020000000001676       -62.725500718953462       0.57399454967542263     
   6.5030000000001680       -62.735833948562693       0.57414213452513074     
   6.5040000000001683       -62.746169838170381       0.57429010533388747     
   6.5050000000001686       -62.756508394746632       0.57443846463787218     
   6.5060000000001690       -62.766849625307508       0.57458721500669252     
   6.5070000000001693       -62.777193536915824       0.57473635904405762     
   6.5080000000001696       -62.787540136681223       0.57488589991953754     
   6.5090000000001700       -62.797889431761284       0.57503583926903024     
   6.5100000000001703       -62.808241429362326       0.57518618031094604     
   6.5110000000001707       -62.818596136739416       0.57533692579260154     
   6.5120000000001710       -62.828953561197373       0.57548807849903494     
   6.5130000000001713       -62.839313710092100       0.57563964125387390     
   6.5140000000001717       -62.849676590829716       0.57579161692007064     
   6.5150000000001720       -62.860042210869437       0.57594400894221309     
   6.5160000000001723       -62.870410577721842       0.57609681920720446     
   6.5170000000001727       -62.880781698951964       0.57625005121835338     
   6.5180000000001730       -62.891155582178065       0.57640370800478535     
   6.5190000000001733       -62.901532235074242       0.57655779263935403     
   6.5200000000001737       -62.911911665369573       0.57671230823969244     
   6.5210000000001740       -62.922293880850120       0.57686725850667064     
   6.5220000000001743       -62.932678889358918       0.57702264560165339     
   6.5230000000001747       -62.943066698797416       0.57717847329511818     
   6.5240000000001750       -62.953457317126393       0.57733474489394565     
   6.5250000000001753       -62.963850752366326       0.57749146375500360     
   6.5260000000001757       -62.974247012598369       0.57764863328629490     
   6.5270000000001760       -62.984646105966291       0.57780625749148506     
   6.5280000000001763       -62.995048040675542       0.57796433882525933     
   6.5290000000001767       -63.005452824996240       0.57812288137349177     
   6.5300000000001770       -63.015860467262641       0.57828188876095732     
   6.5310000000001773       -63.026270975875136       0.57844136466982166     
   6.5320000000001777       -63.036684359300892       0.57860131337264342     
   6.5330000000001780       -63.047100626074801       0.57876173763527516     
   6.5340000000001783       -63.057519784800661       0.57892264182566811     
   6.5350000000001787       -63.067941844152784       0.57908402986983676     
   6.5360000000001790       -63.078366812876325       0.57924590575849166     
   6.5370000000001793       -63.088794699789062       0.57940827354865398     
   6.5380000000001797       -63.099225513782280       0.57957113792208426     
   6.5390000000001800       -63.109659263822472       0.57973450199022913     
   6.5400000000001803       -63.120095958951836       0.57989837054731685     
   6.5410000000001807       -63.130535608290259       0.58006274793279777     
   6.5420000000001810       -63.140978221036711       0.58022763856129833     
   6.5430000000001813       -63.151423806469573       0.58039304748729703     
   6.5440000000001817       -63.161872373949620       0.58055897818786384     
   6.5450000000001820       -63.172323932920143       0.58072543584791303     
   6.5460000000001823       -63.182778492908959       0.58089242520297391     
   6.5470000000001827       -63.193236063530087       0.58105995162024748     
   6.5480000000001830       -63.203696654485128       0.58122801894846876     
   6.5490000000001833       -63.214160275564495       0.58139663270317266     
   6.5500000000001837       -63.224626936649933       0.58156579797664831     
   6.5510000000001840       -63.235096647715437       0.58173551995652772     
   6.5520000000001843       -63.245569418829319       0.58190580449736107     
   6.5530000000001847       -63.256045260156014       0.58207665588223501     
   6.5540000000001850       -63.266524181957614       0.58224808013796070     
   6.5550000000001853       -63.277006194596410       0.58242008286142755     
   6.5560000000001857       -63.287491308535984       0.58259267032637818     
   6.5570000000001860       -63.297979534344087       0.58276584725345471     
   6.5580000000001863       -63.308470882693975       0.58293962011246325     
   6.5590000000001867       -63.318965364367060       0.58311399495903082     
   6.5600000000001870       -63.329462990254491       0.58328897854480510     
   6.5610000000001873       -63.339963771360281       0.58346457606697011     
   6.5620000000001877       -63.350467718802868       0.58364079450068473     
   6.5630000000001880       -63.360974843817630       0.58381764041780349     
   6.5640000000001884       -63.371485157759963       0.58399512111539986     
   6.5650000000001887       -63.381998672107052       0.58417324231452128     
   6.5660000000001890       -63.392515398460674       0.58435201156749850     
   6.5670000000001894       -63.403035348550240       0.58453143659878093     
   6.5680000000001897       -63.413558534235534       0.58471152362212875     
   6.5690000000001900       -63.424084967509081       0.58489228064633680     
   6.5700000000001904       -63.434614660499761       0.58507371531563512     
   6.5710000000001907       -63.445147625475556       0.58525583604529330     
   6.5720000000001910       -63.455683874846926       0.58543864968059411     
   6.5730000000001914       -63.466223421169701       0.58562216496303188     
   6.5740000000001917       -63.476766277148975       0.58580639086081954     
   6.5750000000001920       -63.487312455642325       0.58599133480620103     
   6.5760000000001924       -63.497861969663475       0.58617700613197909     
   6.5770000000001927       -63.508414832386357       0.58636341442534112     
   6.5780000000001930       -63.518971057148676       0.58655056775658054     
   6.5790000000001934       -63.529530657455808       0.58673847612102237     
   6.5800000000001937       -63.540093646985497       0.58692714979968175     
   6.5810000000001940       -63.550660039592039       0.58711659756094425     
   6.5820000000001944       -63.561229849310550       0.58730683071418888     
   6.5830000000001947       -63.571803090361570       0.58749785860804349     
   6.5840000000001950       -63.582379777156618       0.58768969249085423     
   6.5850000000001954       -63.592959924302377       0.58788234395619543     
   6.5860000000001957       -63.603543546606225       0.58807582317492768     
   6.5870000000001960       -63.614130659082434       0.58827014230106434     
   6.5880000000001964       -63.624721276956386       0.58846531387873091     
   6.5890000000001967       -63.635315415671052       0.58866134899300149     
   6.5900000000001970       -63.645913090894354       0.58885826141852238     
   6.5910000000001974       -63.656514318523570       0.58905606298355251     
   6.5920000000001977       -63.667119114692930       0.58925476817113098     
   6.5930000000001980       -63.677727495781141       0.58945438960467067     
   6.5940000000001984       -63.688339478417241       0.58965494254839657     
   6.5950000000001987       -63.698955079489139       0.58985644048030617     
   6.5960000000001990       -63.709574316151304       0.59005889895373509     
   6.5970000000001994       -63.720197205832669       0.59026233408446549     
   6.5980000000001997       -63.730823766245443       0.59046676065938131     
   6.5990000000002000       -63.741454015394318       0.59067219636512458     
   6.6000000000002004       -63.752087971585254       0.59087865703144415     
   6.6010000000002007       -63.762725653435965       0.59108616144391801     
   6.6020000000002010       -63.773367079885908       0.59129472715212550     
   6.6030000000002014       -63.784012270206958       0.59150437240300258     
   6.6040000000002017       -63.794661244015003       0.59171511775363439     
   6.6050000000002020       -63.805314021281589       0.59192698217297790     
   6.6060000000002024       -63.815970622347095       0.59213998763608089     
   6.6070000000002027       -63.826631067932603       0.59235415453834728     
   6.6080000000002030       -63.837295379155037       0.59256950643003770     
   6.6090000000002034       -63.847963577541080       0.59278606588424121     
   6.6100000000002037       -63.858635685042223       0.59300385639221653     
   6.6110000000002040       -63.869311724051705       0.59322290411386580     
   6.6120000000002044       -63.879991717421021       0.59344323440574898     
   6.6130000000002047       -63.890675688477884       0.59366487367830800     
   6.6140000000002050       -63.901363661045977       0.59388785119481258     
   6.6150000000002054       -63.912055659464471       0.59411219558189066     
   6.6160000000002057       -63.922751708609503       0.59433793729500428     
   6.6170000000002061       -63.933451833916877       0.59456510750261515     
   6.6180000000002064       -63.944156061406602       0.59479374051716283     
   6.6190000000002067       -63.954864417707654       0.59502387033033355     
   6.6200000000002071       -63.965576930085710       0.59525553309428192     
   6.6210000000002074       -63.976293626471922       0.59548876662190009     
   6.6220000000002077       -63.987014535493827       0.59572361049789380     
   6.6230000000002081       -63.997739686508467       0.59596010619964823     
   6.6240000000002084       -64.008469109637360       0.59619829722899453     
   6.6250000000002087       -64.019202835804407       0.59643822925614098     
   6.6260000000002091       -64.029940896776225       0.59667995027696163     
   6.6270000000002094       -64.040683325205805       0.59692351078546724     
   6.6280000000002097       -64.051430154678641       0.59716896396313601     
   6.6290000000002101       -64.062181419763462       0.59741636588717406     
   6.6300000000002104       -64.072937156066160       0.59766577576010016     
   6.6310000000002107       -64.083697400288088       0.59791725616346514     
   6.6320000000002111       -64.094462190290130       0.59817087394024937     
   6.6330000000002114       -64.105231565160523       0.59842669812355487     
   6.6340000000002117       -64.116005565289683       0.59868480382781120     
   6.6350000000002121       -64.126784232451627       0.59894527090023419     
   6.6360000000002124       -64.137567609892258       0.59920818253410635     
   6.6370000000002127       -64.148355742426389       0.59947362992278141     
   6.6380000000002131       -64.159148676543580       0.59974170806274207     
   6.6390000000002134       -64.169946460525040       0.60001252112422188     
   6.6400000000002137       -64.180749144571720       0.60028617896967795     
   6.6410000000002141       -64.191556780946627       0.60056279975632032     
   6.6420000000002144       -64.202369424131717       0.60084251265241628     
   6.6430000000002147       -64.213187131002456       0.60112545524107763     
   6.6440000000002151       -64.224009961023242       0.60141177776626076     
   6.6450000000002154       -64.234837976465087       0.60170164148428640     
   6.6460000000002157       -64.245671242650928       0.60199522389408044     
   6.6470000000002161       -64.256509828231884       0.60229271883041546     
   6.6480000000002164       -64.267353805500520       0.60259433684683816     
   6.6490000000002167       -64.278203250747268       0.60290031207230665     
   6.6500000000002171       -64.289058244668638       0.60321090107311337     
   6.6510000000002174       -64.299918872836514       0.60352638901860522     
   6.6520000000002177       -64.310785226240981       0.60384709418891369     
   6.6530000000002181       -64.321657401922991       0.60417337159757833     
   6.6540000000002184       -64.332535503716471       0.60450562159486088     
   6.6550000000002187       -64.343419643125586       0.60484429757532776     
   6.6560000000002191       -64.354309940370086       0.60518991706474390     
   6.6570000000002194       -64.365206525644453       0.60554307323705781     
   6.6580000000002197       -64.376109540648173       0.60590445382054225     
   6.6590000000002201       -64.387019140469590       0.60627486413180964     
   6.6600000000002204       -64.397935495935656       0.60665525315757429     
   6.6610000000002207       -64.408858796586486       0.60704675818500864     
   6.6620000000002211       -64.419789254507180       0.60745075771510593     
   6.6630000000002214       -64.430727109365208       0.60786895472949043     
   6.6640000000002217       -64.441672635190656       0.60830348809773815     
   6.6650000000002221       -64.452626149761969       0.60875711534137622     
   6.6660000000002224       -64.463588028052840       0.60923349392707127     
   6.6670000000002227       -64.474558722330300       0.60973765755382592     
   6.6680000000002231       -64.485538793867505       0.61027687686336263     
   6.6690000000002234       -64.496528966703664       0.61086236758505963     
   6.6700000000002237       -64.507530228398764       0.61151316548296530     
   6.6710000000002241       -64.518544049938669       0.61226695164744582     
