   3.0000000000000000       -29.844897486271318       0.33333333333252835     
   2.9990000000000001       -29.838897486271332       0.33333333333251752     
   2.9980000000000002       -29.832897486271346       0.33333333333250648     
   2.9970000000000003       -29.826897486271363       0.33333333333249543     
   2.9960000000000004       -29.820897486271374       0.33333333333248416     
   2.9950000000000006       -29.814897486271395       0.33333333333247278     
   2.9940000000000007       -29.808897486271412       0.33333333333246118     
   2.9930000000000008       -29.802897486271434       0.33333333333244952     
   2.9920000000000009       -29.796897486271448       0.33333333333243764     
   2.9910000000000010       -29.790897486271462       0.33333333333242571     
   2.9900000000000011       -29.784897486271475       0.33333333333241344     
   2.9890000000000012       -29.778897486271497       0.33333333333240112     
   2.9880000000000013       -29.772897486271514       0.33333333333238863     
   2.9870000000000014       -29.766897486271532       0.33333333333237591     
   2.9860000000000015       -29.760897486271553       0.33333333333236320     
   2.9850000000000017       -29.754897486271570       0.33333333333235005     
   2.9840000000000018       -29.748897486271591       0.33333333333233689     
   2.9830000000000019       -29.742897486271605       0.33333333333232357     
   2.9820000000000020       -29.736897486271623       0.33333333333230997     
   2.9810000000000021       -29.730897486271637       0.33333333333229620     
   2.9800000000000022       -29.724897486271669       0.33333333333228227     
   2.9790000000000023       -29.718897486271683       0.33333333333226822     
   2.9780000000000024       -29.712897486271707       0.33333333333225379     
   2.9770000000000025       -29.706897486271725       0.33333333333223947     
   2.9760000000000026       -29.700897486271742       0.33333333333222470     
   2.9750000000000028       -29.694897486271763       0.33333333333220994     
   2.9740000000000029       -29.688897486271784       0.33333333333219478     
   2.9730000000000030       -29.682897486271806       0.33333333333217946     
   2.9720000000000031       -29.676897486271827       0.33333333333216397     
   2.9710000000000032       -29.670897486271844       0.33333333333214837     
   2.9700000000000033       -29.664897486271876       0.33333333333213233     
   2.9690000000000034       -29.658897486271893       0.33333333333211623     
   2.9680000000000035       -29.652897486271918       0.33333333333209997     
   2.9670000000000036       -29.646897486271939       0.33333333333208343     
   2.9660000000000037       -29.640897486271960       0.33333333333206655     
   2.9650000000000039       -29.634897486271988       0.33333333333204945     
   2.9640000000000040       -29.628897486272013       0.33333333333203230     
   2.9630000000000041       -29.622897486272034       0.33333333333201476     
   2.9620000000000042       -29.616897486272062       0.33333333333199711     
   2.9610000000000043       -29.610897486272087       0.33333333333197923     
   2.9600000000000044       -29.604897486272112       0.33333333333196102     
   2.9590000000000045       -29.598897486272133       0.33333333333194243     
   2.9580000000000046       -29.592897486272157       0.33333333333192394     
   2.9570000000000047       -29.586897486272186       0.33333333333190501     
   2.9560000000000048       -29.580897486272214       0.33333333333188581     
   2.9550000000000050       -29.574897486272246       0.33333333333186632     
   2.9540000000000051       -29.568897486272274       0.33333333333184678     
   2.9530000000000052       -29.562897486272298       0.33333333333182674     
   2.9520000000000053       -29.556897486272323       0.33333333333180643     
   2.9510000000000054       -29.550897486272351       0.33333333333178605     
   2.9500000000000055       -29.544897486272379       0.33333333333176524     
   2.9490000000000056       -29.538897486272408       0.33333333333174414     
   2.9480000000000057       -29.532897486272443       0.33333333333172266     
   2.9470000000000058       -29.526897486272471       0.33333333333170123     
   2.9460000000000059       -29.520897486272503       0.33333333333167930     
   2.9450000000000061       -29.514897486272531       0.33333333333165704     
   2.9440000000000062       -29.508897486272563       0.33333333333163462     
   2.9430000000000063       -29.502897486272591       0.33333333333161180     
   2.9420000000000064       -29.496897486272623       0.33333333333158871     
   2.9410000000000065       -29.490897486272662       0.33333333333156534     
   2.9400000000000066       -29.484897486272690       0.33333333333154164     
   2.9390000000000067       -29.478897486272729       0.33333333333151738     
   2.9380000000000068       -29.472897486272760       0.33333333333149301     
   2.9370000000000069       -29.466897486272792       0.33333333333146836     
   2.9360000000000070       -29.460897486272824       0.33333333333144322     
   2.9350000000000072       -29.454897486272859       0.33333333333141790     
   2.9340000000000073       -29.448897486272898       0.33333333333139215     
   2.9330000000000074       -29.442897486272933       0.33333333333136628     
   2.9320000000000075       -29.436897486272969       0.33333333333133974     
   2.9310000000000076       -29.430897486273000       0.33333333333131299     
   2.9300000000000077       -29.424897486273043       0.33333333333128590     
   2.9290000000000078       -29.418897486273082       0.33333333333125842     
   2.9280000000000079       -29.412897486273117       0.33333333333123066     
   2.9270000000000080       -29.406897486273156       0.33333333333120246     
   2.9260000000000081       -29.400897486273195       0.33333333333117365     
   2.9250000000000083       -29.394897486273234       0.33333333333114468     
   2.9240000000000084       -29.388897486273276       0.33333333333111531     
   2.9230000000000085       -29.382897486273311       0.33333333333108556     
   2.9220000000000086       -29.376897486273357       0.33333333333105547     
   2.9210000000000087       -29.370897486273400       0.33333333333102488     
   2.9200000000000088       -29.364897486273442       0.33333333333099385     
   2.9190000000000089       -29.358897486273484       0.33333333333096243     
   2.9180000000000090       -29.352897486273530       0.33333333333093063     
   2.9170000000000091       -29.346897486273576       0.33333333333089832     
   2.9160000000000093       -29.340897486273622       0.33333333333086562     
   2.9150000000000094       -29.334897486273665       0.33333333333083259     
   2.9140000000000095       -29.328897486273714       0.33333333333079895     
   2.9130000000000096       -29.322897486273757       0.33333333333076492     
   2.9120000000000097       -29.316897486273803       0.33333333333073045     
   2.9110000000000098       -29.310897486273852       0.33333333333069548     
   2.9100000000000099       -29.304897486273898       0.33333333333066006     
   2.9090000000000100       -29.298897486273951       0.33333333333062426     
   2.9080000000000101       -29.292897486274001       0.33333333333058790     
   2.9070000000000102       -29.286897486274043       0.33333333333055104     
   2.9060000000000104       -29.280897486274103       0.33333333333051357     
   2.9050000000000105       -29.274897486274153       0.33333333333047577     
   2.9040000000000106       -29.268897486274202       0.33333333333043735     
   2.9030000000000107       -29.262897486274255       0.33333333333039850     
   2.9020000000000108       -29.256897486274312       0.33333333333035914     
   2.9010000000000109       -29.250897486274365       0.33333333333031917     
   2.9000000000000110       -29.244897486274425       0.33333333333027876     
   2.8990000000000111       -29.238897486274471       0.33333333333023774     
   2.8980000000000112       -29.232897486274535       0.33333333333019610     
   2.8970000000000113       -29.226897486274595       0.33333333333015402     
   2.8960000000000115       -29.220897486274648       0.33333333333011139     
   2.8950000000000116       -29.214897486274708       0.33333333333006815     
   2.8940000000000117       -29.208897486274768       0.33333333333002424     
   2.8930000000000118       -29.202897486274832       0.33333333332997978     
   2.8920000000000119       -29.196897486274889       0.33333333332993476     
   2.8910000000000120       -29.190897486274952       0.33333333332988929     
   2.8900000000000121       -29.184897486275016       0.33333333332984294     
   2.8890000000000122       -29.178897486275080       0.33333333332979609     
   2.8880000000000123       -29.172897486275147       0.33333333332974863     
   2.8870000000000124       -29.166897486275211       0.33333333332970044     
   2.8860000000000126       -29.160897486275278       0.33333333332965176     
   2.8850000000000127       -29.154897486275345       0.33333333332960230     
   2.8840000000000128       -29.148897486275413       0.33333333332955228     
   2.8830000000000129       -29.142897486275473       0.33333333332950144     
   2.8820000000000130       -29.136897486275554       0.33333333332944998     
   2.8810000000000131       -29.130897486275622       0.33333333332939785     
   2.8800000000000132       -29.124897486275696       0.33333333332934501     
   2.8790000000000133       -29.118897486275770       0.33333333332929144     
   2.8780000000000134       -29.112897486275841       0.33333333332923715     
   2.8770000000000135       -29.106897486275912       0.33333333332918214     
   2.8760000000000137       -29.100897486275997       0.33333333332912640     
   2.8750000000000138       -29.094897486276068       0.33333333332907000     
   2.8740000000000139       -29.088897486276146       0.33333333332901277     
   2.8730000000000140       -29.082897486276224       0.33333333332895487     
   2.8720000000000141       -29.076897486276309       0.33333333332889592     
   2.8710000000000142       -29.070897486276387       0.33333333332883641     
   2.8700000000000143       -29.064897486276468       0.33333333332877607     
   2.8690000000000144       -29.058897486276553       0.33333333332871484     
   2.8680000000000145       -29.052897486276635       0.33333333332865273     
   2.8670000000000146       -29.046897486276720       0.33333333332858994     
   2.8660000000000148       -29.040897486276808       0.33333333332852627     
   2.8650000000000149       -29.034897486276897       0.33333333332846182     
   2.8640000000000150       -29.028897486276986       0.33333333332839632     
   2.8630000000000151       -29.022897486277074       0.33333333332833004     
   2.8620000000000152       -29.016897486277163       0.33333333332826287     
   2.8610000000000153       -29.010897486277266       0.33333333332819481     
   2.8600000000000154       -29.004897486277358       0.33333333332812587     
   2.8590000000000155       -28.998897486277450       0.33333333332805581     
   2.8580000000000156       -28.992897486277542       0.33333333332798509     
   2.8570000000000157       -28.986897486277645       0.33333333332791315     
   2.8560000000000159       -28.980897486277740       0.33333333332784043     
   2.8550000000000160       -28.974897486277840       0.33333333332776660     
   2.8540000000000161       -28.968897486277939       0.33333333332769194     
   2.8530000000000162       -28.962897486278045       0.33333333332761622     
   2.8520000000000163       -28.956897486278152       0.33333333332753950     
   2.8510000000000164       -28.950897486278251       0.33333333332746168     
   2.8500000000000165       -28.944897486278361       0.33333333332738285     
   2.8490000000000166       -28.938897486278471       0.33333333332730292     
   2.8480000000000167       -28.932897486278581       0.33333333332722193     
   2.8470000000000169       -28.926897486278691       0.33333333332713994     
   2.8460000000000170       -28.920897486278800       0.33333333332705672     
   2.8450000000000171       -28.914897486278921       0.33333333332697240     
   2.8440000000000172       -28.908897486279031       0.33333333332688703     
   2.8430000000000173       -28.902897486279151       0.33333333332680048     
   2.8420000000000174       -28.896897486279276       0.33333333332671278     
   2.8410000000000175       -28.890897486279393       0.33333333332662390     
   2.8400000000000176       -28.884897486279517       0.33333333332653375     
   2.8390000000000177       -28.878897486279641       0.33333333332644255     
   2.8380000000000178       -28.872897486279761       0.33333333332634996     
   2.8370000000000180       -28.866897486279893       0.33333333332625620     
   2.8360000000000181       -28.860897486280020       0.33333333332616111     
   2.8350000000000182       -28.854897486280151       0.33333333332606480     
   2.8340000000000183       -28.848897486280286       0.33333333332596715     
   2.8330000000000184       -28.842897486280417       0.33333333332586829     
   2.8320000000000185       -28.836897486280552       0.33333333332576820     
   2.8310000000000186       -28.830897486280691       0.33333333332566645     
   2.8300000000000187       -28.824897486280829       0.33333333332556353     
   2.8290000000000188       -28.818897486280974       0.33333333332545917     
   2.8280000000000189       -28.812897486281113       0.33333333332535348     
   2.8270000000000191       -28.806897486281262       0.33333333332524628     
   2.8260000000000192       -28.800897486281414       0.33333333332513770     
   2.8250000000000193       -28.794897486281556       0.33333333332502757     
   2.8240000000000194       -28.788897486281709       0.33333333332491605     
   2.8230000000000195       -28.782897486281861       0.33333333332480319     
   2.8220000000000196       -28.776897486282014       0.33333333332468851     
   2.8210000000000197       -28.770897486282177       0.33333333332457232     
   2.8200000000000198       -28.764897486282333       0.33333333332445469     
   2.8190000000000199       -28.758897486282493       0.33333333332433551     
   2.8180000000000200       -28.752897486282663       0.33333333332421472     
   2.8170000000000202       -28.746897486282830       0.33333333332409221     
   2.8160000000000203       -28.740897486282993       0.33333333332396808     
   2.8150000000000204       -28.734897486283163       0.33333333332384230     
   2.8140000000000205       -28.728897486283334       0.33333333332371484     
   2.8130000000000206       -28.722897486283511       0.33333333332358567     
   2.8120000000000207       -28.716897486283688       0.33333333332345472     
   2.8110000000000208       -28.710897486283862       0.33333333332332216     
   2.8100000000000209       -28.704897486284054       0.33333333332318765     
   2.8090000000000210       -28.698897486284235       0.33333333332305137     
   2.8080000000000211       -28.692897486284423       0.33333333332291337     
   2.8070000000000213       -28.686897486284611       0.33333333332277332     
   2.8060000000000214       -28.680897486284799       0.33333333332263149     
   2.8050000000000215       -28.674897486285001       0.33333333332248777     
   2.8040000000000216       -28.668897486285196       0.33333333332234211     
   2.8030000000000217       -28.662897486285395       0.33333333332219450     
   2.8020000000000218       -28.656897486285597       0.33333333332204490     
   2.8010000000000219       -28.650897486285800       0.33333333332189330     
   2.8000000000000220       -28.644897486286009       0.33333333332173964     
   2.7990000000000221       -28.638897486286218       0.33333333332158388     
   2.7980000000000222       -28.632897486286428       0.33333333332142617     
   2.7970000000000224       -28.626897486286655       0.33333333332126613     
   2.7960000000000225       -28.620897486286871       0.33333333332110410     
   2.7950000000000226       -28.614897486287095       0.33333333332093984     
   2.7940000000000227       -28.608897486287322       0.33333333332077331     
   2.7930000000000228       -28.602897486287546       0.33333333332060461     
   2.7920000000000229       -28.596897486287777       0.33333333332043369     
   2.7910000000000230       -28.590897486288014       0.33333333332026033     
   2.7900000000000231       -28.584897486288252       0.33333333332008480     
   2.7890000000000232       -28.578897486288490       0.33333333331990678     
   2.7880000000000233       -28.572897486288738       0.33333333331972653     
   2.7870000000000235       -28.566897486288980       0.33333333331954368     
   2.7860000000000236       -28.560897486289235       0.33333333331935838     
   2.7850000000000237       -28.554897486289487       0.33333333331917081     
   2.7840000000000238       -28.548897486289743       0.33333333331898052     
   2.7830000000000239       -28.542897486290002       0.33333333331878767     
   2.7820000000000240       -28.536897486290268       0.33333333331859222     
   2.7810000000000241       -28.530897486290542       0.33333333331839421     
   2.7800000000000242       -28.524897486290811       0.33333333331819354     
   2.7790000000000243       -28.518897486291078       0.33333333331799014     
   2.7780000000000244       -28.512897486291365       0.33333333331778403     
   2.7770000000000246       -28.506897486291646       0.33333333331757514     
   2.7760000000000247       -28.500897486291930       0.33333333331736337     
   2.7750000000000248       -28.494897486292217       0.33333333331714887     
   2.7740000000000249       -28.488897486292512       0.33333333331693127     
   2.7730000000000250       -28.482897486292810       0.33333333331671100     
   2.7720000000000251       -28.476897486293115       0.33333333331648768     
   2.7710000000000252       -28.470897486293417       0.33333333331626136     
   2.7700000000000253       -28.464897486293729       0.33333333331603204     
   2.7690000000000254       -28.458897486294045       0.33333333331579962     
   2.7680000000000256       -28.452897486294361       0.33333333331556403     
   2.7670000000000257       -28.446897486294688       0.33333333331532528     
   2.7660000000000258       -28.440897486295011       0.33333333331508336     
   2.7650000000000259       -28.434897486295352       0.33333333331483811     
   2.7640000000000260       -28.428897486295675       0.33333333331458959     
   2.7630000000000261       -28.422897486296023       0.33333333331433773     
   2.7620000000000262       -28.416897486296367       0.33333333331408249     
   2.7610000000000263       -28.410897486296715       0.33333333331382375     
   2.7600000000000264       -28.404897486297063       0.33333333331356158     
   2.7590000000000265       -28.398897486297425       0.33333333331329595     
   2.7580000000000267       -28.392897486297791       0.33333333331302661     
   2.7570000000000268       -28.386897486298164       0.33333333331275378     
   2.7560000000000269       -28.380897486298537       0.33333333331247728     
   2.7550000000000270       -28.374897486298913       0.33333333331219694     
   2.7540000000000271       -28.368897486299296       0.33333333331191284     
   2.7530000000000272       -28.362897486299683       0.33333333331162507     
   2.7520000000000273       -28.356897486300074       0.33333333331133325     
   2.7510000000000274       -28.350897486300479       0.33333333331103771     
   2.7500000000000275       -28.344897486300884       0.33333333331073800     
   2.7490000000000276       -28.338897486301295       0.33333333331043435     
   2.7480000000000278       -28.332897486301704       0.33333333331012649     
   2.7470000000000279       -28.326897486302130       0.33333333330981457     
   2.7460000000000280       -28.320897486302552       0.33333333330949855     
   2.7450000000000281       -28.314897486302989       0.33333333330917819     
   2.7440000000000282       -28.308897486303426       0.33333333330885351     
   2.7430000000000283       -28.302897486303873       0.33333333330852455     
   2.7420000000000284       -28.296897486304321       0.33333333330819098     
   2.7410000000000285       -28.290897486304782       0.33333333330785314     
   2.7400000000000286       -28.284897486305237       0.33333333330751047     
   2.7390000000000287       -28.278897486305709       0.33333333330716336     
   2.7380000000000289       -28.272897486306181       0.33333333330681153     
   2.7370000000000290       -28.266897486306664       0.33333333330645509     
   2.7360000000000291       -28.260897486307154       0.33333333330609388     
   2.7350000000000292       -28.254897486307648       0.33333333330572756     
   2.7340000000000293       -28.248897486308145       0.33333333330535653     
   2.7330000000000294       -28.242897486308657       0.33333333330498038     
   2.7320000000000295       -28.236897486309175       0.33333333330459924     
   2.7310000000000296       -28.230897486309690       0.33333333330421289     
   2.7300000000000297       -28.224897486310223       0.33333333330382142     
   2.7290000000000298       -28.218897486310752       0.33333333330342457     
   2.7280000000000300       -28.212897486311299       0.33333333330302239     
   2.7270000000000301       -28.206897486311846       0.33333333330261489     
   2.7260000000000302       -28.200897486312403       0.33333333330220183     
   2.7250000000000303       -28.194897486312975       0.33333333330178333     
   2.7240000000000304       -28.188897486313540       0.33333333330135895     
   2.7230000000000305       -28.182897486314118       0.33333333330092912     
   2.7220000000000306       -28.176897486314711       0.33333333330049331     
   2.7210000000000307       -28.170897486315301       0.33333333330005177     
   2.7200000000000308       -28.164897486315912       0.33333333329960407     
   2.7190000000000309       -28.158897486316519       0.33333333329915044     
   2.7180000000000311       -28.152897486317137       0.33333333329869075     
   2.7170000000000312       -28.146897486317766       0.33333333329822495     
   2.7160000000000313       -28.140897486318408       0.33333333329775272     
   2.7150000000000314       -28.134897486319048       0.33333333329727427     
   2.7140000000000315       -28.128897486319705       0.33333333329678916     
   2.7130000000000316       -28.122897486320372       0.33333333329629755     
   2.7120000000000317       -28.116897486321040       0.33333333329579956     
   2.7110000000000318       -28.110897486321722       0.33333333329529463     
   2.7100000000000319       -28.104897486322407       0.33333333329478293     
   2.7090000000000320       -28.098897486323107       0.33333333329426446     
   2.7080000000000322       -28.092897486323817       0.33333333329373876     
   2.7070000000000323       -28.086897486324531       0.33333333329320602     
   2.7060000000000324       -28.080897486325263       0.33333333329266635     
   2.7050000000000325       -28.074897486326005       0.33333333329211923     
   2.7040000000000326       -28.068897486326751       0.33333333329156473     
   2.7030000000000327       -28.062897486327508       0.33333333329100268     
   2.7020000000000328       -28.056897486328271       0.33333333329043319     
   2.7010000000000329       -28.050897486329056       0.33333333328985587     
   2.7000000000000330       -28.044897486329837       0.33333333328927095     
   2.6990000000000332       -28.038897486330637       0.33333333328867798     
   2.6980000000000333       -28.032897486331450       0.33333333328807702     
   2.6970000000000334       -28.026897486332274       0.33333333328746806     
   2.6960000000000335       -28.020897486333102       0.33333333328685089     
   2.6950000000000336       -28.014897486333947       0.33333333328622539     
   2.6940000000000337       -28.008897486334799       0.33333333328559128     
   2.6930000000000338       -28.002897486335666       0.33333333328494880     
   2.6920000000000339       -27.996897486336540       0.33333333328429743     
   2.6910000000000340       -27.990897486337435       0.33333333328363751     
   2.6900000000000341       -27.984897486338337       0.33333333328296860     
   2.6890000000000343       -27.978897486339250       0.33333333328229070     
   2.6880000000000344       -27.972897486340177       0.33333333328160353     
   2.6870000000000345       -27.966897486341111       0.33333333328090708     
   2.6860000000000346       -27.960897486342059       0.33333333328020132     
   2.6850000000000347       -27.954897486343025       0.33333333327948605     
   2.6840000000000348       -27.948897486344006       0.33333333327876102     
   2.6830000000000349       -27.942897486344993       0.33333333327802639     
   2.6820000000000350       -27.936897486345998       0.33333333327728165     
   2.6810000000000351       -27.930897486347014       0.33333333327652687     
   2.6800000000000352       -27.924897486348041       0.33333333327576198     
   2.6790000000000354       -27.918897486349081       0.33333333327498660     
   2.6780000000000355       -27.912897486350140       0.33333333327420095     
   2.6770000000000356       -27.906897486351216       0.33333333327340459     
   2.6760000000000357       -27.900897486352299       0.33333333327259745     
   2.6750000000000358       -27.894897486353400       0.33333333327177950     
   2.6740000000000359       -27.888897486354523       0.33333333327095038     
   2.6730000000000360       -27.882897486355649       0.33333333327011017     
   2.6720000000000361       -27.876897486356796       0.33333333326925846     
   2.6710000000000362       -27.870897486357954       0.33333333326839520     
   2.6700000000000363       -27.864897486359130       0.33333333326752057     
   2.6690000000000365       -27.858897486360327       0.33333333326663372     
   2.6680000000000366       -27.852897486361535       0.33333333326573500     
   2.6670000000000367       -27.846897486362760       0.33333333326482428     
   2.6660000000000368       -27.840897486364007       0.33333333326390113     
   2.6650000000000369       -27.834897486365264       0.33333333326296549     
   2.6640000000000370       -27.828897486366539       0.33333333326201720     
   2.6630000000000371       -27.822897486367829       0.33333333326105613     
   2.6620000000000372       -27.816897486369143       0.33333333326008202     
   2.6610000000000373       -27.810897486370475       0.33333333325909481     
   2.6600000000000374       -27.804897486371818       0.33333333325809417     
   2.6590000000000376       -27.798897486373185       0.33333333325707987     
   2.6580000000000377       -27.792897486374564       0.33333333325605197     
   2.6570000000000378       -27.786897486375967       0.33333333325501041     
   2.6560000000000379       -27.780897486377384       0.33333333325395431     
   2.6550000000000380       -27.774897486378823       0.33333333325288406     
   2.6540000000000381       -27.768897486380279       0.33333333325179931     
   2.6530000000000382       -27.762897486381760       0.33333333325069991     
   2.6520000000000383       -27.756897486383256       0.33333333324958558     
   2.6510000000000384       -27.750897486384773       0.33333333324845610     
   2.6500000000000385       -27.744897486386318       0.33333333324731140     
   2.6490000000000387       -27.738897486387874       0.33333333324615111     
   2.6480000000000388       -27.732897486389454       0.33333333324497522     
   2.6470000000000389       -27.726897486391053       0.33333333324378334     
   2.6460000000000390       -27.720897486392680       0.33333333324257519     
   2.6450000000000391       -27.714897486394328       0.33333333324135084     
   2.6440000000000392       -27.708897486395994       0.33333333324010977     
   2.6430000000000393       -27.702897486397688       0.33333333323885189     
   2.6420000000000394       -27.696897486399401       0.33333333323757697     
   2.6410000000000395       -27.690897486401134       0.33333333323628472     
   2.6400000000000396       -27.684897486402892       0.33333333323497505     
   2.6390000000000398       -27.678897486404672       0.33333333323364756     
   2.6380000000000399       -27.672897486406480       0.33333333323230196     
   2.6370000000000400       -27.666897486408313       0.33333333323093822     
   2.6360000000000401       -27.660897486410168       0.33333333322955583     
   2.6350000000000402       -27.654897486412050       0.33333333322815478     
   2.6340000000000403       -27.648897486413954       0.33333333322673464     
   2.6330000000000404       -27.642897486415890       0.33333333322529529     
   2.6320000000000405       -27.636897486417851       0.33333333322383629     
   2.6310000000000406       -27.630897486419833       0.33333333322235759     
   2.6300000000000407       -27.624897486421844       0.33333333322085873     
   2.6290000000000409       -27.618897486423883       0.33333333321933944     
   2.6280000000000410       -27.612897486425954       0.33333333321779968     
   2.6270000000000411       -27.606897486428046       0.33333333321623881     
   2.6260000000000412       -27.600897486430171       0.33333333321465675     
   2.6250000000000413       -27.594897486432316       0.33333333321305320     
   2.6240000000000414       -27.588897486434494       0.33333333321142788     
   2.6230000000000415       -27.582897486436707       0.33333333320978042     
   2.6220000000000416       -27.576897486438948       0.33333333320811037     
   2.6210000000000417       -27.570897486441218       0.33333333320641789     
   2.6200000000000419       -27.564897486443520       0.33333333320470221     
   2.6190000000000420       -27.558897486445847       0.33333333320296316     
   2.6180000000000421       -27.552897486448213       0.33333333320120057     
   2.6170000000000422       -27.546897486450607       0.33333333319941383     
   2.6160000000000423       -27.540897486453034       0.33333333319760289     
   2.6150000000000424       -27.534897486455495       0.33333333319576719     
   2.6140000000000425       -27.528897486457989       0.33333333319390640     
   2.6130000000000426       -27.522897486460518       0.33333333319202035     
   2.6120000000000427       -27.516897486463076       0.33333333319010860     
   2.6110000000000428       -27.510897486465673       0.33333333318817077     
   2.6100000000000430       -27.504897486468305       0.33333333318620650     
   2.6090000000000431       -27.498897486470970       0.33333333318421526     
   2.6080000000000432       -27.492897486473673       0.33333333318219721     
   2.6070000000000433       -27.486897486476416       0.33333333318015135     
   2.6060000000000434       -27.480897486479194       0.33333333317807756     
   2.6050000000000435       -27.474897486482007       0.33333333317597563     
   2.6040000000000436       -27.468897486484863       0.33333333317384489     
   2.6030000000000437       -27.462897486487748       0.33333333317168518     
   2.6020000000000438       -27.456897486490675       0.33333333316949582     
   2.6010000000000439       -27.450897486493645       0.33333333316727665     
   2.6000000000000441       -27.444897486496654       0.33333333316502700     
   2.5990000000000442       -27.438897486499705       0.33333333316274671     
   2.5980000000000443       -27.432897486502796       0.33333333316043512     
   2.5970000000000444       -27.426897486505929       0.33333333315809199     
   2.5960000000000445       -27.420897486509105       0.33333333315571700     
   2.5950000000000446       -27.414897486512324       0.33333333315330926     
   2.5940000000000447       -27.408897486515595       0.33333333315086866     
   2.5930000000000448       -27.402897486518899       0.33333333314839464     
   2.5920000000000449       -27.396897486522253       0.33333333314588665     
   2.5910000000000450       -27.390897486525649       0.33333333314334435     
   2.5900000000000452       -27.384897486529098       0.33333333314076730     
   2.5890000000000453       -27.378897486532587       0.33333333313815483     
   2.5880000000000454       -27.372897486536122       0.33333333313550667     
   2.5870000000000455       -27.366897486539706       0.33333333313282204     
   2.5860000000000456       -27.360897486543340       0.33333333313010077     
   2.5850000000000457       -27.354897486547024       0.33333333312734204     
   2.5840000000000458       -27.348897486550758       0.33333333312454538     
   2.5830000000000459       -27.342897486554541       0.33333333312171043     
   2.5820000000000460       -27.336897486558382       0.33333333311883645     
   2.5810000000000461       -27.330897486562272       0.33333333311592311     
   2.5800000000000463       -27.324897486566208       0.33333333311296975     
   2.5790000000000464       -27.318897486570197       0.33333333310997570     
   2.5780000000000465       -27.312897486574251       0.33333333310694058     
   2.5770000000000466       -27.306897486578350       0.33333333310386365     
   2.5760000000000467       -27.300897486582510       0.33333333310074437     
   2.5750000000000468       -27.294897486586727       0.33333333309758223     
   2.5740000000000469       -27.288897486590997       0.33333333309437657     
   2.5730000000000470       -27.282897486595331       0.33333333309112667     
   2.5720000000000471       -27.276897486599722       0.33333333308783203     
   2.5710000000000472       -27.270897486604166       0.33333333308449203     
   2.5700000000000474       -27.264897486608682       0.33333333308110596     
   2.5690000000000475       -27.258897486613254       0.33333333307767316     
   2.5680000000000476       -27.252897486617890       0.33333333307419316     
   2.5670000000000477       -27.246897486622583       0.33333333307066509     
   2.5660000000000478       -27.240897486627343       0.33333333306708823     
   2.5650000000000479       -27.234897486632171       0.33333333306346202     
   2.5640000000000480       -27.228897486637059       0.33333333305978563     
   2.5630000000000481       -27.222897486642019       0.33333333305605856     
   2.5620000000000482       -27.216897486647042       0.33333333305228002     
   2.5610000000000483       -27.210897486652140       0.33333333304844914     
   2.5600000000000485       -27.204897486657302       0.33333333304456519     
   2.5590000000000486       -27.198897486662535       0.33333333304062751     
   2.5580000000000487       -27.192897486667839       0.33333333303663543     
   2.5570000000000488       -27.186897486673224       0.33333333303258805     
   2.5560000000000489       -27.180897486678667       0.33333333302848434     
   2.5550000000000490       -27.174897486684191       0.33333333302432394     
   2.5540000000000491       -27.168897486689797       0.33333333302010593     
   2.5530000000000492       -27.162897486695474       0.33333333301582918     
   2.5520000000000493       -27.156897486701229       0.33333333301149320     
   2.5510000000000495       -27.150897486707059       0.33333333300709694     
   2.5500000000000496       -27.144897486712974       0.33333333300263962     
   2.5490000000000497       -27.138897486718975       0.33333333299812046     
   2.5480000000000498       -27.132897486725039       0.33333333299353846     
   2.5470000000000499       -27.126897486731199       0.33333333298889273     
   2.5460000000000500       -27.120897486737444       0.33333333298418222     
   2.5450000000000501       -27.114897486743772       0.33333333297940620     
   2.5440000000000502       -27.108897486750188       0.33333333297456363     
   2.5430000000000503       -27.102897486756689       0.33333333296965362     
   2.5420000000000504       -27.096897486763279       0.33333333296467499     
   2.5410000000000506       -27.090897486769958       0.33333333295962714     
   2.5400000000000507       -27.084897486776736       0.33333333295450879     
   2.5390000000000508       -27.078897486783603       0.33333333294931883     
   2.5380000000000509       -27.072897486790570       0.33333333294405659     
   2.5370000000000510       -27.066897486797618       0.33333333293872064     
   2.5360000000000511       -27.060897486804773       0.33333333293331036     
   2.5350000000000512       -27.054897486812017       0.33333333292782397     
   2.5340000000000513       -27.048897486819367       0.33333333292226092     
   2.5330000000000514       -27.042897486826824       0.33333333291662010     
   2.5320000000000515       -27.036897486834377       0.33333333291090012     
   2.5310000000000517       -27.030897486842033       0.33333333290509981     
   2.5300000000000518       -27.024897486849792       0.33333333289921835     
   2.5290000000000519       -27.018897486857664       0.33333333289325423     
   2.5280000000000520       -27.012897486865640       0.33333333288720635     
   2.5270000000000521       -27.006897486873722       0.33333333288107359     
   2.5260000000000522       -27.000897486881918       0.33333333287485439     
   2.5250000000000523       -26.994897486890235       0.33333333286854788     
   2.5240000000000524       -26.988897486898658       0.33333333286215261     
   2.5230000000000525       -26.982897486907195       0.33333333285566713     
   2.5220000000000526       -26.976897486915853       0.33333333284909039     
   2.5210000000000528       -26.970897486924631       0.33333333284242095     
   2.5200000000000529       -26.964897486933527       0.33333333283565719     
   2.5190000000000530       -26.958897486942547       0.33333333282879807     
   2.5180000000000531       -26.952897486951692       0.33333333282184197     
   2.5170000000000532       -26.946897486960964       0.33333333281478761     
   2.5160000000000533       -26.940897486970364       0.33333333280763333     
   2.5150000000000534       -26.934897486979885       0.33333333280037797     
   2.5140000000000535       -26.928897486989555       0.33333333279301974     
   2.5130000000000536       -26.922897486999346       0.33333333278555716     
   2.5120000000000537       -26.916897487009273       0.33333333277798888     
   2.5110000000000539       -26.910897487019334       0.33333333277031296     
   2.5100000000000540       -26.904897487029540       0.33333333276252819     
   2.5090000000000541       -26.898897487039893       0.33333333275463278     
   2.5080000000000542       -26.892897487050380       0.33333333274662502     
   2.5070000000000543       -26.886897487061010       0.33333333273850330     
   2.5060000000000544       -26.880897487071799       0.33333333273026589     
   2.5050000000000545       -26.874897487082730       0.33333333272191107     
   2.5040000000000546       -26.868897487093811       0.33333333271343712     
   2.5030000000000547       -26.862897487105037       0.33333333270484211     
   2.5020000000000548       -26.856897487116431       0.33333333269612447     
   2.5010000000000550       -26.850897487127980       0.33333333268728210     
   2.5000000000000551       -26.844897487139697       0.33333333267831322     
   2.4990000000000552       -26.838897487151570       0.33333333266921583     
   2.4980000000000553       -26.832897487163603       0.33333333265998827     
   2.4970000000000554       -26.826897487175813       0.33333333265062820     
   2.4960000000000555       -26.820897487188184       0.33333333264113407     
   2.4950000000000556       -26.814897487200728       0.33333333263150333     
   2.4940000000000557       -26.808897487213454       0.33333333262173409     
   2.4930000000000558       -26.802897487226353       0.33333333261182463     
   2.4920000000000559       -26.796897487239431       0.33333333260177228     
   2.4910000000000561       -26.790897487252689       0.33333333259157494     
   2.4900000000000562       -26.784897487266136       0.33333333258123066     
   2.4890000000000563       -26.778897487279767       0.33333333257073705     
   2.4880000000000564       -26.772897487293587       0.33333333256009168     
   2.4870000000000565       -26.766897487307606       0.33333333254929259     
   2.4860000000000566       -26.760897487321817       0.33333333253833702     
   2.4850000000000567       -26.754897487336230       0.33333333252722275     
   2.4840000000000568       -26.748897487350845       0.33333333251594738     
   2.4830000000000569       -26.742897487365660       0.33333333250450825     
   2.4820000000000570       -26.736897487380681       0.33333333249290298     
   2.4810000000000572       -26.730897487395918       0.33333333248112912     
   2.4800000000000573       -26.724897487411361       0.33333333246918379     
   2.4790000000000574       -26.718897487427025       0.33333333245706437     
   2.4780000000000575       -26.712897487442913       0.33333333244476837     
   2.4770000000000576       -26.706897487459013       0.33333333243229268     
   2.4760000000000577       -26.700897487475345       0.33333333241963481     
   2.4750000000000578       -26.694897487491914       0.33333333240679175     
   2.4740000000000579       -26.688897487508711       0.33333333239376067     
   2.4730000000000580       -26.682897487525739       0.33333333238053875     
   2.4720000000000582       -26.676897487543012       0.33333333236712270     
   2.4710000000000583       -26.670897487560527       0.33333333235350970     
   2.4700000000000584       -26.664897487578294       0.33333333233969653     
   2.4690000000000585       -26.658897487596295       0.33333333232568013     
   2.4680000000000586       -26.652897487614567       0.33333333231145729     
   2.4670000000000587       -26.646897487633094       0.33333333229702461     
   2.4660000000000588       -26.640897487651873       0.33333333228237882     
   2.4650000000000589       -26.634897487670930       0.33333333226751649     
   2.4640000000000590       -26.628897487690246       0.33333333225243439     
   2.4630000000000591       -26.622897487709842       0.33333333223712880     
   2.4620000000000593       -26.616897487729716       0.33333333222159617     
   2.4610000000000594       -26.610897487749867       0.33333333220583311     
   2.4600000000000595       -26.604897487770302       0.33333333218983568     
   2.4590000000000596       -26.598897487791039       0.33333333217360028     
   2.4580000000000597       -26.592897487812056       0.33333333215712274     
   2.4570000000000598       -26.586897487833379       0.33333333214039951     
   2.4560000000000599       -26.580897487855008       0.33333333212342670     
   2.4550000000000600       -26.574897487876942       0.33333333210619992     
   2.4540000000000601       -26.568897487899189       0.33333333208871530     
   2.4530000000000602       -26.562897487921759       0.33333333207096860     
   2.4520000000000604       -26.556897487944635       0.33333333205295568     
   2.4510000000000605       -26.550897487967845       0.33333333203467197     
   2.4500000000000606       -26.544897487991388       0.33333333201611315     
   2.4490000000000607       -26.538897488015269       0.33333333199727483     
   2.4480000000000608       -26.532897488039492       0.33333333197815235     
   2.4470000000000609       -26.526897488064058       0.33333333195874121     
   2.4460000000000610       -26.520897488088977       0.33333333193903630     
   2.4450000000000611       -26.514897488114258       0.33333333191903303     
   2.4440000000000612       -26.508897488139890       0.33333333189872638     
   2.4430000000000613       -26.502897488165900       0.33333333187811165     
   2.4420000000000615       -26.496897488192289       0.33333333185718333     
   2.4410000000000616       -26.490897488219048       0.33333333183593639     
   2.4400000000000617       -26.484897488246201       0.33333333181436564     
   2.4390000000000618       -26.478897488273738       0.33333333179246544     
   2.4380000000000619       -26.472897488301673       0.33333333177023050     
   2.4370000000000620       -26.466897488330009       0.33333333174765517     
   2.4360000000000621       -26.460897488358764       0.33333333172473356     
   2.4350000000000622       -26.454897488387925       0.33333333170146023     
   2.4340000000000623       -26.448897488417515       0.33333333167782908     
   2.4330000000000624       -26.442897488447528       0.33333333165383394     
   2.4320000000000626       -26.436897488477978       0.33333333162946877     
   2.4310000000000627       -26.430897488508869       0.33333333160472733     
   2.4300000000000628       -26.424897488540211       0.33333333157960343     
   2.4290000000000629       -26.418897488572011       0.33333333155409017     
   2.4280000000000630       -26.412897488604258       0.33333333152818095     
   2.4270000000000631       -26.406897488636993       0.33333333150186956     
   2.4260000000000632       -26.400897488670196       0.33333333147514854     
   2.4250000000000633       -26.394897488703894       0.33333333144801114     
   2.4240000000000634       -26.388897488738081       0.33333333142045013     
   2.4230000000000635       -26.382897488772759       0.33333333139245824     
   2.4220000000000637       -26.376897488807952       0.33333333136402798     
   2.4210000000000638       -26.370897488843656       0.33333333133515175     
   2.4200000000000639       -26.364897488879890       0.33333333130582221     
   2.4190000000000640       -26.358897488916657       0.33333333127603093     
   2.4180000000000641       -26.352897488953960       0.33333333124577003     
   2.4170000000000642       -26.346897488991811       0.33333333121503173     
   2.4160000000000643       -26.340897489030226       0.33333333118380720     
   2.4150000000000644       -26.334897489069199       0.33333333115208813     
   2.4140000000000645       -26.328897489108751       0.33333333111986596     
   2.4130000000000646       -26.322897489148886       0.33333333108713176     
   2.4120000000000648       -26.316897489189621       0.33333333105387619     
   2.4110000000000649       -26.310897489230957       0.33333333102009050     
   2.4100000000000650       -26.304897489272900       0.33333333098576506     
   2.4090000000000651       -26.298897489315472       0.33333333095089035     
   2.4080000000000652       -26.292897489358676       0.33333333091545675     
   2.4070000000000653       -26.286897489402516       0.33333333087945410     
   2.4060000000000654       -26.280897489447018       0.33333333084287209     
   2.4050000000000655       -26.274897489492176       0.33333333080570082     
   2.4040000000000656       -26.268897489538013       0.33333333076792937     
   2.4030000000000658       -26.262897489584539       0.33333333072954713     
   2.4020000000000659       -26.256897489631761       0.33333333069054283     
