   1.8999999761581421       -65.993438782094614       0.60451823240072600     
   1.8989999761581422       -65.985650183857516       0.60455921604658547     
   1.8979999761581423       -65.977862862039132       0.60460019016004307     
   1.8969999761581424       -65.970076817386200       0.60464115305140620     
   1.8959999761581425       -65.962292050646312       0.60468210468759775     
   1.8949999761581426       -65.954508562567895       0.60472304503585028     
   1.8939999761581428       -65.946726353899976       0.60476397406339599     
   1.8929999761581429       -65.938945425392504       0.60480489173735874     
   1.8919999761581430       -65.931165777796267       0.60484579802479965     
   1.8909999761581431       -65.923387411862961       0.60488669289267671     
   1.8899999761581432       -65.915610328344684       0.60492757630799265     
   1.8889999761581433       -65.907834527994794       0.60496844823757656     
   1.8879999761581434       -65.900060011567163       0.60500930864825908     
   1.8869999761581435       -65.892286779816686       0.60505015750677071     
   1.8859999761581436       -65.884514833498756       0.60509099477980610     
   1.8849999761581437       -65.876744173370028       0.60513182043395375     
   1.8839999761581439       -65.868974800187303       0.60517263443583491     
   1.8829999761581440       -65.861206714709070       0.60521343675183592     
   1.8819999761581441       -65.853439917693777       0.60525422734846046     
   1.8809999761581442       -65.845674409901292       0.60529500619203069     
   1.8799999761581443       -65.837910192092011       0.60533577324884191     
   1.8789999761581444       -65.830147265027122       0.60537652848513923     
   1.8779999761581445       -65.822385629469025       0.60541727186701955     
   1.8769999761581446       -65.814625286180288       0.60545800336067046     
   1.8759999761581447       -65.806866235924801       0.60549872293207030     
   1.8749999761581448       -65.799108479467080       0.60553943054720771     
   1.8739999761581450       -65.791352017572706       0.60558012617192758     
   1.8729999761581451       -65.783596851007601       0.60562080977213006     
   1.8719999761581452       -65.775842980538911       0.60566148131357234     
   1.8709999761581453       -65.768090406934604       0.60570214076191575     
   1.8699999761581454       -65.760339130963260       0.60574278808282445     
   1.8689999761581455       -65.752589153394410       0.60578342324186663     
   1.8679999761581456       -65.744840474998441       0.60582404620455277     
   1.8669999761581457       -65.737093096546559       0.60586465693629099     
   1.8659999761581458       -65.729347018810728       0.60590525540248719     
   1.8649999761581459       -65.721602242563819       0.60594584156842279     
   1.8639999761581461       -65.713858768579684       0.60598641539930509     
   1.8629999761581462       -65.706116597632629       0.60602697686035301     
   1.8619999761581463       -65.698375730498114       0.60606752591665414     
   1.8609999761581464       -65.690636167952405       0.60610806190395339     
   1.8599999761581465       -65.682897910772596       0.60614858604635080     
   1.8589999761581466       -65.675160959736388       0.60618909767916929     
   1.8579999761581467       -65.667425315622722       0.60622959676694776     
   1.8569999761581468       -65.659690979211163       0.60627008327446708     
   1.8559999761581469       -65.651957951281872       0.60631055716646776     
   1.8549999761581470       -65.644226232616603       0.60635101840749439     
   1.8539999761581472       -65.636495823997180       0.60639146696216095     
   1.8529999761581473       -65.628766726206806       0.60643190279492676     
   1.8519999761581474       -65.621038940029010       0.60647232587025979     
   1.8509999761581475       -65.613312466248786       0.60651273615247647     
   1.8499999761581476       -65.605587305651682       0.60655313360585139     
   1.8489999761581477       -65.597863459023955       0.60659351819463792     
   1.8479999761581478       -65.590140927152888       0.60663388988297839     
   1.8469999761581479       -65.582419710826656       0.60667424863494479     
   1.8459999761581480       -65.574699810834289       0.60671459441453646     
   1.8449999761581481       -65.566981227965627       0.60675492718571189     
   1.8439999761581483       -65.559263963011290       0.60679524691234321     
   1.8429999761581484       -65.551548016763093       0.60683555355819663     
   1.8419999761581485       -65.543833390013205       0.60687584708705211     
   1.8409999761581486       -65.536120083555147       0.60691612746254353     
   1.8399999761581487       -65.528408098183078       0.60695639464827156     
   1.8389999761581488       -65.520697434691982       0.60699664860776470     
   1.8379999761581489       -65.512988093877695       0.60703688930449229     
   1.8369999761581490       -65.505280076537389       0.60707711670177888     
   1.8359999761581491       -65.497573383468364       0.60711733076300023     
   1.8349999761581492       -65.489868015469469       0.60715753145134044     
   1.8339999761581494       -65.482163973339894       0.60719771873003225     
   1.8329999761581495       -65.474461257879980       0.60723789256217242     
   1.8319999761581496       -65.466759869891192       0.60727805291070935     
   1.8309999761581497       -65.459059810175475       0.60731819973866008     
   1.8299999761581498       -65.451361079535744       0.60735833300889785     
   1.8289999761581499       -65.443663678775621       0.60739845268430392     
   1.8279999761581500       -65.435967608700196       0.60743855872753605     
   1.8269999761581501       -65.428272870115038       0.60747865110130139     
   1.8259999761581502       -65.420579463826542       0.60751872976819632     
   1.8249999761581503       -65.412887390642155       0.60755879469076868     
   1.8239999761581505       -65.405196651370147       0.60759884583146428     
   1.8229999761581506       -65.397507246819771       0.60763888315267189     
   1.8219999761581507       -65.389819177801144       0.60767890661669222     
   1.8209999761581508       -65.382132445125094       0.60771891618578910     
   1.8199999761581509       -65.374447049603603       0.60775891182212982     
   1.8189999761581510       -65.366762992049559       0.60779889348777183     
   1.8179999761581511       -65.359080273276490       0.60783886114479424     
   1.8169999761581512       -65.351398894098907       0.60787881475514538     
   1.8159999761581513       -65.343718855332483       0.60791875428066677     
   1.8149999761581515       -65.336040157793562       0.60795867968318285     
   1.8139999761581516       -65.328362802299395       0.60799859092443476     
   1.8129999761581517       -65.320686789668315       0.60803848796605364     
   1.8119999761581518       -65.313012120719151       0.60807837076969440     
   1.8109999761581519       -65.305338796272210       0.60811823929680897     
   1.8099999761581520       -65.297666817148425       0.60815809350882533     
   1.8089999761581521       -65.289996184169524       0.60819793336716454     
   1.8079999761581522       -65.282326898158331       0.60823775883307973     
   1.8069999761581523       -65.274658959938591       0.60827756986780357     
   1.8059999761581524       -65.266992370334805       0.60831736643247503     
   1.8049999761581526       -65.259327130172593       0.60835714848816491     
   1.8039999761581527       -65.251663240278361       0.60839691599588241     
   1.8029999761581528       -65.244000701479635       0.60843666891649528     
   1.8019999761581529       -65.236339514604424       0.60847640721092078     
   1.8009999761581530       -65.228679680482188       0.60851613083989553     
   1.7999999761581531       -65.221021199942967       0.60855583976412120     
   1.7989999761581532       -65.213364073817957       0.60859553394420740     
   1.7979999761581533       -65.205708302939030       0.60863521334072346     
   1.7969999761581534       -65.198053888139299       0.60867487791410857     
   1.7959999761581535       -65.190400830252472       0.60871452762480027     
   1.7949999761581537       -65.182749130113464       0.60875416243309266     
   1.7939999761581538       -65.175098788558117       0.60879378229921199     
   1.7929999761581539       -65.167449806422894       0.60883338718337965     
   1.7919999761581540       -65.159802184545740       0.60887297704562204     
   1.7909999761581541       -65.152155923764894       0.60891255184602544     
   1.7899999761581542       -65.144511024920035       0.60895211154449413     
   1.7889999761581543       -65.136867488851820       0.60899165610085948     
   1.7879999761581544       -65.129225316401332       0.60903118547497181     
   1.7869999761581545       -65.121584508411104       0.60907069962651261     
   1.7859999761581546       -65.113945065724408       0.60911019851511305     
   1.7849999761581548       -65.106306989185455       0.60914968210035481     
   1.7839999761581549       -65.098670279639592       0.60918915034167276     
   1.7829999761581550       -65.091034937932747       0.60922860319854355     
   1.7819999761581551       -65.083400964912386       0.60926804063021300     
   1.7809999761581552       -65.075768361426341       0.60930746259597490     
   1.7799999761581553       -65.068137128323713       0.60934686905499769     
   1.7789999761581554       -65.060507266454579       0.60938625996635165     
   1.7779999761581555       -65.052878776669658       0.60942563528910876     
   1.7769999761581556       -65.045251659821190       0.60946499498214213     
   1.7759999761581557       -65.037625916761769       0.60950433900437195     
   1.7749999761581559       -65.030001548345567       0.60954366731451726     
   1.7739999761581560       -65.022378555427181       0.60958297987133647     
   1.7729999761581561       -65.014756938862448       0.60962227663344448     
   1.7719999761581562       -65.007136699508166       0.60966155755937834     
   1.7709999761581563       -64.999517838222118       0.60970082260759562     
   1.7699999761581564       -64.991900355863038       0.60974007173648559     
   1.7689999761581565       -64.984284253290497       0.60977930490439869     
   1.7679999761581566       -64.976669531365189       0.60981852206954601     
   1.7669999761581567       -64.969056190948962       0.60985772319005216     
   1.7659999761581568       -64.961444232904228       0.60989690822401965     
   1.7649999761581570       -64.953833658094709       0.60993607712943776     
   1.7639999761581571       -64.946224467384980       0.60997522986422914     
   1.7629999761581572       -64.938616661640594       0.61001436638621920     
   1.7619999761581573       -64.931010241728217       0.61005348665316583     
   1.7609999761581574       -64.923405208515348       0.61009259062273968     
   1.7599999761581575       -64.915801562870556       0.61013167825254977     
   1.7589999761581576       -64.908199305663473       0.61017074950007633     
   1.7579999761581577       -64.900598437764543       0.61020980432279870     
   1.7569999761581578       -64.892998960045389       0.61024884267803625     
   1.7559999761581579       -64.885400873378543       0.61028786452306649     
   1.7549999761581581       -64.877804178637504       0.61032686981510320     
   1.7539999761581582       -64.870208876696779       0.61036585851125269     
   1.7529999761581583       -64.862614968432069       0.61040483056853079     
   1.7519999761581584       -64.855022454719730       0.61044378594390603     
   1.7509999761581585       -64.847431336437481       0.61048272459422248     
   1.7499999761581586       -64.839841614463836       0.61052164647628793     
   1.7489999761581587       -64.832253289678377       0.61056055154679667     
   1.7479999761581588       -64.824666362961608       0.61059943976238806     
   1.7469999761581589       -64.817080835195384       0.61063831107956179     
   1.7459999761581591       -64.809496707261985       0.61067716545484363     
   1.7449999761581592       -64.801913980045398       0.61071600284452954     
   1.7439999761581593       -64.794332654429866       0.61075482320501406     
   1.7429999761581594       -64.786752731301490       0.61079362649241320     
   1.7419999761581595       -64.779174211546660       0.61083241266293242     
   1.7409999761581596       -64.771597096053256       0.61087118167256460     
   1.7399999761581597       -64.764021385710009       0.61090993347729405     
   1.7389999761581598       -64.756447081406606       0.61094866803302406     
   1.7379999761581599       -64.748874184033909       0.61098738529553942     
   1.7369999761581600       -64.741302694483821       0.61102608522052981     
   1.7359999761581602       -64.733732613649025       0.61106476776368956     
   1.7349999761581603       -64.726163942423526       0.61110343288052582     
   1.7339999761581604       -64.718596681702394       0.61114208052648022     
   1.7329999761581605       -64.711030832381269       0.61118071065701118     
   1.7319999761581606       -64.703466395357580       0.61121932322733541     
   1.7309999761581607       -64.695903371529013       0.61125791819272779     
   1.7299999761581608       -64.688341761794860       0.61129649550828169     
   1.7289999761581609       -64.680781567055220       0.61133505512907060     
   1.7279999761581610       -64.673222788211447       0.61137359701000715     
   1.7269999761581611       -64.665665426165404       0.61141212110604926     
   1.7259999761581613       -64.658109481820716       0.61145062737191391     
   1.7249999761581614       -64.650554956081592       0.61148911576234211     
   1.7239999761581615       -64.643001849853434       0.61152758623195935     
   1.7229999761581616       -64.635450164042652       0.61156603873530968     
   1.7219999761581617       -64.627899899556922       0.61160447322680944     
   1.7209999761581618       -64.620351057304575       0.61164288966087188     
   1.7199999761581619       -64.612803638195373       0.61168128799176680     
   1.7189999761581620       -64.605257643139950       0.61171966817367940     
   1.7179999761581621       -64.597713073050272       0.61175803016068453     
   1.7169999761581622       -64.590169928838804       0.61179637390690145     
   1.7159999761581624       -64.582628211419689       0.61183469936618651     
   1.7149999761581625       -64.575087921707805       0.61187300649243004     
   1.7139999761581626       -64.567549060619200       0.61191129523938603     
   1.7129999761581627       -64.560011629071013       0.61194956556073232     
   1.7119999761581628       -64.552475627981408       0.61198781741007080     
   1.7109999761581629       -64.544941058269544       0.61202605074091887     
   1.7099999761581630       -64.537407920855870       0.61206426550668580     
   1.7089999761581631       -64.529876216661890       0.61210246166068250     
   1.7079999761581632       -64.522345946609846       0.61214063915621009     
   1.7069999761581633       -64.514817111623586       0.61217879794636876     
   1.7059999761581635       -64.507289712627738       0.61221693798424792     
   1.7049999761581636       -64.499763750547970       0.61225505922285073     
   1.7039999761581637       -64.492239226311099       0.61229316161508496     
   1.7029999761581638       -64.484716140845251       0.61233124511371184     
   1.7019999761581639       -64.477194495079360       0.61236930967148895     
   1.7009999761581640       -64.469674289943526       0.61240735524105006     
   1.6999999761581641       -64.462155526369074       0.61244538177493091     
   1.6989999761581642       -64.454638205288319       0.61248338922558787     
   1.6979999761581643       -64.447122327634659       0.61252137754538039     
   1.6969999761581644       -64.439607894342629       0.61255934668662260     
   1.6959999761581646       -64.432094906348084       0.61259729660143547     
   1.6949999761581647       -64.424583364587505       0.61263522724200137     
   1.6939999761581648       -64.417073269998909       0.61267313856028627     
   1.6929999761581649       -64.409564623521106       0.61271103050826248     
   1.6919999761581650       -64.402057426094487       0.61274890303769514     
   1.6909999761581651       -64.394551678660008       0.61278675610037903     
   1.6899999761581652       -64.387047382160134       0.61282458964795739     
   1.6889999761581653       -64.379544537538138       0.61286240363201705     
   1.6879999761581654       -64.372043145738772       0.61290019800400142     
   1.6869999761581655       -64.364543207707726       0.61293797271530248     
   1.6859999761581657       -64.357044724391727       0.61297572771723197     
   1.6849999761581658       -64.349547696738654       0.61301346296101422     
   1.6839999761581659       -64.342052125697606       0.61305117839775158     
   1.6829999761581660       -64.334558012219006       0.61308887397843514     
   1.6819999761581661       -64.327065357253915       0.61312654965404723     
   1.6809999761581662       -64.319574161754957       0.61316420537541894     
   1.6799999761581663       -64.312084426675682       0.61320184109329667     
   1.6789999761581664       -64.304596152970873       0.61323945675835301     
   1.6779999761581665       -64.297109341596325       0.61327705232117025     
   1.6769999761581666       -64.289623993509295       0.61331462773218304     
   1.6759999761581668       -64.282140109667694       0.61335218294184535     
   1.6749999761581669       -64.274657691031052       0.61338971790040686     
   1.6739999761581670       -64.267176738559641       0.61342723255810605     
   1.6729999761581671       -64.259697253215307       0.61346472686503217     
   1.6719999761581672       -64.252219235960609       0.61350220077124074     
   1.6709999761581673       -64.244742687759668       0.61353965422663170     
   1.6699999761581674       -64.237267609577458       0.61357708718105941     
   1.6689999761581675       -64.229794002380260       0.61361449958427150     
   1.6679999761581676       -64.222321867135520       0.61365189138591003     
   1.6669999761581678       -64.214851204811808       0.61368926253554168     
   1.6659999761581679       -64.207382016378801       0.61372661298264830     
   1.6649999761581680       -64.199914302807429       0.61376394267659728     
   1.6639999761581681       -64.192448065069897       0.61380125156664878     
   1.6629999761581682       -64.184983304139308       0.61383853960202994     
   1.6619999761581683       -64.177520020990059       0.61387580673182873     
   1.6609999761581684       -64.170058216597980       0.61391305290500808     
   1.6599999761581685       -64.162597891939583       0.61395027807053770     
   1.6589999761581686       -64.155139047992918       0.61398748217720656     
   1.6579999761581687       -64.147681685737197       0.61402466517373255     
   1.6569999761581689       -64.140225806152529       0.61406182700877943     
   1.6559999761581690       -64.132771410220613       0.61409896763085303     
   1.6549999761581691       -64.125318498924287       0.61413608698834699     
   1.6539999761581692       -64.117867073247055       0.61417318502970941     
   1.6529999761581693       -64.110417134174313       0.61421026170311344     
   1.6519999761581694       -64.102968682692193       0.61424731695675183     
   1.6509999761581695       -64.095521719788181       0.61428435073868481     
   1.6499999761581696       -64.088076246450967       0.61432136299687323     
   1.6489999761581697       -64.080632263670537       0.61435835367916747     
   1.6479999761581698       -64.073189772437658       0.61439532273340758     
   1.6469999761581700       -64.065748773744986       0.61443227010721024     
   1.6459999761581701       -64.058309268585774       0.61446919574820280     
   1.6449999761581702       -64.050871257954839       0.61450609960383984     
   1.6439999761581703       -64.043434742848035       0.61454298162155208     
   1.6429999761581704       -64.035999724262382       0.61457984174865876     
   1.6419999761581705       -64.028566203196462       0.61461667993230040     
   1.6409999761581706       -64.021134180649653       0.61465349611964148     
   1.6399999761581707       -64.013703657622756       0.61469029025768274     
   1.6389999761581708       -64.006274635117848       0.61472706229331542     
   1.6379999761581709       -63.998847114138051       0.61476381217339071     
   1.6369999761581711       -63.991421095687969       0.61480053984460292     
   1.6359999761581712       -63.983996580773173       0.61483724525360928     
   1.6349999761581713       -63.976573570400575       0.61487392834692356     
   1.6339999761581714       -63.969152065578314       0.61491058907100349     
   1.6329999761581715       -63.961732067315914       0.61494722737212826     
   1.6319999761581716       -63.954313576623960       0.61498384319656874     
   1.6309999761581717       -63.946896594514222       0.61502043649047478     
   1.6299999761581718       -63.939481121999769       0.61505700719990852     
   1.6289999761581719       -63.932067160095109       0.61509355527078236     
   1.6279999761581720       -63.924654709815755       0.61513008064894725     
   1.6269999761581722       -63.917243772178537       0.61516658328018414     
   1.6259999761581723       -63.909834348201692       0.61520306311009409     
   1.6249999761581724       -63.902426438904335       0.61523951942752664     
   1.6239999761581725       -63.895020045307348       0.61527595349393194     
   1.6229999761581726       -63.887615168432497       0.61531236459589023     
   1.6219999761581727       -63.880211809302807       0.61534875267821076     
   1.6209999761581728       -63.872809968942761       0.61538511768603965     
   1.6199999761581729       -63.865409648378041       0.61542145956442806     
   1.6189999761581730       -63.858010848635466       0.61545777825837444     
   1.6179999761581731       -63.850613570743413       0.61549407371269282     
   1.6169999761581733       -63.843217815731187       0.61553034587219024     
   1.6159999761581734       -63.835823584629502       0.61556659468155106     
   1.6149999761581735       -63.828430878470641       0.61560282008525735     
   1.6139999761581736       -63.821039698287692       0.61563902202786203     
   1.6129999761581737       -63.813650045115331       0.61567520045368263     
   1.6119999761581738       -63.806261919989304       0.61571135530703225     
   1.6109999761581739       -63.798875323946831       0.61574748653204991     
   1.6099999761581740       -63.791490258026336       0.61578359407282468     
   1.6089999761581741       -63.784106723267527       0.61581967787332081     
   1.6079999761581742       -63.776724720711563       0.61585573787737813     
   1.6069999761581744       -63.769344251400611       0.61589177402880568     
   1.6059999761581745       -63.761965316378443       0.61592778627122313     
   1.6049999761581746       -63.754587916689808       0.61596377454825868     
   1.6039999761581747       -63.747212053381041       0.61599973880333592     
   1.6029999761581748       -63.739837727499570       0.61603567897984357     
   1.6019999761581749       -63.732464940094196       0.61607159502105668     
   1.6009999761581750       -63.725093692215296       0.61610748687009365     
   1.5999999761581751       -63.717723984914159       0.61614335447005264     
   1.5989999761581752       -63.710355819243567       0.61617919776388219     
   1.5979999761581754       -63.702989196257619       0.61621501669444800     
   1.5969999761581755       -63.695624117011725       0.61625081120451053     
   1.5959999761581756       -63.688260582562528       0.61628658123674773     
   1.5949999761581757       -63.680898593968330       0.61632232673364806     
   1.5939999761581758       -63.673538152288216       0.61635804763773616     
   1.5929999761581759       -63.666179258583028       0.61639374389134538     
   1.5919999761581760       -63.658821913914885       0.61642941543668206     
   1.5909999761581761       -63.651466119346971       0.61646506221595943     
   1.5899999761581762       -63.644111875944212       0.61650068417116044     
   1.5889999761581763       -63.636759184772501       0.61653628124426374     
   1.5879999761581765       -63.629408046899250       0.61657185337710763     
   1.5869999761581766       -63.622058463393266       0.61660740051141960     
   1.5859999761581767       -63.614710435324561       0.61664292258883835     
   1.5849999761581768       -63.607363963764655       0.61667841955086833     
   1.5839999761581769       -63.600019049786219       0.61671389133898413     
   1.5829999761581770       -63.592675694463409       0.61674933789448205     
   1.5819999761581771       -63.585333898871795       0.61678475915858355     
   1.5809999761581772       -63.577993664088154       0.61682015507241872     
   1.5799999761581773       -63.570654991190764       0.61685552557697965     
   1.5789999761581774       -63.563317881259195       0.61689087061318593     
   1.5779999761581776       -63.555982335374345       0.61692619012184835     
   1.5769999761581777       -63.548648354618464       0.61696148404369167     
   1.5759999761581778       -63.541315940075471       0.61699675231925921     
   1.5749999761581779       -63.533985092830171       0.61703199488909743     
   1.5739999761581780       -63.526655813969114       0.61706721169357304     
   1.5729999761581781       -63.519328104580104       0.61710240267298011     
   1.5719999761581782       -63.512001965752340       0.61713756776749074     
   1.5709999761581783       -63.504677398576327       0.61717270691720794     
   1.5699999761581784       -63.497354404144119       0.61720782006207442     
   1.5689999761581785       -63.490032983549035       0.61724290714196950     
   1.5679999761581787       -63.482713137885916       0.61727796809663893     
   1.5669999761581788       -63.475394868250802       0.61731300286575796     
   1.5659999761581789       -63.468078175741248       0.61734801138888362     
   1.5649999761581790       -63.460763061456177       0.61738299360546178     
   1.5639999761581791       -63.453449526496065       0.61741794945479900     
   1.5629999761581792       -63.446137571962467       0.61745287887618239     
   1.5619999761581793       -63.438827198958627       0.61748778180872421     
   1.5609999761581794       -63.431518408589142       0.61752265819143870     
   1.5599999761581795       -63.424211201959984       0.61755750796323183     
   1.5589999761581796       -63.416905580178557       0.61759233106294353     
   1.5579999761581798       -63.409601544353656       0.61762712742927017     
   1.5569999761581799       -63.402299095595438       0.61766189700082952     
   1.5559999761581800       -63.394998235015620       0.61769663971609701     
   1.5549999761581801       -63.387698963727338       0.61773135551346636     
   1.5539999761581802       -63.380401282845000       0.61776604433123761     
   1.5529999761581803       -63.373105193484669       0.61780070610754612     
   1.5519999761581804       -63.365810696763710       0.61783534078048397     
   1.5509999761581805       -63.358517793800836       0.61786994828802144     
   1.5499999761581806       -63.351226485716339       0.61790452856801648     
   1.5489999761581807       -63.343936773631938       0.61793908155820354     
   1.5479999761581809       -63.336648658670811       0.61797360719623029     
   1.5469999761581810       -63.329362141957546       0.61800810541961160     
   1.5459999761581811       -63.322077224618091       0.61804257616581237     
   1.5449999761581812       -63.314793907780036       0.61807701937212578     
   1.5439999761581813       -63.307512192572354       0.61811143497576138     
   1.5429999761581814       -63.300232080125291       0.61814582291384867     
   1.5419999761581815       -63.292953571570813       0.61818018312338008     
   1.5409999761581816       -63.285676668042477       0.61821451554119078     
   1.5399999761581817       -63.278401370674686       0.61824882010414461     
   1.5389999761581818       -63.271127680603989       0.61828309674885218     
   1.5379999761581820       -63.263855598968028       0.61831734541192085     
   1.5369999761581821       -63.256585126906067       0.61835156602978236     
   1.5359999761581822       -63.249316265558782       0.61838575784338101     
   1.5349999761581823       -63.242049016068258       0.61841992218593345     
   1.5339999761581824       -63.234783379578317       0.61845405829282585     
   1.5329999761581825       -63.227519357234058       0.61848816609928781     
   1.5319999761581826       -63.220256950182183       0.61852224554120838     
   1.5309999761581827       -63.212996159570665       0.61855629655444178     
   1.5299999761581828       -63.205736986549233       0.61859031907465578     
   1.5289999761581829       -63.198479432269046       0.61862431303743437     
   1.5279999761581831       -63.191223497882639       0.61865827837828247     
   1.5269999761581832       -63.183969184544118       0.61869221503257188     
   1.5259999761581833       -63.176716493409288       0.61872612293553109     
   1.5249999761581834       -63.169465425635167       0.61876000202232762     
   1.5239999761581835       -63.162215982380523       0.61879385222800165     
   1.5229999761581836       -63.154968164805275       0.61882767348753698     
   1.5219999761581837       -63.147721974071352       0.61886146573570355     
   1.5209999761581838       -63.140477411341919       0.61889522890722992     
   1.5199999761581839       -63.133234477781656       0.61892896293672817     
   1.5189999761581841       -63.125993174556960       0.61896266775866060     
   1.5179999761581842       -63.118753502835389       0.61899634330747699     
   1.5169999761581843       -63.111515463786425       0.61902998951742194     
   1.5159999761581844       -63.104279058580978       0.61906360632263779     
   1.5149999761581845       -63.097044288391309       0.61909719365721927     
   1.5139999761581846       -63.089811154391469       0.61913075145508345     
   1.5129999761581847       -63.082579657756845       0.61916427965008802     
   1.5119999761581848       -63.075349799664544       0.61919777817594657     
   1.5109999761581849       -63.068121581293134       0.61923124696627474     
   1.5099999761581850       -63.060895003822708       0.61926468595459072     
   1.5089999761581852       -63.053670068435018       0.61929809507427080     
   1.5079999761581853       -63.046446776313253       0.61933147425862023     
   1.5069999761581854       -63.039225128642300       0.61936482344077903     
   1.5059999761581855       -63.032005126608453       0.61939814255385528     
   1.5049999761581856       -63.024786771399725       0.61943143153075575     
   1.5039999761581857       -63.017570064205628       0.61946469030433737     
   1.5029999761581858       -63.010355006217132       0.61949791880736305     
   1.5019999761581859       -63.003141598627089       0.61953111697239815     
   1.5009999761581860       -62.995929842629714       0.61956428473197422     
   1.4999999761581861       -62.988719739420674       0.61959742201851109     
   1.4989999761581863       -62.981511290197545       0.61963052876426050     
   1.4979999761581864       -62.974304496159270       0.61966360490141525     
   1.4969999761581865       -62.967099358506516       0.61969665036202526     
   1.4959999761581866       -62.959895878441472       0.61972966507803462     
   1.4949999761581867       -62.952694057167818       0.61976264898132183     
   1.4939999761581868       -62.945493895891097       0.61979560200357176     
   1.4929999761581869       -62.938295395818251       0.61982852407642064     
   1.4919999761581870       -62.931098558157814       0.61986141513138993     
   1.4909999761581871       -62.923903384120059       0.61989427509986395     
   1.4899999761581872       -62.916709874916883       0.61992710391310102     
   1.4889999761581874       -62.909518031761650       0.61995990150229741     
   1.4879999761581875       -62.902327855869515       0.61999266779849926     
   1.4869999761581876       -62.895139348457164       0.62002540273264328     
   1.4859999761581877       -62.887952510742835       0.62005810555144347     
   1.4849999761581878       -62.880767343946559       0.62009077756747821     
   1.4839999761581879       -62.873583849289915       0.62012341801466464     
   1.4829999761581880       -62.866402027995996       0.62015602682253845     
   1.4819999761581881       -62.859221881289848       0.62018860392142505     
   1.4809999761581882       -62.852043410397890       0.62022114924163296     
   1.4799999761581883       -62.844866616548252       0.62025366271331583     
   1.4789999761581885       -62.837691500970799       0.62028614426651163     
   1.4779999761581886       -62.830518064896843       0.62031859383118892     
   1.4769999761581887       -62.823346309559668       0.62035101133713333     
   1.4759999761581888       -62.816176236194011       0.62038339671405451     
   1.4749999761581889       -62.809007846036110       0.62041574989160364     
   1.4739999761581890       -62.801841140324257       0.62044807079921538     
   1.4729999761581891       -62.794676120298128       0.62048035936627866     
   1.4719999761581892       -62.787512787199212       0.62051261552205150     
   1.4709999761581893       -62.780351142270526       0.62054483919570191     
   1.4699999761581894       -62.773191186756897       0.62057703031625189     
   1.4689999761581896       -62.766032921904781       0.62060918881262361     
   1.4679999761581897       -62.758876348962410       0.62064131461361471     
   1.4669999761581898       -62.751721469179436       0.62067340764795453     
   1.4659999761581899       -62.744568283807602       0.62070546784419123     
   1.4649999761581900       -62.737416794100014       0.62073749513080978     
   1.4639999761581901       -62.730267001311567       0.62076948943619337     
   1.4629999761581902       -62.723118906698879       0.62080145068857673     
   1.4619999761581903       -62.715972511520398       0.62083337881606360     
   1.4609999761581904       -62.708827817036074       0.62086527374669287     
   1.4599999761581905       -62.701684824507687       0.62089713540836955     
   1.4589999761581907       -62.694543535198655       0.62092896372888839     
   1.4579999761581908       -62.687403950374154       0.62096075863594291     
   1.4569999761581909       -62.680266071301062       0.62099252005709982     
   1.4559999761581910       -62.673129899248075       0.62102424791978750     
   1.4549999761581911       -62.665995435485563       0.62105594215135174     
   1.4539999761581912       -62.658862681285562       0.62108760267903340     
   1.4529999761581913       -62.651731637921806       0.62111922942996101     
   1.4519999761581914       -62.644602306669945       0.62115082233111873     
   1.4509999761581915       -62.637474688807330       0.62118238130937808     
   1.4499999761581917       -62.630348785612959       0.62121390629152673     
   1.4489999761581918       -62.623224598367493       0.62124539720425975     
   1.4479999761581919       -62.616102128353646       0.62127685397408261     
   1.4469999761581920       -62.608981376855652       0.62130827652744947     
   1.4459999761581921       -62.601862345159581       0.62133966479067770     
   1.4449999761581922       -62.594745034553199       0.62137101868998434     
   1.4439999761581923       -62.587629446326183       0.62140233819383162     
   1.4429999761581924       -62.580515581769816       0.62143362312702854     
   1.4419999761581925       -62.573403442177309       0.62146487347453438     
   1.4409999761581926       -62.566293028843461       0.62149608916178578     
   1.4399999761581928       -62.559184343064992       0.62152727011441888     
   1.4389999761581929       -62.552077386140368       0.62155841625796404     
   1.4379999761581930       -62.544972159369919       0.62158952751782393     
   1.4369999761581931       -62.537868664055559       0.62162060381932061     
   1.4359999761581932       -62.530766901501252       0.62165164508762105     
   1.4349999761581933       -62.523666873012573       0.62168265124781952     
   1.4339999761581934       -62.516568579896891       0.62171362222488902     
   1.4329999761581935       -62.509472023463509       0.62174455794366468     
   1.4319999761581936       -62.502377205023564       0.62177545832886139     
   1.4309999761581937       -62.495284125889825       0.62180632330512831     
   1.4299999761581939       -62.488192787376917       0.62183715279697827     
   1.4289999761581940       -62.481103190801385       0.62186794672880952     
   1.4279999761581941       -62.474015337481617       0.62189870502488409     
   1.4269999761581942       -62.466929228737712       0.62192942760937431     
   1.4259999761581943       -62.459844865891526       0.62196011440638632     
   1.4249999761581944       -62.452762250267021       0.62199076533980058     
   1.4239999761581945       -62.445681383189793       0.62202138033347321     
   1.4229999761581946       -62.438602265987285       0.62205195931115032     
   1.4219999761581947       -62.431524899988887       0.62208250219639227     
   1.4209999761581948       -62.424449286525729       0.62211300891271160     
   1.4199999761581950       -62.417375426930839       0.62214347938349968     
   1.4189999761581951       -62.410303322539143       0.62217391353200480     
   1.4179999761581952       -62.403232974687363       0.62220431128137699     
   1.4169999761581953       -62.396164384714041       0.62223467255469311     
   1.4159999761581954       -62.389097553959736       0.62226499727484308     
   1.4149999761581955       -62.382032483766714       0.62229528536466017     
   1.4139999761581956       -62.374969175479237       0.62232553645960298     
   1.4129999761581957       -62.367907630443476       0.62235575104709162     
   1.4119999761581958       -62.360847850007232       0.62238592877233978     
   1.4109999761581959       -62.353789835520423       0.62241606955737816     
   1.4099999761581961       -62.346733588334835       0.62244617332443231     
   1.4089999761581962       -62.339679109804173       0.62247623999564938     
   1.4079999761581963       -62.332626401283811       0.62250626949308363     
   1.4069999761581964       -62.325575464131312       0.62253626173861343     
   1.4059999761581965       -62.318526299705901       0.62256621665409007     
   1.4049999761581966       -62.311478909368986       0.62259613416115089     
   1.4039999761581967       -62.304433294483616       0.62262601418140029     
   1.4029999761581968       -62.297389456414813       0.62265585663632927     
   1.4019999761581969       -62.290347396529683       0.62268566144725535     
   1.4009999761581970       -62.283307116197086       0.62271542853544193     
   1.3999999761581972       -62.276268616787974       0.62274515782199591     
   1.3989999761581973       -62.269231899674914       0.62277484922797932     
   1.3979999761581974       -62.262196966232743       0.62280450267426990     
   1.3969999761581975       -62.255163817838095       0.62283411808167521     
   1.3959999761581976       -62.248132455869552       0.62286369537086861     
   1.3949999761581977       -62.241102881707718       0.62289323446242129     
   1.3939999761581978       -62.234075096734955       0.62292273527681263     
   1.3929999761581979       -62.227049102335748       0.62295219773438992     
   1.3919999761581980       -62.220024899896544       0.62298162175537708     
   1.3909999761581981       -62.213002490805565       0.62301100725993885     
   1.3899999761581983       -62.205981876453315       0.62304035416804415     
   1.3889999761581984       -62.198963058232032       0.62306966239961437     
   1.3879999761581985       -62.191946037535878       0.62309893187447030     
   1.3869999761581986       -62.184930815761220       0.62312816251226522     
   1.3859999761581987       -62.177917394306306       0.62315735423257879     
   1.3849999761581988       -62.170905774571246       0.62318650695488798     
   1.3839999761581989       -62.163895957958246       0.62321562059854330     
   1.3829999761581990       -62.156887945871539       0.62324469508279234     
   1.3819999761581991       -62.149881739717259       0.62327373032677058     
   1.3809999761581992       -62.142877340903738       0.62330272624947003     
   1.3799999761581994       -62.135874750840998       0.62333168276985407     
   1.3789999761581995       -62.128873970941406       0.62336059980666980     
   1.3779999761581996       -62.121875002619156       0.62338947727862271     
   1.3769999761581997       -62.114877847290352       0.62341831510434842     
   1.3759999761581998       -62.107882506373386       0.62344711320226776     
   1.3749999761581999       -62.100888981288527       0.62347587149075956     
   1.3739999761582000       -62.093897273458040       0.62350458988809243     
   1.3729999761582001       -62.086907384306343       0.62353326831238820     
   1.3719999761582002       -62.079919315259794       0.62356190628457642     
   1.3709999761582004       -62.072933067746796       0.62359050451102349     
   1.3699999761582005       -62.065948643197871       0.62361906251842192     
   1.3689999761582006       -62.058966043045480       0.62364758022429023     
   1.3679999761582007       -62.051985268724252       0.62367605754622313     
   1.3669999761582008       -62.045006321670861       0.62370449440171116     
   1.3659999761582009       -62.038029203323937       0.62373289070815563     
   1.3649999761582010       -62.031053915124346       0.62376124638280006     
   1.3639999761582011       -62.024080458514774       0.62378956134287877     
   1.3629999761582012       -62.017108834940224       0.62381783550540959     
   1.3619999761582013       -62.010139045847794       0.62384606878733329     
   1.3609999761582015       -62.003171092686330       0.62387426110555921     
   1.3599999761582016       -61.996204976907144       0.62390241237678712     
   1.3589999761582017       -61.989240699963545       0.62393052251764403     
   1.3579999761582018       -61.982278263310853       0.62395859144464838     
   1.3569999761582019       -61.975317668406376       0.62398661907429165     
   1.3559999761582020       -61.968358916709768       0.62401460532283870     
   1.3549999761582021       -61.961402009682715       0.62404255010651399     
   1.3539999761582022       -61.954446948789098       0.62407045334137445     
   1.3529999761582023       -61.947493735494582       0.62409831494347601     
   1.3519999761582024       -61.940542371267398       0.62412613482867008     
   1.3509999761582026       -61.933592857577501       0.62415391291278732     
   1.3499999761582027       -61.926645195897294       0.62418164911146878     
   1.3489999761582028       -61.919699387701137       0.62420934334031419     
   1.3479999761582029       -61.912755434465645       0.62423699551476575     
   1.3469999761582030       -61.905813337669429       0.62426460555020902     
   1.3459999761582031       -61.898873098793324       0.62429217336191956     
   1.3449999761582032       -61.891934719320346       0.62431969886503480     
   1.3439999761582033       -61.884998200735687       0.62434718197459693     
   1.3429999761582034       -61.878063544526547       0.62437462260559573     
   1.3419999761582035       -61.871130752182466       0.62440202067285056     
   1.3409999761582037       -61.864199825195065       0.62442937609110083     
   1.3399999761582038       -61.857270765058217       0.62445668877498473     
   1.3389999761582039       -61.850343573267800       0.62448395863905093     
   1.3379999761582040       -61.843418251322163       0.62451118559770569     
   1.3369999761582041       -61.836494800721383       0.62453836956534248     
   1.3359999761582042       -61.829573222968186       0.62456551045615016     
   1.3349999761582043       -61.822653519567325       0.62459260818424989     
   1.3339999761582044       -61.815735692025747       0.62461966266366808     
   1.3329999761582045       -61.808819741852574       0.62464667380834638     
   1.3319999761582046       -61.801905670559123       0.62467364153210303     
   1.3309999761582048       -61.794993479658991       0.62470056574865895     
   1.3299999761582049       -61.788083170667967       0.62472744637163691     
   1.3289999761582050       -61.781174745104138       0.62475428331453531     
   1.3279999761582051       -61.774268204487626       0.62478107649080583     
   1.3269999761582052       -61.767363550340967       0.62480782581376315     
   1.3259999761582053       -61.760460784188837       0.62483453119662058     
   1.3249999761582054       -61.753559907558191       0.62486119255250316     
   1.3239999761582055       -61.746660921978204       0.62488780979443725     
   1.3229999761582056       -61.739763828980301       0.62491438283534884     
   1.3219999761582057       -61.732868630098245       0.62494091158805121     
   1.3209999761582059       -61.725975326867875       0.62496739596529494     
   1.3199999761582060       -61.719083920827480       0.62499383587969204     
   1.3189999761582061       -61.712194413517459       0.62502023124379769     
   1.3179999761582062       -61.705306806480763       0.62504658196999463     
   1.3169999761582063       -61.698421101262184       0.62507288797067506     
   1.3159999761582064       -61.691537299409092       0.62509914915807707     
   1.3149999761582065       -61.684655402471130       0.62512536544431840     
   1.3139999761582066       -61.677775412000194       0.62515153674145063     
   1.3129999761582067       -61.670897329550478       0.62517766296143407     
   1.3119999761582068       -61.664021156678309       0.62520374401615775     
   1.3109999761582070       -61.657146894942578       0.62522977939040159     
   1.3099999761582071       -61.650274545904374       0.62525576984605946     
   1.3089999761582072       -61.643404111127147       0.62528171487153528     
   1.3079999761582073       -61.636535592176507       0.62530761437821614     
   1.3069999761582074       -61.629668990620566       0.62533346827747704     
   1.3059999761582075       -61.622804308029693       0.62535927648060796     
   1.3049999761582076       -61.615941545976597       0.62538503889881014     
   1.3039999761582077       -61.609080706036302       0.62541075544319424     
   1.3029999761582078       -61.602221789786235       0.62543642602475891     
   1.3019999761582080       -61.595364798805981       0.62546205055448589     
   1.3009999761582081       -61.588509734677835       0.62548762894312437     
   1.2999999761582082       -61.581656598986022       0.62551316110149069     
   1.2989999761582083       -61.574805393317483       0.62553864694018924     
   1.2979999761582084       -61.567956119261282       0.62556408636980532     
   1.2969999761582085       -61.561108778409029       0.62558947930079034     
   1.2959999761582086       -61.554263372354555       0.62561482564354010     
   1.2949999761582087       -61.547419902694166       0.62564012530834701     
   1.2939999761582088       -61.540578371026612       0.62566537820538060     
   1.2929999761582089       -61.533738778952831       0.62569058424480062     
   1.2919999761582091       -61.526901128076382       0.62571574333659397     
   1.2909999761582092       -61.520065420002936       0.62574085539075519     
   1.2899999761582093       -61.513231656340970       0.62576592031708067     
   1.2889999761582094       -61.506399838700986       0.62579093802535890     
   1.2879999761582095       -61.499569968696100       0.62581590842527268     
   1.2869999761582096       -61.492742047941825       0.62584083142640412     
   1.2859999761582097       -61.485916078056114       0.62586570693826116     
   1.2849999761582098       -61.479092060659113       0.62589053487030222     
   1.2839999761582099       -61.472269997373807       0.62591531513181742     
   1.2829999761582100       -61.465449889825344       0.62594004763208433     
   1.2819999761582102       -61.458631739641348       0.62596473228027816     
   1.2809999761582103       -61.451815548451897       0.62598936898548307     
   1.2799999761582104       -61.445001317889634       0.62601395765669687     
   1.2789999761582105       -61.438189049589489       0.62603849820285162     
   1.2779999761582106       -61.431378745188894       0.62606299053280412     
   1.2769999761582107       -61.424570406327909       0.62608743455527749     
   1.2759999761582108       -61.417764034648897       0.62611183017897121     
   1.2749999761582109       -61.410959631796672       0.62613617731249915     
   1.2739999761582110       -61.404157199418592       0.62616047586438495     
   1.2729999761582111       -61.397356739164614       0.62618472574303818     
   1.2719999761582113       -61.390558252687086       0.62620892685683061     
   1.2709999761582114       -61.383761741640775       0.62623307911404691     
   1.2699999761582115       -61.376967207682974       0.62625718242292661     
   1.2689999761582116       -61.370174652473672       0.62628123669154800     
   1.2679999761582117       -61.363384077675171       0.62630524182798586     
   1.2669999761582118       -61.356595484952258       0.62632919774024010     
   1.2659999761582119       -61.349808875972407       0.62635310433618596     
   1.2649999761582120       -61.343024252405563       0.62637696152364897     
   1.2639999761582121       -61.336241615924145       0.62640076921039034     
   1.2629999761582122       -61.329460968203122       0.62642452730409437     
   1.2619999761582124       -61.322682310920065       0.62644823571235486     
   1.2609999761582125       -61.315905645755080       0.62647189434268591     
   1.2599999761582126       -61.309130974390619       0.62649550310261992     
   1.2589999761582127       -61.302358298512111       0.62651906189945694     
   1.2579999761582128       -61.295587619807137       0.62654257064057306     
   1.2569999761582129       -61.288818939966170       0.62656602923316451     
   1.2559999761582130       -61.282052260681880       0.62658943758447283     
   1.2549999761582131       -61.275287583649884       0.62661279560155991     
   1.2539999761582132       -61.268524910568175       0.62663610319148455     
   1.2529999761582133       -61.261764243137385       0.62665936026122182     
   1.2519999761582135       -61.255005583060786       0.62668256671765254     
   1.2509999761582136       -61.248248932044213       0.62670572246761136     
   1.2499999761582137       -61.241494291795966       0.62672882741791780     
   1.2489999761582138       -61.234741664027183       0.62675188147523686     
   1.2479999761582139       -61.227991050451429       0.62677488454623920     
   1.2469999761582140       -61.221242452785056       0.62679783653747412     
   1.2459999761582141       -61.214495872746959       0.62682073735544663     
   1.2449999761582142       -61.207751312058555       0.62684358690664899     
   1.2439999761582143       -61.201008772444055       0.62686638509745196     
   1.2429999761582144       -61.194268255630206       0.62688913183417971     
   1.2419999761582146       -61.187529763346511       0.62691182702308568     
   1.2409999761582147       -61.180793297324975       0.62693447057040397     
   1.2399999761582148       -61.174058859300423       0.62695706238224647     
   1.2389999761582149       -61.167326451010126       0.62697960236474315     
   1.2379999761582150       -61.160596074194196       0.62700209042391120     
   1.2369999761582151       -61.153867730595394       0.62702452646570250     
   1.2359999761582152       -61.147141421959098       0.62704691039606009     
   1.2349999761582153       -61.140417150033358       0.62706924212083215     
   1.2339999761582154       -61.133694916568999       0.62709152154582803     
   1.2329999761582155       -61.126974723319400       0.62711374857681512     
   1.2319999761582157       -61.120256572040837       0.62713592311944955     
   1.2309999761582158       -61.113540464492118       0.62715804507939998     
   1.2299999761582159       -61.106826402434763       0.62718011436227206     
   1.2289999761582160       -61.100114387633027       0.62720213087361287     
   1.2279999761582161       -61.093404421854117       0.62722409451884376     
   1.2269999761582162       -61.086696506867476       0.62724600478198766     
   1.2259999761582163       -61.079990644445679       0.62726786240895083     
   1.2249999761582164       -61.073286836363856       0.62728966688609378     
   1.2239999761582165       -61.066585084399982       0.62731141811865199     
   1.2229999761582167       -61.059885390334664       0.62733311601187869     
   1.2219999761582168       -61.053187755951356       0.62735476047096828     
   1.2209999761582169       -61.046492183036193       0.62737635140108394     
   1.2199999761582170       -61.039798673378101       0.62739788870734425     
   1.2189999761582171       -61.033107228768742       0.62741937229483069     
   1.2179999761582172       -61.026417851002698       0.62744080206853525     
   1.2169999761582173       -61.019730541877031       0.62746217793349379     
   1.2159999761582174       -61.013045303191824       0.62748349979463691     
   1.2149999761582175       -61.006362136749921       0.62750476755686535     
   1.2139999761582176       -60.999681044356919       0.62752598112504721     
   1.2129999761582178       -60.993002027821120       0.62754714040402948     
   1.2119999761582179       -60.986325088953819       0.62756824529858612     
   1.2109999761582180       -60.979650229568911       0.62758929571349908     
   1.2099999761582181       -60.972977451483374       0.62761029155345460     
   1.2089999761582182       -60.966306756516722       0.62763123272316412     
   1.2079999761582183       -60.959638146491365       0.62765211912729546     
   1.2069999761582184       -60.952971623232763       0.62767295067043216     
   1.2059999761582185       -60.946307188568909       0.62769372725719919     
   1.2049999761582186       -60.939644844330765       0.62771444879214300     
   1.2039999761582187       -60.932984592352241       0.62773511517977953     
   1.2029999761582189       -60.926326434469871       0.62775572632464660     
   1.2019999761582190       -60.919670372523349       0.62777628213115699     
   1.2009999761582191       -60.913016408354835       0.62779678250382764     
   1.1999999761582192       -60.906364543809772       0.62781722734701939     
   1.1989999761582193       -60.899714780736176       0.62783761656516779     
   1.1979999761582194       -60.893067120985087       0.62785795006261591     
   1.1969999761582195       -60.886421566410355       0.62787822774373891     
   1.1959999761582196       -60.879778118868785       0.62789844951284834     
   1.1949999761582197       -60.873136780220072       0.62791861527424597     
   1.1939999761582198       -60.866497552326685       0.62793872493223757     
   1.1929999761582200       -60.859860437054266       0.62795877839106140     
   1.1919999761582201       -60.853225436271060       0.62797877555499781     
   1.1909999761582202       -60.846592551848438       0.62799871632825788     
   1.1899999761582203       -60.839961785660613       0.62801860061506565     
   1.1889999761582204       -60.833333139584695       0.62803842831964485     
   1.1879999761582205       -60.826706615500868       0.62805819934615725     
   1.1869999761582206       -60.820082215292082       0.62807791359879461     
   1.1859999761582207       -60.813459940844389       0.62809757098170749     
   1.1849999761582208       -60.806839794046617       0.62811717139908474     
   1.1839999761582209       -60.800221776790707       0.62813671475504584     
   1.1829999761582211       -60.793605890971449       0.62815620095375324     
   1.1819999761582212       -60.786992138486653       0.62817562989933817     
   1.1809999761582213       -60.780380521237177       0.62819500149589746     
   1.1799999761582214       -60.773771041126693       0.62821431564759456     
   1.1789999761582215       -60.767163700061971       0.62823357225852594     
   1.1779999761582216       -60.760558499952737       0.62825277123282464     
   1.1769999761582217       -60.753955442711685       0.62827191247460479     
   1.1759999761582218       -60.747354530254569       0.62829099588797910     
   1.1749999761582219       -60.740755764500115       0.62831002137707215     
   1.1739999761582220       -60.734159147370036       0.62832898884601340     
   1.1729999761582222       -60.727564680789101       0.62834789819892178     
   1.1719999761582223       -60.720972366685075       0.62836674933993419     
   1.1709999761582224       -60.714382206988759       0.62838554217319664     
   1.1699999761582225       -60.707794203634059       0.62840427660282294     
   1.1689999761582226       -60.701208358557707       0.62842295253302460     
   1.1679999761582227       -60.694624673699728       0.62844156986793054     
   1.1669999761582228       -60.688043151003086       0.62846012851171884     
   1.1659999761582229       -60.681463792413716       0.62847862836861512     
   1.1649999761582230       -60.674886599880850       0.62849706934277028     
   1.1639999761582231       -60.668311575356476       0.62851545133846387     
   1.1629999761582233       -60.661738720795903       0.62853377425990586     
   1.1619999761582234       -60.655168038157427       0.62855203801135318     
   1.1609999761582235       -60.648599529402425       0.62857024249708970     
   1.1599999761582236       -60.642033196495355       0.62858838762140490     
   1.1589999761582237       -60.635469041403795       0.62860647328862418     
   1.1579999761582238       -60.628907066098414       0.62862449940309473     
   1.1569999761582239       -60.622347272552950       0.62864246586918027     
   1.1559999761582240       -60.615789662744326       0.62866037259126650     
   1.1549999761582241       -60.609234238652505       0.62867821947380043     
   1.1539999761582242       -60.602681002260582       0.62869600642124790     
   1.1529999761582244       -60.596129955554872       0.62871373333804170     
   1.1519999761582245       -60.589581100524697       0.62873140012874140     
   1.1509999761582246       -60.583034439162645       0.62874900669786626     
   1.1499999761582247       -60.576489973464234       0.62876655295005257     
   1.1489999761582248       -60.569947705428476       0.62878403878985833     
   1.1479999761582249       -60.563407637057210       0.62880146412197946     
   1.1469999761582250       -60.556869770355590       0.62881882885111429     
   1.1459999761582251       -60.550334107331906       0.62883613288199947     
   1.1449999761582252       -60.543800649997635       0.62885337611942715     
   1.1439999761582254       -60.537269400367407       0.62887055846822149     
   1.1429999761582255       -60.530740360459077       0.62888767983324534     
   1.1419999761582256       -60.524213532293615       0.62890474011944830     
   1.1409999761582257       -60.517688917895264       0.62892173923178241     
   1.1399999761582258       -60.511166519291329       0.62893867707530349     
   1.1389999761582259       -60.504646338512707       0.62895555355499733     
   1.1379999761582260       -60.498128377592970       0.62897236857607441     
   1.1369999761582261       -60.491612638569258       0.62898912204368040     
   1.1359999761582262       -60.485099123481753       0.62900581386309140     
   1.1349999761582263       -60.478587834374068       0.62902244393956996     
   1.1339999761582265       -60.472078773292886       0.62903901217847624     
   1.1329999761582266       -60.465571942288122       0.62905551848525709     
   1.1319999761582267       -60.459067343413004       0.62907196276539268     
   1.1309999761582268       -60.452564978724077       0.62908834492440469     
   1.1299999761582269       -60.446064850280969       0.62910466486793237     
   1.1289999761582270       -60.439566960146649       0.62912092250167184     
   1.1279999761582271       -60.433071310387405       0.62913711773135950     
   1.1269999761582272       -60.426577903072705       0.62915325046284309     
   1.1259999761582273       -60.420086740275387       0.62916932060201058     
   1.1249999761582274       -60.413597824071509       0.62918532805484295     
   1.1239999761582276       -60.407111156540417       0.62920127272741322     
   1.1229999761582277       -60.400626739764789       0.62921715452584182     
   1.1219999761582278       -60.394144575830623       0.62923297335633854     
   1.1209999761582279       -60.387664666827064       0.62924872912522956     
   1.1199999761582280       -60.381187014846788       0.62926442173888286     
   1.1189999761582281       -60.374711621985618       0.62928005110377883     
   1.1179999761582282       -60.368238490342854       0.62929561712645832     
   1.1169999761582283       -60.361767622020992       0.62931111931343908     
   1.1159999761582284       -60.355299019125788       0.62932655837007767     
   1.1149999761582285       -60.348832683766616       0.62934193380475967     
   1.1139999761582287       -60.342368618055950       0.62935724552440386     
   1.1129999761582288       -60.335906824109685       0.62937249343605128     
   1.1119999761582289       -60.329447304047093       0.62938767744682123     
   1.1109999761582290       -60.322990059990779       0.62940279746395156     
   1.1099999761582291       -60.316535094066730       0.62941785339478351     
   1.1089999761582292       -60.310082408404284       0.62943284514675601     
   1.1079999761582293       -60.303632005136187       0.62944777262742369     
   1.1069999761582294       -60.297183886398464       0.62946263574447026     
   1.1059999761582295       -60.290738054330831       0.62947743440560000     
   1.1049999761582296       -60.284294511075856       0.62949216851880530     
   1.1039999761582298       -60.277853258780127       0.62950683799198670     
   1.1029999761582299       -60.271414299593104       0.62952144273334421     
   1.1019999761582300       -60.264977635668025       0.62953598265107857     
   1.1009999761582301       -60.258543269161358       0.62955045765356188     
   1.0999999761582302       -60.252111202232975       0.62956486764931308     
   1.0989999761582303       -60.245681437046336       0.62957921254689753     
   1.0979999761582304       -60.239253975768186       0.62959349225508887     
   1.0969999761582305       -60.232828820568685       0.62960770668276855     
   1.0959999761582306       -60.226405973621553       0.62962185573893337     
   1.0949999761582307       -60.219985437103887       0.62963593933273343     
   1.0939999761582309       -60.213567213196249       0.62964995737344476     
   1.0929999761582310       -60.207151304082636       0.62966390977048958     
   1.0919999761582311       -60.200737711950531       0.62967779643344390     
   1.0909999761582312       -60.194326438990863       0.62969161727200462     
   1.0899999761582313       -60.187917487398131       0.62970537219600553     
   1.0889999761582314       -60.181510859370114       0.62971906111548526     
   1.0879999761582315       -60.175106557108251       0.62973268394058091     
   1.0869999761582316       -60.168704582817412       0.62974624058158912     
   1.0859999761582317       -60.162304938705923       0.62975973094898774     
   1.0849999761582318       -60.155907626985709       0.62977315495338226     
   1.0839999761582320       -60.149512649872008       0.62978651250558193     
   1.0829999761582321       -60.143120009583775       0.62979980351650744     
   1.0819999761582322       -60.136729708343459       0.62981302789725702     
   1.0809999761582323       -60.130341748376843       0.62982618555912706     
   1.0799999761582324       -60.123956131913445       0.62983927641355220     
   1.0789999761582325       -60.117572861186133       0.62985230037216511     
   1.0779999761582326       -60.111191938431546       0.62986525734673060     
   1.0769999761582327       -60.104813365889548       0.62987814724926094     
   1.0759999761582328       -60.098437145803800       0.62989096999188310     
   1.0749999761582330       -60.092063280421485       0.62990372548690998     
   1.0739999761582331       -60.085691771993147       0.62991641364691253     
   1.0729999761582332       -60.079322622773248       0.62992903438451697     
   1.0719999761582333       -60.072955835019400       0.62994158761269159     
   1.0709999761582334       -60.066591410993077       0.62995407324449160     
   1.0699999761582335       -60.060229352959240       0.62996649119319703     
   1.0689999761582336       -60.053869663186369       0.62997884137230331     
   1.0679999761582337       -60.047512343946671       0.62999112369546528     
   1.0669999761582338       -60.041157397515782       0.63000333807660125     
   1.0659999761582339       -60.034804826173101       0.63001548442976152     
   1.0649999761582341       -60.028454632201417       0.63002756266928328     
   1.0639999761582342       -60.022106817887376       0.63003957270963651     
   1.0629999761582343       -60.015761385521017       0.63005151446557195     
   1.0619999761582344       -60.009418337396141       0.63006338785200267     
   1.0609999761582345       -60.003077675810083       0.63007519278410307     
   1.0599999761582346       -59.996739403063742       0.63008692917728248     
   1.0589999761582347       -59.990403521461957       0.63009859694706039     
   1.0579999761582348       -59.984070033312811       0.63011019600933293     
   1.0569999761582349       -59.977738940928191       0.63012172628016438     
   1.0559999761582350       -59.971410246623734       0.63013318767581150     
   1.0549999761582352       -59.965083952718473       0.63014458011286134     
   1.0539999761582353       -59.958760061535415       0.63015590350802553     
   1.0529999761582354       -59.952438575400997       0.63016715777833110     
   1.0519999761582355       -59.946119496645345       0.63017834284105667     
   1.0509999761582356       -59.939802827602307       0.63018945861369058     
   1.0499999761582357       -59.933488570609398       0.63020050501399028     
   1.0489999761582358       -59.927176728007787       0.63021148195996513     
   1.0479999761582359       -59.920867302142362       0.63022238936986374     
   1.0469999761582360       -59.914560295361582       0.63023322716225283     
   1.0459999761582361       -59.908255710017812       0.63024399525586972     
   1.0449999761582363       -59.901953548466906       0.63025469356979102     
   1.0439999761582364       -59.895653813068527       0.63026532202333618     
   1.0429999761582365       -59.889356506185997       0.63027588053609673     
   1.0419999761582366       -59.883061630186390       0.63028636902793567     
   1.0409999761582367       -59.876769187440473       0.63029678741899664     
   1.0399999761582368       -59.870479180322690       0.63030713562971952     
   1.0389999761582369       -59.864191611211275       0.63031741358080429     
   1.0379999761582370       -59.857906482488154       0.63032762119325447     
   1.0369999761582371       -59.851623796539002       0.63033775838835293     
   1.0359999761582372       -59.845343555753182       0.63034782508769427     
   1.0349999761582374       -59.839065762523852       0.63035782121314732     
   1.0339999761582375       -59.832790419247956       0.63036774668688400     
   1.0329999761582376       -59.826517528326001       0.63037760143141675     
   1.0319999761582377       -59.820247092162496       0.63038738536950323     
   1.0309999761582378       -59.813979113165495       0.63039709842427949     
   1.0299999761582379       -59.807713593747003       0.63040674051911638     
   1.0289999761582380       -59.801450536322569       0.63041631157779010     
   1.0279999761582381       -59.795189943311769       0.63042581152430544     
   1.0269999761582382       -59.788931817137687       0.63043524028307929     
   1.0259999761582383       -59.782676160227396       0.63044459777880513     
   1.0249999761582385       -59.776422975011663       0.63045388393649460     
   1.0239999761582386       -59.770172263925019       0.63046309868154160     
   1.0229999761582387       -59.763924029405850       0.63047224193963802     
   1.0219999761582388       -59.757678273896254       0.63048131363684556     
   1.0209999761582389       -59.751434999842274       0.63049031369950947     
   1.0199999761582390       -59.745194209693572       0.63049924205441454     
   1.0189999761582391       -59.738955905903744       0.63050809862863022     
   1.0179999761582392       -59.732720090930073       0.63051688334962508     
   1.0169999761582393       -59.726486767233837       0.63052559614517711     
   1.0159999761582394       -59.720255937279980       0.63053423694346988     
   1.0149999761582396       -59.714027603537360       0.63054280567301091     
   1.0139999761582397       -59.707801768478575       0.63055130226273315     
   1.0129999761582398       -59.701578434580128       0.63055972664189142     
   1.0119999761582399       -59.695357604322233       0.63056807874017518     
   1.0109999761582400       -59.689139280189210       0.63057635848755744     
   1.0099999761582401       -59.682923464668903       0.63058456581450684     
   1.0089999761582402       -59.676710160253137       0.63059270065182926     
   1.0079999761582403       -59.670499369437636       0.63060076293070788     
   1.0069999761582404       -59.664291094721904       0.63060875258274185     
   1.0059999761582405       -59.658085338609290       0.63061666953993833     
   1.0049999761582407       -59.651882103607051       0.63062451373469619     
   1.0039999761582408       -59.645681392226301       0.63063228509980762     
   1.0029999761582409       -59.639483206981978       0.63063998356850726     
   1.0019999761582410       -59.633287550392879       0.63064760907444284     
