   1.6000000238418579       -29.842696947332438       0.48046576110357520     
   1.6010000238418578       -29.850529509843255       0.47849778288023259     
   1.6020000238418577       -29.858376518555364       0.47651993414806593     
   1.6030000238418576       -29.866237985749819       0.47453213482302165     
   1.6040000238418575       -29.874113923553800       0.47253430698451560     
   1.6050000238418574       -29.882004343940586       0.47052635220238159     
   1.6060000238418572       -29.889909258729411       0.46850818915614884     
   1.6070000238418571       -29.897828679584972       0.46647973441544938     
   1.6080000238418570       -29.905762618018066       0.46444088344139595     
   1.6090000238418569       -29.913711085385284       0.46239154890089995     
   1.6100000238418568       -29.921674092889361       0.46033164122934839     
   1.6110000238418567       -29.929651651579817       0.45826104883900309     
   1.6120000238418566       -29.937643772352732       0.45617967769626566     
   1.6130000238418565       -29.945650465952063       0.45408742454559675     
   1.6140000238418564       -29.953671742969803       0.45198419020967978     
   1.6150000238418563       -29.961707613847047       0.44986985264374979     
   1.6160000238418561       -29.969758088874613       0.44774430731605208     
   1.6170000238418560       -29.977823178194466       0.44560743992139051     
   1.6180000238418559       -29.985902891800549       0.44345913309447849     
   1.6190000238418558       -29.993997239540313       0.44129927321750029     
   1.6200000238418557       -30.002106231115928       0.43912772246325954     
   1.6210000238418556       -30.010229876086033       0.43694436051963731     
   1.6220000238418555       -30.018368183867317       0.43474905642913592     
   1.6230000238418554       -30.026521163736401       0.43254167546289235     
   1.6240000238418553       -30.034688824831672       0.43032207896098901     
   1.6250000238418552       -30.042871176155892       0.42809012415902387     
   1.6260000238418550       -30.051068226577733       0.42584566401270113     
   1.6270000238418549       -30.059279984834923       0.42358854700755011     
   1.6280000238418548       -30.067506459536443       0.42131861696563266     
   1.6290000238418547       -30.075747659165238       0.41903571283700852     
   1.6300000238418546       -30.084003592081444       0.41673966848666549     
   1.6310000238418545       -30.092274266525230       0.41443031246499601     
   1.6320000238418544       -30.100559690619967       0.41210746777310547     
   1.6330000238418543       -30.108859872375891       0.40977094430035832     
   1.6340000238418542       -30.117174819693478       0.40742056764538426     
   1.6350000238418541       -30.125504540367352       0.40505613543147118     
   1.6360000238418539       -30.133849042090148       0.40267744582293574     
   1.6370000238418538       -30.142208332456619       0.40028428276315803     
   1.6380000238418537       -30.150582418967936       0.39787644456418114     
   1.6390000238418536       -30.158971309036232       0.39545370052260204     
   1.6400000238418535       -30.167375009989364       0.39301581174250860     
   1.6410000238418534       -30.175793529075460       0.39056255264768364     
   1.6420000238418533       -30.184226873468582       0.38809366032804760     
   1.6430000238418532       -30.192675050273259       0.38560889109224372     
   1.6440000238418531       -30.201138066530433       0.38310796341282483     
   1.6450000238418530       -30.209615929223183       0.38059061390339771     
   1.6460000238418528       -30.218108645282356       0.37805654033605529     
   1.6470000238418527       -30.226616221592693       0.37550545073319352     
   1.6480000238418526       -30.235138664999177       0.37293704116088988     
   1.6490000238418525       -30.243675982313704       0.37035097454993682     
   1.6500000238418524       -30.252228180321502       0.36774692203564896     
   1.6510000238418523       -30.260795265788360       0.36512453411132945     
   1.6520000238418522       -30.269377245467773       0.36248344701681368     
   1.6530000238418521       -30.277974126108099       0.35982328198071695     
   1.6540000238418520       -30.286585914460645       0.35714364441357910     
   1.6550000238418519       -30.295212617287120       0.35444412304666273     
   1.6560000238418517       -30.303854241367986       0.35172428901389968     
   1.6570000238418516       -30.312510793510697       0.34898369486939029     
   1.6580000238418515       -30.321182280558606       0.34622187353777228     
   1.6590000238418514       -30.329868709399417       0.34343833017726016     
   1.6600000238418513       -30.338570086974464       0.34063256881899345     
   1.6610000238418512       -30.347286420288221       0.33780404261567176     
   1.6620000238418511       -30.356017716417824       0.33495220751896559     
   1.6630000238418510       -30.364763982522845       0.33207646590987971     
   1.6640000238418509       -30.373525225855822       0.32917621303223393     
   1.6650000238418508       -30.382301453772435       0.32625080767810188     
   1.6660000238418506       -30.391092673742278       0.32329957726332204     
   1.6670000238418505       -30.399898893360202       0.32032181579469404     
   1.6680000238418504       -30.408720120357188       0.31731678166545202     
   1.6690000238418503       -30.417556362612430       0.31428369526648459     
   1.6700000238418502       -30.426407628165101       0.31122172954340616     
   1.6710000238418501       -30.435273925226554       0.30813003432624569     
   1.6720000238418500       -30.444155262193110       0.30500768584691396     
   1.6730000238418499       -30.453051647658896       0.30185373075741673     
   1.6740000238418498       -30.461963090429201       0.29866715530334115     
   1.6750000238418497       -30.470889599534026       0.29544688812589737     
   1.6760000238418495       -30.479831184242059       0.29219178906819737     
   1.6770000238418494       -30.488787854075333       0.28890067111472040     
   1.6780000238418493       -30.497759618823537       0.28557224811759241     
   1.6790000238418492       -30.506746488559493       0.28220517570695636     
   1.6800000238418491       -30.515748473654536       0.27879801121750336     
   1.6810000238418490       -30.524765584794565       0.27534923959417945     
   1.6820000238418489       -30.533797832996207       0.27185721889019043     
   1.6830000238418488       -30.542845229623907       0.26832021741165873     
   1.6840000238418487       -30.551907786407035       0.26473637041821324     
   1.6850000238418485       -30.560985515457467       0.26110370170966490     
   1.6860000238418484       -30.570078429287992       0.25742005773329851     
   1.6870000238418483       -30.579186540830769       0.25368316582465195     
   1.6880000238418482       -30.588309863456558       0.24989053807422293     
   1.6890000238418481       -30.597448410994240       0.24603953176688936     
   1.6900000238418480       -30.606602197751101       0.24212725525160236     
   1.6910000238418479       -30.615771238533277       0.23815058908133255     
   1.6920000238418478       -30.624955548667170       0.23410614440808530     
   1.6930000238418477       -30.634155144020820       0.22999023618343328     
   1.6940000238418476       -30.643370041026586       0.22579882498507597     
   1.6950000238418474       -30.652600256703231       0.22152749139091865     
   1.6960000238418473       -30.661845808679907       0.21717137618812429     
   1.6970000238418472       -30.671106715219373       0.21272511725351756     
   1.6980000238418471       -30.680382995242670       0.20818277427718673     
   1.6990000238418470       -30.689674668353671       0.20353773162472658     
   1.7000000238418469       -30.698981754864342       0.19878260195672570     
   1.7010000238418468       -30.708304275820481       0.19390909228665945     
   1.7020000238418467       -30.717642253027719       0.18890781233934267     
   1.7030000238418466       -30.726995709077769       0.18376810172518399     
   1.7040000238418465       -30.736364667375099       0.17847776370625862     
   1.7050000238418463       -30.745749152163583       0.17302270066054079     
   1.7060000238418462       -30.755149188553354       0.16738654432417810     
   1.7070000238418461       -30.764564802547191       0.16155002453725595     
   1.7080000238418460       -30.773996021067227       0.15549025834015454     
   1.7090000238418459       -30.783442871980263       0.14917970080968834     
   1.7100000238418458       -30.792905384123173       0.14258467999589708     
   1.7110000238418457       -30.802383587326485       0.13566332550834956     
   1.7120000238418456       -30.811877512437256       0.12836242084474106     
   1.7130000238418455       -30.821387191338957       0.12061259923508574     
   1.7140000238418454       -30.830912656970028       0.11232048534496572     
   1.7150000238418452       -30.840453943338225       0.10335508029365964     
   1.7160000238418451       -30.850011085531634        9.3522362416687932E-002
   1.7170000238418450       -30.859584119724296        8.2512203422840685E-002
   1.7180000238418449       -30.869173083176126        6.9768639365011931E-002
   1.7190000238418448       -30.878778014224949        5.4079145093729894E-002
   1.7200000238418447       -30.888398952268872        3.1289394912016717E-002
   1.7210000238418446       -30.898034197061744        2.6897177050364600E-005
   1.7220000238418445       -30.907673238374866        8.9392749397201575E-006
   1.7230000238418444       -30.917314304689270        5.3442973472206390E-006
   1.7240000238418443       -30.926957393788079        3.1597668880232557E-006
   1.7250000238418441       -30.936602503456257        1.7127851601322908E-006
   1.7260000238418440       -30.946249631481532        8.4357027769426603E-007
   1.7270000238418439       -30.955898775654774        3.7664132758001106E-007
   1.7280000238418438       -30.965549933769829        1.5210414855107128E-007
   1.7290000238418437       -30.975203103623180        5.5664811502493315E-008
   1.7300000238418436       -30.984858283014692        1.8376050790592913E-008
   1.7310000238418435       -30.994515469746894        5.4896221827564302E-009
   1.7320000238418434       -31.004174661625228        1.4887537375724631E-009
   1.7330000238418433       -31.013835856458165        3.6533279333826762E-010
   1.7340000238418432       -31.023499052057225        8.1831550794812344E-011
   1.7350000238418430       -31.033164246236531        1.6787409425530104E-011
   1.7360000238418429       -31.042831436813483        3.1439280191570950E-012
   1.7370000238418428       -31.052500621608260        5.6098181655528379E-013
   1.7380000238418427       -31.062171798443696        7.0522291710043802E-014
   1.7390000238418426       -31.071844965145893        9.9549997874722375E-015
   1.7400000238418425       -31.081520119543541        1.6591666312453729E-015
   1.7410000238418424       -31.091197259469272        1.4463738848588846E-015
   1.7420000238418423       -31.100876382756759        1.8966310004013090E-016
   1.7430000238418422       -31.110557487243984       -1.6499147727068299E-016
   1.7440000238418421       -31.120240570771720       -1.8657914719394992E-016
   1.7450000238418419       -31.129925631183013       -6.4763009769800802E-017
   1.7460000238418418       -31.139612666324382        2.3900634557902674E-016
   1.7470000238418417       -31.149301674044807        2.8834959111792261E-016
   1.7480000238418416       -31.158992652196222       -4.1941758708061468E-016
   1.7490000238418415       -31.168685598634053        1.2335811384723961E-017
   1.7500000238418414       -31.178380511215316       -8.7892656116158222E-017
   1.7510000238418413       -31.188077387801311       -2.1741867565575981E-016
   1.7520000238418412       -31.197776226255286        3.3152493096445647E-016
   1.7530000238418411       -31.207477024443310       -5.8595104077438819E-017
   1.7540000238418409       -31.217179780235497       -2.3592239273284576E-016
   1.7550000238418408       -31.226884491503085       -3.9166201146498577E-016
   1.7560000238418407       -31.236591156121630       -2.0045693500176437E-017
   1.7570000238418406       -31.246299771968381       -1.8503717077085943E-016
   1.7580000238418405       -31.256010336924206        3.6544841227244734E-016
   1.7590000238418404       -31.265722848872638       -6.1524859281310762E-016
   1.7600000238418403       -31.275437305700056       -3.3923481307990897E-017
   1.7610000238418402       -31.285153705295009       -1.6344950084759250E-016
   1.7620000238418401       -31.294872045550196       -1.8503717077085941E-017
   1.7630000238418400       -31.304592324360229        7.7098821154524757E-017
   1.7640000238418398       -31.314314539622430        4.6259292692714853E-018
   1.7650000238418397       -31.324038689237629        8.5271296196904382E-016
   1.7660000238418396       -31.333764771108530        2.9297552038719409E-017
   1.7670000238418395       -31.343492783141457        7.8640797577615259E-017
   1.7680000238418394       -31.353222723245686        1.2490009027033011E-016
   1.7690000238418393       -31.362954589331789       -5.2427198385076835E-017
   1.7700000238418392       -31.372688379315431        2.7447180331010816E-016
   1.7710000238418391       -31.382424091113414        7.2472891885253276E-017
   1.7720000238418390       -31.392161722645639        1.2952601953960160E-016
   1.7730000238418389       -31.401901271834554        3.8549410577262381E-016
   1.7740000238418387       -31.411642736606179        8.7892656116158222E-017
   1.7750000238418386       -31.421386114889451       -1.9737298215558337E-016
   1.7760000238418385       -31.431131404614359        1.8503717077085941E-017
   1.7770000238418384       -31.440878603715895       -5.8595104077438819E-017
   1.7780000238418383       -31.450627710130043       -5.7053127654348317E-017
   1.7790000238418382       -31.460378721797198        4.1633363423443370E-017
   1.7800000238418381       -31.470131636658280        3.3923481307990897E-017
   1.7810000238418380       -31.479886452659535        3.2227307242591348E-016
   1.7820000238418379       -31.489643167747641        1.2335811384723961E-017
   1.7830000238418378       -31.499401779873800       -2.6213599192538418E-017
   1.7840000238418376       -31.509162286990883       -2.5442610980993169E-016
   1.7850000238418375       -31.518924687055343       -7.0930915462162773E-017
   1.7860000238418374       -31.528688978025521       -8.9434632539248724E-017
   1.7870000238418373       -31.538455157862735        1.3877787807814457E-017
   1.7880000238418372       -31.548223224531576        3.5465457731081387E-017
   1.7890000238418371       -31.557993175998742        3.8703608219571430E-016
   1.7900000238418370       -31.567765010233831        4.1633363423443370E-017
   1.7910000238418369       -31.577538725209454       -2.8063970900247011E-016
   1.7920000238418368       -31.587314318900646        2.6059401550229370E-016
   1.7930000238418367       -31.597091789285074        5.5511151231257827E-017
   1.7940000238418365       -31.606871134342889       -2.1896065207885033E-016
   1.7950000238418364       -31.616652352057876       -1.0485439677015367E-016
   1.7960000238418363       -31.626435440416092        3.5465457731081387E-017
   1.7970000238418362       -31.636220397405513       -1.4494578377050655E-016
   1.7980000238418361       -31.646007221017857        3.9474596431116675E-016
   1.7990000238418360       -31.655795909246972        8.3266726846886741E-017
   1.8000000238418359       -31.665586460089909        8.6350679693067732E-017
   1.8010000238418358       -31.675378871545355       -1.9428902930940239E-016
   1.8020000238418357       -31.685173141616012       -2.7909773257937962E-016
   1.8030000238418356       -31.694969268306458       -1.4802973661668753E-016
   1.8040000238418354       -31.704767249624108       -3.5465457731081387E-017
   1.8050000238418353       -31.714567083578785       -6.0137080500529308E-017
   1.8060000238418352       -31.724368768183307        1.7270135938613546E-016
   1.8070000238418351       -31.734172301453668        3.2381504884900401E-017
   1.8080000238418350       -31.743977681406925        2.7755575615628914E-017
   1.8090000238418349       -31.753784906064833       -9.5602538231610708E-017
   1.8100000238418348       -31.763593973450053       -1.0793834961633467E-017
   1.8110000238418347       -31.773404881589030       -9.0976608962339214E-017
   1.8120000238418346       -31.783217628509973        0.0000000000000000     
   1.8130000238418345       -31.793032212244889        2.3129646346357429E-017
   1.8140000238418343       -31.802848630827185        5.8595104077438819E-017
   1.8150000238418342       -31.812666882293499       -3.8857805861880479E-016
   1.8160000238418341       -31.822486964683133        5.7053127654348317E-017
   1.8170000238418340       -31.832308876038240        0.0000000000000000     
   1.8180000238418339       -31.842132614402729       -2.3592239273284576E-016
   1.8190000238418338       -31.851958177824038        3.0839528461809902E-018
   1.8200000238418337       -31.861785564351646        9.5602538231610708E-017
   1.8210000238418336       -31.871614772038100       -9.4060561808520206E-017
   1.8220000238418335       -31.881445798938365       -2.1587669923266933E-017
   1.8230000238418334       -31.891278643109835        1.9583100573249288E-016
   1.8240000238418332       -31.901113302612544        2.9451749681028457E-016
   1.8250000238418331       -31.910949775509497        3.8086817650335229E-016
   1.8260000238418330       -31.920788059865899        4.7647071473496305E-016
   1.8270000238418329       -31.930628153749808        2.7755575615628914E-016
   1.8280000238418328       -31.940470055231074       -5.2427198385076835E-017
   1.8290000238418327       -31.950313762383797       -1.5573961873214000E-016
   1.8300000238418326       -31.960159273282748        1.3569392523196359E-016
   1.8310000238418325       -31.970006586006800       -2.0045693500176437E-017
   1.8320000238418324       -31.979855698636459       -9.4060561808520206E-017
   1.8330000238418322       -31.989706609255091        6.1679056923619804E-018
   1.8340000238418321       -31.999559315948844       -1.3877787807814457E-017
   1.8350000238418320       -32.009413816806010       -2.9297552038719409E-017
   1.8360000238418319       -32.019270109918075       -2.3129646346357429E-017
   1.8370000238418318       -32.029128193378362        0.0000000000000000     
   1.8380000238418317       -32.038988065282965        7.7098821154524763E-018
   1.8390000238418316       -32.048849723730733       -1.1102230246251565E-016
   1.8400000238418315       -32.058713166823175        6.0137080500529308E-017
   1.8410000238418314       -32.068578392663895        6.6304986192891292E-017
   1.8420000238418313       -32.078445399359076        1.3415194880887307E-016
   1.8430000238418311       -32.088314185017879       -2.3129646346357429E-017
   1.8440000238418310       -32.098184747752157       -2.1587669923266933E-017
   1.8450000238418309       -32.108057085674943       -7.8640797577615259E-017
   1.8460000238418308       -32.117931196903044       -9.7144514654701197E-017
   1.8470000238418307       -32.127807079555744        2.1433472280957883E-016
   1.8480000238418306       -32.137684731754320       -1.5419764230904951E-016
   1.8490000238418305       -32.147564151622831        6.1679056923619811E-017
