   1.6000000238418579       -28.974972378500166       0.60367894297826685     
   1.6010000238418578       -28.981895122581300       0.60203199147556796     
   1.6020000238418577       -28.988833798007072       0.60037599660006302     
   1.6030000238418576       -28.995788437567640       0.59871087784298305     
   1.6040000238418575       -29.002759074079449       0.59703655283750634     
   1.6050000238418574       -29.009745740383668       0.59535295421160883     
   1.6060000238418572       -29.016748469343682       0.59365999836638939     
   1.6070000238418571       -29.023767293842894       0.59195760009724152     
   1.6080000238418570       -29.030802246782649       0.59024568983730952     
   1.6090000238418569       -29.037853361079211       0.58852417565578286     
   1.6100000238418568       -29.044920669662169       0.58679298568279403     
   1.6110000238418567       -29.052004205471036       0.58505203182355281     
   1.6120000238418566       -29.059104001453548       0.58330122419953390     
   1.6130000238418565       -29.066220090562119       0.58154048874871633     
   1.6140000238418564       -29.073352505751615       0.57976972858330034     
   1.6150000238418563       -29.080501279976513       0.57798886735553368     
   1.6160000238418561       -29.087666446187697       0.57619781196817410     
   1.6170000238418560       -29.094848037329882       0.57439646732417138     
   1.6180000238418559       -29.102046086338316       0.57258475487778293     
   1.6190000238418558       -29.109260626135704       0.57076257204168279     
   1.6200000238418557       -29.116491689628983       0.56892983797319763     
   1.6210000238418556       -29.123739309706366       0.56708644806562758     
   1.6220000238418555       -29.131003519233346       0.56523231918354833     
   1.6230000238418554       -29.138284351049972       0.56336734455030990     
   1.6240000238418553       -29.145581837966734       0.56149143873125906     
   1.6250000238418552       -29.152896012761495       0.55960449262581691     
   1.6260000238418550       -29.160226908175488       0.55770641848622915     
   1.6270000238418549       -29.167574556909813       0.55579710472775312     
   1.6280000238418548       -29.174938991621350       0.55387646126746382     
   1.6290000238418547       -29.182320244919239       0.55194437386772888     
   1.6300000238418546       -29.189718349360600       0.55000075008173832     
   1.6310000238418545       -29.197133337446591       0.54804547283986316     
   1.6320000238418544       -29.204565241618454       0.54607844729429600     
   1.6330000238418543       -29.212014094253227       0.54409955335109572     
   1.6340000238418542       -29.219479927659314       0.54210869371814818     
   1.6350000238418541       -29.226962774072621       0.54010574506907916     
   1.6360000238418539       -29.234462665651805       0.53809060140237364     
   1.6370000238418538       -29.241979634473758       0.53606315457236697     
   1.6380000238418537       -29.249513712529552       0.53402327709801334     
   1.6390000238418536       -29.257064931719682       0.53197086419504203     
   1.6400000238418535       -29.264633323849107       0.52990578456831627     
   1.6410000238418534       -29.272218920623089       0.52782792429620862     
   1.6420000238418533       -29.279821753642203       0.52573716733368314     
   1.6430000238418532       -29.287441854397549       0.52363337723684333     
   1.6440000238418531       -29.295079254266192       0.52151643468986519     
   1.6450000238418530       -29.302733984506119       0.51938621825065967     
   1.6460000238418528       -29.310406076251319       0.51724258562475589     
   1.6470000238418527       -29.318095560507196       0.51508541170759869     
   1.6480000238418526       -29.325802468145319       0.51291456280385161     
   1.6490000238418525       -29.333526829898656       0.51072990926668094     
   1.6500000238418524       -29.341268676356517       0.50853130042988792     
   1.6510000238418523       -29.349028037960018       0.50631860235267157     
   1.6520000238418522       -29.356804944996462       0.50409167228097562     
   1.6530000238418521       -29.364599427594992       0.50185037138278277     
   1.6540000238418520       -29.372411515721460       0.49959453892645683     
   1.6550000238418519       -29.380241239173646       0.49732403102212352     
   1.6560000238418517       -29.388088627576202       0.49503869444458537     
   1.6570000238418516       -29.395953710376240       0.49273837308954083     
   1.6580000238418515       -29.403836516838112       0.49042290785732440     
   1.6590000238418514       -29.411737076039245       0.48809214317568322     
   1.6600000238418513       -29.419655416865307       0.48574590022318948     
   1.6610000238418512       -29.427591568005578       0.48338401686053661     
   1.6620000238418511       -29.435545557948814       0.48100632068827309     
   1.6630000238418510       -29.443517414978992       0.47861263561228617     
   1.6640000238418509       -29.451507167170710       0.47620278167810487     
   1.6650000238418508       -29.459514842385730       0.47377657489475944     
   1.6660000238418506       -29.467540468268751       0.47133382704820470     
   1.6670000238418505       -29.475584072243855       0.46887434550328627     
   1.6680000238418504       -29.483645681510986       0.46639793299352900     
   1.6690000238418503       -29.491725323042630       0.46390438739811590     
   1.6700000238418502       -29.499823023580632       0.46139350150575648     
   1.6710000238418501       -29.507938809633391       0.45886505559381291     
   1.6720000238418500       -29.516072707473278       0.45631884567058001     
   1.6730000238418499       -29.524224743134354       0.45375464065889570     
   1.6740000238418498       -29.532394942410090       0.45117221031146243     
   1.6750000238418497       -29.540583330851703       0.44857131786945736     
   1.6760000238418495       -29.548789933766781       0.44595171233424108     
   1.6770000238418494       -29.557014776218196       0.44331315738310650     
   1.6780000238418493       -29.565257883023200       0.44065538746062455     
   1.6790000238418492       -29.573519278753409       0.43797812866462432     
   1.6800000238418491       -29.581798987734302       0.43528112075285413     
   1.6810000238418490       -29.590097034046423       0.43256407280552217     
   1.6820000238418489       -29.598413441525722       0.42982668387092704     
   1.6830000238418488       -29.606748233765462       0.42706866608260502     
   1.6840000238418487       -29.615101434117697       0.42428969059772254     
   1.6850000238418485       -29.623473065696015       0.42148944053811260     
   1.6860000238418484       -29.631863151378401       0.41866758692207373     
   1.6870000238418483       -29.640271713810890       0.41582376603048932     
   1.6880000238418482       -29.648698775411603       0.41295762365966848     
   1.6890000238418481       -29.657144358375696       0.41006879173549915     
   1.6900000238418480       -29.665608484680671       0.40715686459733358     
   1.6910000238418479       -29.674091176092517       0.40422144407698940     
   1.6920000238418478       -29.682592454172784       0.40126210778406840     
   1.6930000238418477       -29.691112340285652       0.39827841584096685     
   1.6940000238418476       -29.699650855606855       0.39526990981006804     
   1.6950000238418474       -29.708208021132023       0.39223611154437427     
   1.6960000238418473       -29.716783857687759       0.38917651417361249     
   1.6970000238418472       -29.725378385941241       0.38609061172762538     
   1.6980000238418471       -29.733991626412855       0.38297785152396102     
   1.6990000238418470       -29.742623599488052       0.37983765546697046     
   1.7000000238418469       -29.751274325431538       0.37666944182221024     
   1.7010000238418468       -29.759943824401457       0.37347256935086853     
   1.7020000238418467       -29.768632116464836       0.37024638945919680     
   1.7030000238418466       -29.777339221614504       0.36699021310799362     
   1.7040000238418465       -29.786065159786766       0.36370331641976233     
   1.7050000238418463       -29.794809950879738       0.36038493826150225     
   1.7060000238418462       -29.803573614773935       0.35703427762452278     
   1.7070000238418461       -29.812356171352892       0.35365049078104238     
   1.7080000238418460       -29.821157640526021       0.35023268072645958     
   1.7090000238418459       -29.829978042252087       0.34677992344590103     
   1.7100000238418458       -29.838817396564117       0.34329121255203349     
   1.7110000238418457       -29.847675723596012       0.33976550689719964     
   1.7120000238418456       -29.856553043609992       0.33620169662166605     
   1.7130000238418455       -29.865449377026405       0.33259860580364020     
   1.7140000238418454       -29.874364744453754       0.32895498717170640     
   1.7150000238418452       -29.883299166721855       0.32526950887017114     
   1.7160000238418451       -29.892252664915155       0.32154077010660731     
   1.7170000238418450       -29.901225260408566       0.31776727191566495     
   1.7180000238418449       -29.910216974905225       0.31394741676884103     
   1.7190000238418448       -29.919227830475194       0.31007949982963012     
   1.7200000238418447       -29.928257849596797       0.30616169179262825     
   1.7210000238418446       -29.937307055199845       0.30219204992389509     
   1.7220000238418445       -29.946375470710500       0.29816847679111497     
   1.7230000238418444       -29.955463120098582       0.29408873547208431     
   1.7240000238418443       -29.964570027927152       0.28995041239261377     
   1.7250000238418441       -29.973696219404097       0.28575090728981184     
   1.7260000238418440       -29.982841720436539       0.28148740607489869     
   1.7270000238418439       -29.992006557687336       0.27715687254196530     
   1.7280000238418438       -30.001190758634507       0.27275602254570647     
   1.7290000238418437       -30.010394351633181       0.26828127297959070     
   1.7300000238418436       -30.019617365981045       0.26372873589105683     
   1.7310000238418435       -30.028859831985649       0.25909414356635435     
   1.7320000238418434       -30.038121781036246       0.25437285141363009     
   1.7330000238418433       -30.047403245677760       0.24955973473899393     
   1.7340000238418432       -30.056704259688875       0.24464915283928823     
   1.7350000238418430       -30.066024858163736       0.23963486626960379     
   1.7360000238418429       -30.075365077597059       0.23450994639924824     
   1.7370000238418428       -30.084724955973272       0.22926665958336953     
   1.7380000238418427       -30.094104532860278       0.22389634901353631     
   1.7390000238418426       -30.103503849506616       0.21838926624145069     
   1.7400000238418425       -30.112922948943744       0.21273437151515390     
   1.7410000238418424       -30.122361876092199       0.20691907769925424     
   1.7420000238418423       -30.131820677872867       0.20092894908267533     
   1.7430000238418422       -30.141299403322733       0.19474728453256163     
   1.7440000238418421       -30.150798103714894       0.18835460757157715     
   1.7450000238418419       -30.160316832683755       0.18172795442806633     
   1.7460000238418418       -30.169855646354048       0.17483996438251173     
   1.7470000238418417       -30.179414603473752       0.16765758762892463     
   1.7480000238418416       -30.188993765550695       0.16014029108181987     
   1.7490000238418415       -30.198593196992014       0.15223743288281433     
   1.7500000238418414       -30.208212965243863       0.14388435651526110     
   1.7510000238418413       -30.217853140932021       0.13499622524485655     
   1.7520000238418412       -30.227513797999379       0.12545793556822910     
   1.7530000238418411       -30.237195013837919       0.11510636377865999     
   1.7540000238418409       -30.246896869410712       0.10369638118212227     
   1.7550000238418408       -30.256619449358730        9.0827850288453138E-002
   1.7560000238418407       -30.266362842084547        7.5758604052923992E-002
   1.7570000238418406       -30.276127139803350        5.6759058492697773E-002
   1.7580000238418405       -30.285912438546170        2.6390052407594237E-002
   1.7590000238418404       -30.295713773336924        1.8001471861302089E-005
   1.7600000238418403       -30.305517732111838        7.5697420765411281E-006
   1.7610000238418402       -30.315323587916467        4.5761658662605041E-006
   1.7620000238418401       -30.325131338715209        2.5698734258811085E-006
   1.7630000238418400       -30.334940982474524        1.3098526829970048E-006
   1.7640000238418398       -30.344752517163698        6.0421872320285763E-007
   1.7650000238418397       -30.354565940754902        2.5062195596152009E-007
   1.7660000238418396       -30.364381251222966        9.3128454062594045E-008
   1.7670000238418395       -30.374198446545385        3.1168705790723330E-008
   1.7680000238418394       -30.384017524702486        9.3495653071447773E-009
   1.7690000238418393       -30.393838483677222        2.5361566874382291E-009
   1.7700000238418392       -30.403661321455388        6.2094670454864654E-010
   1.7710000238418391       -30.413486036025375        1.3766805442541299E-010
   1.7720000238418390       -30.423312625378578        2.7733866129568224E-011
   1.7730000238418389       -30.433141087508794        5.0451803228984066E-012
   1.7740000238418387       -30.442971420412576        8.4564300006917392E-013
   1.7750000238418386       -30.452803622089519        1.2611516769172541E-013
   1.7760000238418385       -30.462637690541243        2.2522107635659773E-014
   1.7770000238418384       -30.472473623773041        2.5118795932144167E-015
   1.7780000238418383       -30.482311419791834        4.0708177569589072E-016
   1.7790000238418382       -30.492151076608632       -7.4014868308343765E-017
   1.7800000238418381       -30.501992592235208        1.2027416100105862E-016
   1.7810000238418380       -30.511835964687670        8.9434632539248724E-017
   1.7820000238418379       -30.521681191984264       -1.8812112361704041E-016
   1.7830000238418378       -30.531528272145977       -6.7846962615981794E-017
   1.7840000238418376       -30.541377203196152       -5.1656210173531588E-016
   1.7850000238418375       -30.551227983161571        8.3266726846886741E-017
   1.7860000238418374       -30.561080610070086        1.2335811384723961E-017
   1.7870000238418373       -30.570935081954140        2.9297552038719409E-017
   1.7880000238418372       -30.580791396847793        1.9891495857867389E-016
   1.7890000238418371       -30.590649552788399       -2.7755575615628914E-017
   1.7900000238418370       -30.600509547814568        2.7601377973319865E-016
   1.7910000238418369       -30.610371379969273       -1.7239296410151737E-015
   1.7920000238418368       -30.620235047297005       -4.5950897408096761E-016
   1.7930000238418367       -30.630100547845288       -5.0885221961986339E-017
   1.7940000238418365       -30.639967879664585        2.1587669923266933E-017
   1.7950000238418364       -30.649837040807448        4.6259292692714853E-018
   1.7960000238418363       -30.659708029329202       -1.0177044392397268E-016
   1.7970000238418362       -30.669580843287921       -2.1125076996339783E-016
   1.7980000238418361       -30.679455480744117        7.5556844731434267E-017
   1.7990000238418360       -30.689331939761235        1.4957171303977804E-016
   1.8000000238418359       -30.699210218405277        1.0948032603942516E-016
   1.8010000238418358       -30.709090314744650        1.2798404311651109E-016
   1.8020000238418357       -30.718972226850287        7.0930915462162773E-017
   1.8030000238418356       -30.728855952795858        7.7098821154524763E-018
   1.8040000238418354       -30.738741490658157       -2.5442610980993169E-016
   1.8050000238418353       -30.748628838515490       -3.0685330819500854E-016
   1.8060000238418352       -30.758517994449615        2.8063970900247011E-016
   1.8070000238418351       -30.768408956544508        1.2335811384723961E-017
   1.8080000238418350       -30.778301722886781       -4.1787561065752419E-016
   1.8090000238418349       -30.788196291565715       -1.2027416100105862E-016
   1.8100000238418348       -30.798092660673653        2.3746436915593625E-016
   1.8110000238418347       -30.807990828304092       -3.3923481307990897E-017
   1.8120000238418346       -30.817890792554419        2.8063970900247011E-016
   1.8130000238418345       -30.827792551524222        2.1587669923266933E-017
   1.8140000238418343       -30.837696103315412       -2.1125076996339783E-016
   1.8150000238418342       -30.847601446032677       -1.8657914719394992E-016
   1.8160000238418341       -30.857508577783058        1.0485439677015367E-016
   1.8170000238418340       -30.867417496676889       -9.2518585385429716E-017
   1.8180000238418339       -30.877328200825570        1.8349519434776892E-016
   1.8190000238418338       -30.887240688344463       -8.3266726846886741E-017
   1.8200000238418337       -30.897154957350750        2.7292982688701767E-016
   1.8210000238418336       -30.907071005964397       -2.6830389761774615E-016
   1.8220000238418335       -30.916988832308142        1.1719020815487764E-016
   1.8230000238418334       -30.926908434506245       -5.5511151231257827E-017
   1.8240000238418332       -30.936829810686596       -1.1256427888560614E-016
   1.8250000238418331       -30.946752958979104        4.9343245538895844E-017
   1.8260000238418330       -30.956677877516462       -2.3129646346357429E-017
   1.8270000238418329       -30.966604564433027       -3.4386074234918044E-016
   1.8280000238418328       -30.976533017867254       -4.9343245538895844E-017
   1.8290000238418327       -30.986463235958556       -1.1102230246251565E-016
   1.8300000238418326       -30.996395216849738       -7.8640797577615259E-017
   1.8310000238418325       -31.006328958685671       -1.5419764230904951E-016
   1.8320000238418324       -31.016264459613719       -9.2518585385429707E-018
   1.8330000238418322       -31.026201717784396        2.3592239273284576E-016
   1.8340000238418321       -31.036140731349395       -4.6259292692714853E-018
   1.8350000238418320       -31.046081498464766        2.3129646346357430E-016
   1.8360000238418319       -31.056024017286759        3.8549410577262379E-017
   1.8370000238418318       -31.065968285976364       -7.7098821154524763E-018
   1.8380000238418317       -31.075914302695100       -3.0839528461809902E-018
   1.8390000238418316       -31.085862065608527        7.8640797577615259E-017
   1.8400000238418315       -31.095811572883385       -3.0839528461809902E-018
   1.8410000238418314       -31.105762822689961        4.9343245538895844E-017
   1.8420000238418313       -31.115715813200080       -7.2472891885253276E-017
   1.8430000238418311       -31.125670542588548        1.2952601953960160E-016
   1.8440000238418310       -31.135627009032760       -5.5511151231257827E-017
   1.8450000238418309       -31.145585210712301       -2.4671622769447922E-017
   1.8460000238418308       -31.155545145808272       -1.8503717077085941E-017
   1.8470000238418307       -31.165506812506258        7.0930915462162773E-017
   1.8480000238418306       -31.175470208992571        8.7892656116158222E-017
   1.8490000238418305       -31.185435333457143       -2.4671622769447922E-017
