   1.6000000238418579       -28.655985728877621       0.64968157739194277     
   1.6010000238418578       -28.662479647937115       0.64818836595463680     
   1.6020000238418577       -28.668989622472370       0.64668697248479845     
   1.6030000238418576       -28.675515689813306       0.64517732068006850     
   1.6040000238418575       -28.682057887412309       0.64365933237799944     
   1.6050000238418574       -28.688616252843850       0.64213294402961363     
   1.6060000238418572       -28.695190823804698       0.64059807608145691     
   1.6070000238418571       -28.701781638113154       0.63905464773276899     
   1.6080000238418570       -28.708388733709427       0.63750259231394202     
   1.6090000238418569       -28.715012148654704       0.63594182754607631     
   1.6100000238418568       -28.721651921131411       0.63437227490891823     
   1.6110000238418567       -28.728308089442471       0.63279384928405458     
   1.6120000238418566       -28.734980692011042       0.63120648080358754     
   1.6130000238418565       -28.741669767379996       0.62961008279651076     
   1.6140000238418564       -28.748375354211312       0.62800456707176833     
   1.6150000238418563       -28.755097491285674       0.62638986058993729     
   1.6160000238418561       -28.761836217501859       0.62476587352165780     
   1.6170000238418560       -28.768591571875767       0.62313251439932149     
   1.6180000238418559       -28.775363593539943       0.62148970699259787     
   1.6190000238418558       -28.782152321742871       0.61983735811037954     
   1.6200000238418557       -28.788957795847786       0.61817537279550094     
   1.6210000238418556       -28.795780055332010       0.61650367160304953     
   1.6220000238418555       -28.802619139785975       0.61482215776766536     
   1.6230000238418554       -28.809475088911782       0.61313073262036033     
   1.6240000238418553       -28.816347942522874       0.61142931347215068     
   1.6250000238418552       -28.823237740541934       0.60971779415655136     
   1.6260000238418550       -28.830144523000214       0.60799608887140844     
   1.6270000238418549       -28.837068330035883       0.60626409484078325     
   1.6280000238418548       -28.844009201892966       0.60452170717371778     
   1.6290000238418547       -28.850967178919301       0.60276883675813453     
   1.6300000238418546       -28.857942301565565       0.60100537095613360     
   1.6310000238418545       -28.864934610383113       0.59923121753072062     
   1.6320000238418544       -28.871944146022440       0.59744626701000492     
   1.6330000238418543       -28.878970949231235       0.59565040756085252     
   1.6340000238418542       -28.886015060852671       0.59384354355250124     
   1.6350000238418541       -28.893076521823090       0.59202555494204334     
   1.6360000238418539       -28.900155373169810       0.59019634292457468     
   1.6370000238418538       -28.907251656009393       0.58835578473547079     
   1.6380000238418537       -28.914365411544679       0.58650377838680356     
   1.6390000238418536       -28.921496681062816       0.58464019820891444     
   1.6400000238418535       -28.928645505932511       0.58276493901255255     
   1.6410000238418534       -28.935811927601250       0.58087787783946432     
   1.6420000238418533       -28.942995987592816       0.57897888886888393     
   1.6430000238418532       -28.950197727504268       0.57706786329987858     
   1.6440000238418531       -28.957417189002882       0.57514466615019499     
   1.6450000238418530       -28.964654413823084       0.57320918531799636     
   1.6460000238418528       -28.971909443763220       0.57126128226334694     
   1.6470000238418527       -28.979182320682199       0.56930083552537403     
   1.6480000238418526       -28.986473086495934       0.56732772085319938     
   1.6490000238418525       -28.993781783173944       0.56534179518529193     
   1.6500000238418524       -29.001108452735203       0.56334293676584979     
   1.6510000238418523       -29.008453137244778       0.56133099842554346     
   1.6520000238418522       -29.015815878809356       0.55930585493781393     
   1.6530000238418521       -29.023196719573384       0.55726735478482348     
   1.6540000238418520       -29.030595701714727       0.55521536303313945     
   1.6550000238418519       -29.038012867440273       0.55314974206938361     
   1.6560000238418517       -29.045448258981203       0.55107033452416643     
   1.6570000238418516       -29.052901918588663       0.54897700501610003     
   1.6580000238418515       -29.060373888528602       0.54686959116785228     
   1.6590000238418514       -29.067864211077051       0.54474794736620635     
   1.6600000238418513       -29.075372928514746       0.54261192533337077     
   1.6610000238418512       -29.082900083122276       0.54046135573573595     
   1.6620000238418511       -29.090445717174351       0.53829608585672650     
   1.6630000238418510       -29.098009872934401       0.53611596031302533     
   1.6640000238418509       -29.105592592649259       0.53392080204807879     
   1.6650000238418508       -29.113193918542709       0.53171045081940305     
   1.6660000238418506       -29.120813892809981       0.52948473711566502     
   1.6670000238418505       -29.128452557612029       0.52724349501396139     
   1.6680000238418504       -29.136109955068733       0.52498653652448379     
   1.6690000238418503       -29.143786127253065       0.52271369019655245     
   1.6700000238418502       -29.151481116184463       0.52042477500461914     
   1.6710000238418501       -29.159194963822209       0.51811960682644642     
   1.6720000238418500       -29.166927712059397       0.51579800485104099     
   1.6730000238418499       -29.174679402715633       0.51345976534089366     
   1.6740000238418498       -29.182450077530213       0.51110470091789084     
   1.6750000238418497       -29.190239778155707       0.50873261404021231     
   1.6760000238418495       -29.198048546150485       0.50634330352208301     
   1.6770000238418494       -29.205876422972093       0.50393656440356294     
   1.6780000238418493       -29.213723449969812       0.50151218781244433     
   1.6790000238418492       -29.221589668377582       0.49906996081803956     
   1.6800000238418491       -29.229475119307082       0.49660966627480302     
   1.6810000238418490       -29.237379843740190       0.49413108265710115     
   1.6820000238418489       -29.245303882521974       0.49163398388261176     
   1.6830000238418488       -29.253247276353392       0.48911813912477103     
   1.6840000238418487       -29.261210065784145       0.48658331261280480     
   1.6850000238418485       -29.269192291205567       0.48402926341904107     
   1.6860000238418484       -29.277193992843365       0.48145574523162615     
   1.6870000238418483       -29.285215210751069       0.47886250611293085     
   1.6880000238418482       -29.293255984802563       0.47624928824076485     
   1.6890000238418481       -29.301316354685540       0.47361582042886341     
   1.6900000238418480       -29.309396359894968       0.47096184642304156     
   1.6910000238418479       -29.317496039726606       0.46828708201666952     
   1.6920000238418478       -29.325615433270556       0.46559124290103049     
   1.6930000238418477       -29.333754579405387       0.46287402990335319     
   1.6940000238418476       -29.341913516792260       0.46013515788523329     
   1.6950000238418474       -29.350092283869543       0.45737431186607214     
   1.6960000238418473       -29.358290918847509       0.45459116765927199     
   1.6970000238418472       -29.366509459703490       0.45178541436297653     
   1.6980000238418471       -29.374747944177820       0.44895670169472218     
   1.6990000238418470       -29.383006409769202       0.44610469886104137     
   1.7000000238418469       -29.391284893731630       0.44322903448344392     
   1.7010000238418468       -29.399583433071314       0.44032934829978954     
   1.7020000238418467       -29.407902064544189       0.43740526764845961     
   1.7030000238418466       -29.416240824653823       0.43445638503921058     
   1.7040000238418465       -29.424599749650511       0.43148230171480983     
   1.7050000238418463       -29.432978875530701       0.42848260463694388     
   1.7060000238418462       -29.441378238036997       0.42545684271784118     
   1.7070000238418461       -29.449797872659190       0.42240457161658751     
   1.7080000238418460       -29.458237814636700       0.41932532210879614     
   1.7090000238418459       -29.466698098960450       0.41621860668750105     
   1.7100000238418458       -29.475178760377212       0.41308391838843911     
   1.7110000238418457       -29.483679833394334       0.40992072952637965     
   1.7120000238418456       -29.492201352285552       0.40672848238275472     
   1.7130000238418455       -29.500743351097746       0.40350661932072529     
   1.7140000238418454       -29.509305863659531       0.40025453410894724     
   1.7150000238418452       -29.517888923590860       0.39697159333955950     
   1.7160000238418451       -29.526492564313394       0.39365715887151720     
   1.7170000238418450       -29.535116819063386       0.39031052996410104     
   1.7180000238418449       -29.543761720905241       0.38693099700747624     
   1.7190000238418448       -29.552427302746999       0.38351780707868383     
   1.7200000238418447       -29.561113597357377       0.38007016949871242     
   1.7210000238418446       -29.569820637384744       0.37658725306485519     
   1.7220000238418445       -29.578548455377678       0.37306818304138289     
   1.7230000238418444       -29.587297083807645       0.36951203009394268     
   1.7240000238418443       -29.596066555093380       0.36591783764470881     
   1.7250000238418441       -29.604856901628153       0.36228456404428389     
   1.7260000238418440       -29.613668155807986       0.35861113980048193     
   1.7270000238418439       -29.622500350063682       0.35489640128432093     
   1.7280000238418438       -29.631353516893675       0.35113913206291625     
   1.7290000238418437       -29.640227688901064       0.34733805683378532     
   1.7300000238418436       -29.649122898831749       0.34349179716988293     
   1.7310000238418435       -29.658039179616331       0.33959888738968558     
   1.7320000238418434       -29.666976564415009       0.33565778252286915     
   1.7330000238418433       -29.675935086664257       0.33166682673810133     
   1.7340000238418432       -29.684914780128388       0.32762424421620784     
   1.7350000238418430       -29.693915678953026       0.32352815880589669     
   1.7360000238418429       -29.702937817722962       0.31937652977298642     
   1.7370000238418428       -29.711981231523318       0.31516718386623999     
   1.7380000238418427       -29.721045956004097       0.31089779313337401     
   1.7390000238418426       -29.730132027449937       0.30656584322570496     
   1.7400000238418425       -29.739239482853023       0.30216862255845850     
   1.7410000238418424       -29.748368359990565       0.29770319365460490     
   1.7420000238418423       -29.757518697507791       0.29316638374606641     
   1.7430000238418422       -29.766690535004834       0.28855475704244077     
   1.7440000238418421       -29.775883913129682       0.28386456857364728     
   1.7450000238418419       -29.785098873675913       0.27909172776655095     
   1.7460000238418418       -29.794335459686906       0.27423176327879467     
   1.7470000238418417       -29.803593715565892       0.26927980273257135     
   1.7480000238418416       -29.812873687192837       0.26423044269781842     
   1.7490000238418415       -29.822175422047586       0.25907775292191154     
   1.7500000238418414       -29.831498969341382       0.25381515960577072     
   1.7510000238418413       -29.840844380155183       0.24843535645782863     
   1.7520000238418412       -29.850211707587299       0.24293018189038720     
   1.7530000238418411       -29.859601006909045       0.23729049315257689     
   1.7540000238418409       -29.869012335730254       0.23150599468374583     
   1.7550000238418408       -29.878445754174656       0.22556499835842045     
   1.7560000238418407       -29.887901325065595       0.21945420178662772     
   1.7570000238418406       -29.897379114123261       0.21315831267660831     
   1.7580000238418405       -29.906879190173537       0.20665965803476288     
   1.7590000238418404       -29.916401625369033       0.19993761693752640     
   1.7600000238418403       -29.925946495423307       0.19296788447570179     
   1.7610000238418402       -29.935513879858128       0.18572148515255721     
   1.7620000238418401       -29.945103862264681       0.17816346336871267     
   1.7630000238418400       -29.954716530578036       0.17025095096588330     
   1.7640000238418398       -29.964351977364878       0.16193045183526664     
   1.7650000238418397       -29.974010300124235       0.15313372368161193     
   1.7660000238418396       -29.983691601598728       0.14377139260769831     
   1.7670000238418395       -29.993395990093767       0.13372245613967371     
   1.7680000238418394       -30.003123579801340       0.12281586962030382     
   1.7690000238418393       -30.012874491120805       0.11079560675399780     
   1.7700000238418392       -30.022648850968292        9.7245967347504070E-002
   1.7710000238418391       -30.032446793059968        8.1402381681299180E-002
   1.7720000238418390       -30.042268458149991        6.1511535193793661E-002
   1.7730000238418389       -30.052113994192499        3.0469255985120656E-002
   1.7740000238418387       -30.061978464205733        1.9114093634259926E-005
   1.7750000238418386       -30.071845948487443        7.7065959248496605E-006
   1.7760000238418385       -30.081715282161539        4.6232176958041803E-006
   1.7770000238418384       -30.091586463257720        2.5790282039448196E-006
   1.7780000238418383       -30.101459489807517        1.3037879361796036E-006
   1.7790000238418382       -30.111334359845252        5.9456347477877654E-007
   1.7800000238418381       -30.121211071408069        2.4303561985128397E-007
   1.7810000238418380       -30.131089622535555        8.9085929634734477E-008
   1.7820000238418379       -30.140970011270213        2.9202027580005957E-008
   1.7830000238418378       -30.150852235656814        8.5974835699794329E-009
   1.7840000238418376       -30.160736293743188        2.2833536273167727E-009
   1.7850000238418375       -30.170622183579752        5.4602760122010907E-010
   1.7860000238418374       -30.180509903219473        1.1793959173475896E-010
   1.7870000238418373       -30.190399450717965        2.3097105246912737E-011
   1.7880000238418372       -30.200290824133646        4.0930869804611802E-012
   1.7890000238418371       -30.210184021527226        6.6667350652317562E-013
   1.7900000238418370       -30.220079040962716        1.0907864118121008E-013
   1.7910000238418369       -30.229975880506032        1.1972675937086149E-014
   1.7920000238418368       -30.239874538226086        1.4371220263203415E-015
   1.7930000238418367       -30.249775012194707       -2.2281559313657658E-016
   1.7940000238418365       -30.259677300485329       -1.0022846750088219E-017
   1.7950000238418364       -30.269581401175692       -2.6136500371383892E-016
   1.7960000238418363       -30.279487312344497        1.0331242034706318E-016
   1.7970000238418362       -30.289395032073966       -1.5728159515523052E-016
   1.7980000238418361       -30.299304558448487        2.9297552038719409E-017
   1.7990000238418360       -30.309215889555983       -2.4054832200211723E-016
   1.8000000238418359       -30.319129023484827       -2.1387212988265169E-015
   1.8010000238418358       -30.329043958328892       -2.2875220236547498E-015
   1.8020000238418357       -30.338960692182596       -1.8118222971313318E-016
   1.8030000238418356       -30.348879223143538        8.0182774000705749E-017
   1.8040000238418354       -30.358799549311737       -2.1587669923266932E-016
   1.8050000238418353       -30.368721668790190        5.4740163019712582E-017
   1.8060000238418352       -30.378645579684399       -7.2472891885253276E-017
   1.8070000238418351       -30.388571280101946       -4.9343245538895844E-017
   1.8080000238418350       -30.398498768153587       -3.8549410577262379E-017
   1.8090000238418349       -30.408428041952085        3.3152493096445646E-017
   1.8100000238418348       -30.418359099613127       -5.9366092288984064E-017
   1.8110000238418347       -30.428291939255161        1.7809827686695220E-016
   1.8120000238418346       -30.438226558998764       -7.7098821154524763E-018
   1.8130000238418345       -30.448162956966836       -1.2798404311651109E-016
   1.8140000238418343       -30.458101131285797        2.2358658134812181E-017
   1.8150000238418342       -30.468041080083729       -8.7892656116158222E-017
   1.8160000238418341       -30.477982801491891        2.1125076996339783E-016
   1.8170000238418340       -30.487926293642911       -3.0839528461809902E-018
   1.8180000238418339       -30.497871554673534       -8.1724750423796251E-017
   1.8190000238418338       -30.507818582722006        1.0793834961633467E-017
   1.8200000238418337       -30.517767375928980        1.5419764230904951E-018
   1.8210000238418336       -30.527717932438819       -2.4671622769447922E-017
   1.8220000238418335       -30.537670250396676        2.7755575615628914E-017
   1.8230000238418334       -30.547624327951812       -2.4671622769447922E-017
   1.8240000238418332       -30.557580163255064        3.5234161267617816E-016
   1.8250000238418331       -30.567537754459902        1.5342665409750427E-016
   1.8260000238418330       -30.577497099722226       -2.3129646346357429E-017
   1.8270000238418329       -30.587458197201247        1.5342665409750427E-016
   1.8280000238418328       -30.597421045057278       -1.0408340855860843E-016
   1.8290000238418327       -30.607385641454453       -2.9143354396410359E-016
   1.8300000238418326       -30.617351984558468        1.0022846750088219E-016
   1.8310000238418325       -30.627320072538073        6.9388939039072284E-018
   1.8320000238418324       -30.637289903564017       -1.2567107848187536E-016
   1.8330000238418322       -30.647261475809987        3.8549410577262382E-018
   1.8340000238418321       -30.657234787451653       -1.3646491344350883E-016
   1.8350000238418320       -30.667209836667475        1.3106799596269209E-017
   1.8360000238418319       -30.677186621638537        1.4109084271278030E-016
   1.8370000238418318       -30.687165140547965       -1.0870933782787991E-016
   1.8380000238418317       -30.697145391581540       -3.7007434154171883E-017
   1.8390000238418316       -30.707127372927321       -1.5651060694368527E-016
   1.8400000238418315       -30.717111082776260        2.1587669923266933E-017
   1.8410000238418314       -30.727096519321304       -3.3923481307990897E-017
   1.8420000238418313       -30.737083680758030        2.7986872079092489E-016
   1.8430000238418311       -30.747072565284345       -3.6236445942626638E-017
   1.8440000238418310       -30.757063171100850        2.7755575615628914E-017
   1.8450000238418309       -30.767055496409700       -1.9814397036712864E-016
   1.8460000238418308       -30.777049539417192       -4.3946328058079111E-017
   1.8470000238418307       -30.787045298330352       -8.7892656116158222E-017
   1.8480000238418306       -30.797042771359369       -5.3969174808167333E-018
   1.8490000238418305       -30.807041956716741       -4.7801269115805354E-017
