   1.5000000000000000       -29.233785906539730       0.12499378304925547     
   1.5009999999999999       -29.236036825476749       0.12510832323192123     
   1.5019999999999998       -29.238289806437130       0.12522289654432539     
   1.5029999999999997       -29.240544850013670       0.12533750275230413     
   1.5039999999999996       -29.242801956797670       0.12545214176303743     
   1.5049999999999994       -29.245061127378762       0.12556681348344312     
   1.5059999999999993       -29.247322362344939       0.12568151782025011     
   1.5069999999999992       -29.249585662282414       0.12579625467991515     
   1.5079999999999991       -29.251851027775785       0.12591102396868706     
   1.5089999999999990       -29.254118459407863       0.12602582559257566     
   1.5099999999999989       -29.256387957759920       0.12614065945737968     
   1.5109999999999988       -29.258659523411445       0.12625552546859861     
   1.5119999999999987       -29.260933156940187       0.12637042353159172     
   1.5129999999999986       -29.263208858922219       0.12648535355142110     
   1.5139999999999985       -29.265486629931953       0.12660031543294492     
   1.5149999999999983       -29.267766470541982       0.12671530957892699     
   1.5159999999999982       -29.270048381323377       0.12683033490289375     
   1.5169999999999981       -29.272332362845219       0.12694539180178813     
   1.5179999999999980       -29.274618415675043       0.12706048017957594     
   1.5189999999999979       -29.276906540378604       0.12717559993999691     
   1.5199999999999978       -29.279196737519896       0.12729075098652182     
   1.5209999999999977       -29.281489007661271       0.12740593322244623     
   1.5219999999999976       -29.283783351363255       0.12752114655080810     
   1.5229999999999975       -29.286079769184632       0.12763639087443041     
   1.5239999999999974       -29.288378261682361       0.12775166609593400     
   1.5249999999999972       -29.290678829411924       0.12786697211767373     
   1.5259999999999971       -29.292981472926609       0.12798230884183365     
   1.5269999999999970       -29.295286192778413       0.12809767617032916     
   1.5279999999999969       -29.297592989517170       0.12821307400490703     
   1.5289999999999968       -29.299901863691112       0.12832850264867121     
   1.5299999999999967       -29.302212815846779       0.12844396120409934     
   1.5309999999999966       -29.304525846528769       0.12855944996945121     
   1.5319999999999965       -29.306840956280112       0.12867496884563961     
   1.5329999999999964       -29.309158145641717       0.12879051773328473     
   1.5339999999999963       -29.311477415152979       0.12890609653280369     
   1.5349999999999961       -29.313798765351464       0.12902170514440489     
   1.5359999999999960       -29.316122196772888       0.12913734346810257     
   1.5369999999999959       -29.318447709951137       0.12925301140364615     
   1.5379999999999958       -29.320775305418259       0.12936870885062771     
   1.5389999999999957       -29.323104983704681       0.12948443570840104     
   1.5399999999999956       -29.325436745338848       0.12960019187611549     
   1.5409999999999955       -29.327770590847429       0.12971597725272924     
   1.5419999999999954       -29.330106520755209       0.12983179173696729     
   1.5429999999999953       -29.332444535585360       0.12994763522734476     
   1.5439999999999952       -29.334784635858966       0.13006350762219848     
   1.5449999999999950       -29.337126822095460       0.13017940881962134     
   1.5459999999999949       -29.339471094812311       0.13029533871754262     
   1.5469999999999948       -29.341817454525245       0.13041129721366387     
   1.5479999999999947       -29.344165901748156       0.13052728420549137     
   1.5489999999999946       -29.346516436992964       0.13064329959031939     
   1.5499999999999945       -29.348869060769900       0.13075934326526001     
   1.5509999999999944       -29.351223773587218       0.13087541512719783     
   1.5519999999999943       -29.353580575951383       0.13099151507285114     
   1.5529999999999942       -29.355939468366923       0.13110764299871794     
   1.5539999999999941       -29.358300451336600       0.13122379880109922     
   1.5549999999999939       -29.360663525361243       0.13133998237612288     
   1.5559999999999938       -29.363028690939885       0.13145619361967878     
   1.5569999999999937       -29.365395948569457       0.13157243242751351     
   1.5579999999999936       -29.367765298745397       0.13168869869512989     
   1.5589999999999935       -29.370136741960909       0.13180499231788501     
   1.5599999999999934       -29.372510278707534       0.13192131319089676     
   1.5609999999999933       -29.374885909474784       0.13203766169424258     
   1.5619999999999932       -29.377263634750285       0.13215403675771276     
   1.5629999999999931       -29.379643455019824       0.13227043875579619     
   1.5639999999999930       -29.382025370767458       0.13238686758285675     
   1.5649999999999928       -29.384409382474896       0.13250332313312724     
   1.5659999999999927       -29.386795490622397       0.13261980530062759     
   1.5669999999999926       -29.389183695688040       0.13273631397917920     
   1.5679999999999925       -29.391573998148019       0.13285284906243608     
   1.5689999999999924       -29.393966398476785       0.13296941044385607     
   1.5699999999999923       -29.396360897146714       0.13308599801674129     
   1.5709999999999922       -29.398757494628246       0.13320261167419270     
   1.5719999999999921       -29.401156191389930       0.13331925130913536     
   1.5729999999999920       -29.403556987898479       0.13343591681431335     
   1.5739999999999919       -29.405959884618554       0.13355260808230934     
   1.5749999999999917       -29.408364882012989       0.13366932500550485     
   1.5759999999999916       -29.410771980542428       0.13378606747615812     
   1.5769999999999915       -29.413181180665944       0.13390283580165135     
   1.5779999999999914       -29.415592482840474       0.13401962904767392     
   1.5789999999999913       -29.418005887520849       0.13413644751675730     
   1.5799999999999912       -29.420421395160282       0.13425329110050818     
   1.5809999999999911       -29.422839006209728       0.13437015969026317     
   1.5819999999999910       -29.425258721118471       0.13448705317723228     
   1.5829999999999909       -29.427680540333583       0.13460397145244077     
   1.5839999999999907       -29.430104464300246       0.13472091440677333     
   1.5849999999999906       -29.432530493461812       0.13483788193091875     
   1.5859999999999905       -29.434958628259452       0.13495487391541391     
   1.5869999999999904       -29.437388869132562       0.13507189025065913     
   1.5879999999999903       -29.439821216518489       0.13518893082684652     
   1.5889999999999902       -29.442255670852418       0.13530599553406378     
   1.5899999999999901       -29.444692232567860       0.13542308426218436     
   1.5909999999999900       -29.447130902096138       0.13554019690096028     
   1.5919999999999899       -29.449571679866672       0.13565733333999955     
   1.5929999999999898       -29.452014566306985       0.13577449346869086     
   1.5939999999999896       -29.454459561842352       0.13589167717636352     
   1.5949999999999895       -29.456906666896209       0.13600888435211453     
   1.5959999999999894       -29.459355881890090       0.13612611488493490     
   1.5969999999999893       -29.461807207243339       0.13624336866364717     
   1.5979999999999892       -29.464260643373485       0.13636064557692945     
   1.5989999999999891       -29.466716190695802       0.13647794551332440     
   1.5999999999999890       -29.469173849623829       0.13659526836120195     
   1.6009999999999889       -29.471633620568895       0.13671261400881310     
   1.6019999999999888       -29.474095503940475       0.13682998234426791     
   1.6029999999999887       -29.476559500145868       0.13694737325552087     
   1.6039999999999885       -29.479025609590458       0.13706478663037450     
   1.6049999999999884       -29.481493832677600       0.13718222283260062     
   1.6059999999999883       -29.483964169808552       0.13729968080271210     
   1.6069999999999882       -29.486436621382691       0.13741716089908199     
   1.6079999999999881       -29.488911187797292       0.13753466300899164     
   1.6089999999999880       -29.491387869447468       0.13765218701958695     
   1.6099999999999879       -29.493866666726504       0.13776973281787436     
   1.6109999999999878       -29.496347580025542       0.13788730029070873     
   1.6119999999999877       -29.498830609733730       0.13800488932486371     
   1.6129999999999876       -29.501315756238210       0.13812249980691149     
   1.6139999999999874       -29.503803019923829       0.13824013162337939     
   1.6149999999999873       -29.506292401173813       0.13835778466059684     
   1.6159999999999872       -29.508783900368954       0.13847545880481610     
   1.6169999999999871       -29.511277517888256       0.13859315394215552     
   1.6179999999999870       -29.513773254108528       0.13871086995859772     
   1.6189999999999869       -29.516271109404631       0.13882860674001751     
   1.6199999999999868       -29.518771084149215       0.13894636417216855     
   1.6209999999999867       -29.521273178713045       0.13906414214069629     
   1.6219999999999866       -29.523777393464790       0.13918194095547196     
   1.6229999999999865       -29.526283728770849       0.13929975965775371     
   1.6239999999999863       -29.528792184995876       0.13941759855264910     
   1.6249999999999862       -29.531302762502243       0.13953545752535076     
   1.6259999999999861       -29.533815461650356       0.13965333646095482     
   1.6269999999999860       -29.536330282798520       0.13977123524440391     
   1.6279999999999859       -29.538847226302945       0.13988915376057059     
   1.6289999999999858       -29.541366292517736       0.14000709189420807     
   1.6299999999999857       -29.543887481795053       0.14012504952994950     
   1.6309999999999856       -29.546410794484835       0.14024302655235074     
   1.6319999999999855       -29.548936230935134       0.14036102284586482     
   1.6329999999999854       -29.551463791491635       0.14047903829482630     
   1.6339999999999852       -29.553993476498146       0.14059707278349029     
   1.6349999999999851       -29.556525286296413       0.14071512619599819     
   1.6359999999999850       -29.559059221225965       0.14083319841641262     
   1.6369999999999849       -29.561595281624342       0.14095128932868239     
   1.6379999999999848       -29.564133467826863       0.14106939881669897     
   1.6389999999999847       -29.566673780166951       0.14118752676422897     
   1.6399999999999846       -29.569216218975818       0.14130567305497604     
   1.6409999999999845       -29.571760784582587       0.14142383757252192     
   1.6419999999999844       -29.574307477314278       0.14154202020039225     
   1.6429999999999843       -29.576856297495866       0.14166022082203431     
   1.6439999999999841       -29.579407245450120       0.14177843932079320     
   1.6449999999999840       -29.581960321497988       0.14189667557990657     
   1.6459999999999839       -29.584515525957872       0.14201492994655529     
   1.6469999999999838       -29.587072859146339       0.14213320138095542     
   1.6479999999999837       -29.589632321377920       0.14225149022508779     
   1.6489999999999836       -29.592193912964937       0.14236979636194569     
   1.6499999999999835       -29.594757634217551       0.14248811967441477     
   1.6509999999999834       -29.597323485443955       0.14260646004531741     
   1.6519999999999833       -29.599891466949980       0.14272481735741194     
   1.6529999999999831       -29.602461579039691       0.14284319149335584     
   1.6539999999999830       -29.605033822014811       0.14296158233576653     
   1.6549999999999829       -29.607608196175004       0.14307998976719472     
   1.6559999999999828       -29.610184701817793       0.14319841367011726     
   1.6569999999999827       -29.612763339238654       0.14331685392697646     
   1.6579999999999826       -29.615344108730806       0.14343531042009353     
   1.6589999999999825       -29.617927010585596       0.14355378303180977     
   1.6599999999999824       -29.620512045091971       0.14367227164433585     
   1.6609999999999823       -29.623099212537017       0.14379077613988922     
   1.6619999999999822       -29.625688513205432       0.14390929640058767     
   1.6629999999999820       -29.628279947380022       0.14402783230852537     
   1.6639999999999819       -29.630873515341413       0.14414638417253212     
   1.6649999999999818       -29.633469217368020       0.14426495102550266     
   1.6659999999999817       -29.636067053736152       0.14438353317167368     
   1.6669999999999816       -29.638667024720064       0.14450213049294819     
   1.6679999999999815       -29.641269130591851       0.14462074287120819     
   1.6689999999999814       -29.643873371621474       0.14473937018823432     
   1.6699999999999813       -29.646479748076818       0.14485801232579615     
   1.6709999999999812       -29.649088260223500       0.14497666916562330     
   1.6719999999999811       -29.651698908325155       0.14509534058941076     
   1.6729999999999809       -29.654311692643304       0.14521402647880574     
   1.6739999999999808       -29.656926613437125       0.14533272671544747     
   1.6749999999999807       -29.659543670963874       0.14545144118089681     
   1.6759999999999806       -29.662162865478678       0.14557016975672307     
   1.6769999999999805       -29.664784197234294       0.14568891232447501     
   1.6779999999999804       -29.667407666481701       0.14580766876562390     
   1.6789999999999803       -29.670033273469443       0.14592643896167823     
   1.6799999999999802       -29.672661018444071       0.14604522279406199     
   1.6809999999999801       -29.675290901650012       0.14616402014423480     
   1.6819999999999800       -29.677922923329390       0.14628283089360797     
   1.6829999999999798       -29.680557083722562       0.14640165492357302     
   1.6839999999999797       -29.683193383067355       0.14652049211548962     
   1.6849999999999796       -29.685831821599624       0.14663934235073275     
   1.6859999999999795       -29.688472399553103       0.14675820596791381     
   1.6869999999999794       -29.691115117159406       0.14687708193877380     
   1.6879999999999793       -29.693759974647936       0.14699597059700895     
   1.6889999999999792       -29.696406972246024       0.14711487182395533     
   1.6899999999999791       -29.699056110178844       0.14723378550094257     
   1.6909999999999790       -29.701707388669462       0.14735271150926621     
   1.6919999999999789       -29.704360807938730       0.14747164973026092     
   1.6929999999999787       -29.707016368205423       0.14759060004520735     
   1.6939999999999786       -29.709674069686166       0.14770956233544005     
   1.6949999999999785       -29.712333912595469       0.14782853648224467     
   1.6959999999999784       -29.714995897145684       0.14794752236695397     
   1.6969999999999783       -29.717660023547040       0.14806651987088781     
   1.6979999999999782       -29.720326292007581       0.14818552887537695     
   1.6989999999999781       -29.722994702733274       0.14830454926176270     
   1.6999999999999780       -29.725665255927900       0.14842358091140095     
   1.7009999999999779       -29.728337951793197       0.14854262370564417     
   1.7019999999999778       -29.731012790528702       0.14866167752586890     
   1.7029999999999776       -29.733689772331736       0.14878074225349597     
   1.7039999999999775       -29.736368897397632       0.14889981776991951     
   1.7049999999999774       -29.739050165919569       0.14901890395659390     
   1.7059999999999773       -29.741733578088464       0.14913800112970660     
   1.7069999999999772       -29.744419134093214       0.14925710830573224     
   1.7079999999999771       -29.747106834120601       0.14937622579643572     
   1.7089999999999770       -29.749796678355153       0.14949535348339413     
   1.7099999999999769       -29.752488666979374       0.14961449124818893     
   1.7109999999999768       -29.755182800173600       0.14973363897238781     
   1.7119999999999767       -29.757879078116098       0.14985279653761363     
   1.7129999999999765       -29.760577500982809       0.14997196382556074     
   1.7139999999999764       -29.763278068947862       0.15009114071790272     
   1.7149999999999763       -29.765980782182904       0.15021032709637705     
   1.7159999999999762       -29.768685640857765       0.15032952284276899     
   1.7169999999999761       -29.771392645139933       0.15044872783888413     
   1.7179999999999760       -29.774101795194802       0.15056794196659626     
   1.7189999999999759       -29.776813091185808       0.15068716510779978     
   1.7199999999999758       -29.779526533274019       0.15080639714445246     
   1.7209999999999757       -29.782242121618566       0.15092563795856528     
   1.7219999999999756       -29.784959856376354       0.15104488743217598     
   1.7229999999999754       -29.787679737702263       0.15116414544738985     
   1.7239999999999753       -29.790401765748854       0.15128341188637684     
   1.7249999999999752       -29.793125940666794       0.15140268708621429     
   1.7259999999999751       -29.795852262604555       0.15152197002430723     
   1.7269999999999750       -29.798580731708419       0.15164126103301551     
   1.7279999999999749       -29.801311348122621       0.15176055999473170     
   1.7289999999999748       -29.804044111989271       0.15187986679192703     
   1.7299999999999747       -29.806779023448325       0.15199918130712722     
   1.7309999999999746       -29.809516082637604       0.15211850342292699     
   1.7319999999999744       -29.812255289693084       0.15223783302195207     
   1.7329999999999743       -29.814996644748199       0.15235716998695004     
   1.7339999999999742       -29.817740147934554       0.15247651420071037     
   1.7349999999999741       -29.820485799381530       0.15259586554611143     
   1.7359999999999740       -29.823233599216515       0.15271522390610415     
   1.7369999999999739       -29.825983547564711       0.15283458916368606     
   1.7379999999999738       -29.828735644549255       0.15295396120197735     
   1.7389999999999737       -29.831489890291081       0.15307333990416472     
   1.7399999999999736       -29.834246284909149       0.15319272515350757     
   1.7409999999999735       -29.837004828520193       0.15331211683336043     
   1.7419999999999733       -29.839765521239016       0.15343151482713477     
   1.7429999999999732       -29.842528363178115       0.15355091901838452     
   1.7439999999999731       -29.845293354448124       0.15367032929070717     
   1.7449999999999730       -29.848060495157391       0.15378974596132633     
   1.7459999999999729       -29.850829785412216       0.15390916805134761     
   1.7469999999999728       -29.853601225316879       0.15402859587382947     
   1.7479999999999727       -29.856374814973528       0.15414802931278779     
   1.7489999999999726       -29.859150554482191       0.15426746825233248     
   1.7499999999999725       -29.861928443940883       0.15438691257662743     
   1.7509999999999724       -29.864708483445455       0.15450636216996511     
   1.7519999999999722       -29.867490673089666       0.15462581691675209     
   1.7529999999999721       -29.870275012965365       0.15474527670145705     
   1.7539999999999720       -29.873061503162084       0.15486474140869994     
   1.7549999999999719       -29.875850143767494       0.15498421092318565     
   1.7559999999999718       -29.878640934867036       0.15510368512974423     
   1.7569999999999717       -29.881433876544129       0.15522316391329902     
   1.7579999999999716       -29.884228968880187       0.15534264715890295     
   1.7589999999999715       -29.887026211954357       0.15546213475171120     
   1.7599999999999714       -29.889825605844081       0.15558162657700964     
   1.7609999999999713       -29.892627150624349       0.15570112296701888     
   1.7619999999999711       -29.895430846368299       0.15582062291842283     
   1.7629999999999710       -29.898236693147009       0.15594012675889657     
   1.7639999999999709       -29.901044691029384       0.15605963437423209     
   1.7649999999999708       -29.903854840082388       0.15617914565032073     
   1.7659999999999707       -29.906667140370963       0.15629866047317226     
   1.7669999999999706       -29.909481591957821       0.15641817872894392     
   1.7679999999999705       -29.912298194903766       0.15653770030391329     
   1.7689999999999704       -29.915116949267514       0.15665722508448643     
   1.7699999999999703       -29.917937855105858       0.15677675295721505     
   1.7709999999999702       -29.920760912473263       0.15689628380877430     
   1.7719999999999700       -29.923586121422453       0.15701581752598381     
   1.7729999999999699       -29.926413482003984       0.15713535399579823     
   1.7739999999999698       -29.929242994266360       0.15725489310531271     
   1.7749999999999697       -29.932074658256102       0.15737443474178006     
   1.7759999999999696       -29.934908474017710       0.15749397879255339     
   1.7769999999999695       -29.937744441593587       0.15761352514519678     
   1.7779999999999694       -29.940582561024215       0.15773307368736839     
   1.7789999999999693       -29.943422832347942       0.15785262430688707     
   1.7799999999999692       -29.946265255601190       0.15797217689174081     
   1.7809999999999691       -29.949109830818301       0.15809173133006105     
   1.7819999999999689       -29.951956558031739       0.15821128751010136     
   1.7829999999999688       -29.954805437271737       0.15833084532033825     
   1.7839999999999687       -29.957656468566640       0.15845040508406424     
   1.7849999999999686       -29.960509651942900       0.15856996582474825     
   1.7859999999999685       -29.963364987424754       0.15868952786183982     
   1.7869999999999684       -29.966222475034577       0.15880909108446362     
   1.7879999999999683       -29.969082114792730       0.15892865538186021     
   1.7889999999999682       -29.971943906717534       0.15904822064342719     
   1.7899999999999681       -29.974807850825442       0.15916778675873083     
   1.7909999999999680       -29.977673947130668       0.15928735361750715     
   1.7919999999999678       -29.980542195645775       0.15940692110966007     
   1.7929999999999677       -29.983412596381150       0.15952648912525844     
   1.7939999999999676       -29.986285149345122       0.15964605755456673     
   1.7949999999999675       -29.989159854544262       0.15976562628799565     
   1.7959999999999674       -29.992036711983040       0.15988519521614877     
   1.7969999999999673       -29.994915721663968       0.16000476467734456     
   1.7979999999999672       -29.997796883587601       0.16012433367231932     
   1.7989999999999671       -30.000680197752562       0.16024390253489657     
   1.7999999999999670       -30.003565664155509       0.16036347115641938     
   1.8009999999999668       -30.006453282791043       0.16048303942840225     
   1.8019999999999667       -30.009343053652067       0.16060260724249942     
   1.8029999999999666       -30.012234976729225       0.16072217449060738     
   1.8039999999999665       -30.015129052011371       0.16084174106477900     
   1.8049999999999664       -30.018025279485492       0.16096130685724808     
   1.8059999999999663       -30.020923659136475       0.16108087176046462     
   1.8069999999999662       -30.023824190947444       0.16120043566705500     
   1.8079999999999661       -30.026726874899346       0.16131999846983788     
   1.8089999999999660       -30.029631710971483       0.16143956006183213     
   1.8099999999999659       -30.032538699141121       0.16155912033624961     
   1.8109999999999657       -30.035447839383494       0.16167867918649528     
   1.8119999999999656       -30.038359131672035       0.16179823650619177     
   1.8129999999999655       -30.041272575978304       0.16191779218915026     
   1.8139999999999654       -30.044188172271863       0.16203734612936571     
   1.8149999999999653       -30.047105920520316       0.16215689822106530     
   1.8159999999999652       -30.050025820689577       0.16227644835866886     
   1.8169999999999651       -30.052947872743395       0.16239599643680305     
   1.8179999999999650       -30.055872076643865       0.16251554235030163     
   1.8189999999999649       -30.058798432351086       0.16263508599419177     
   1.8199999999999648       -30.061726939823171       0.16275462726374756     
   1.8209999999999646       -30.064657599016481       0.16287416605442259     
   1.8219999999999645       -30.067590409885490       0.16299370269395441     
   1.8229999999999644       -30.070525372382775       0.16311323621800208     
   1.8239999999999643       -30.073462486459022       0.16323276695080205     
   1.8249999999999642       -30.076401752063063       0.16335229478873639     
   1.8259999999999641       -30.079343169141836       0.16347181962835380     
   1.8269999999999640       -30.082286737640494       0.16359134136640011     
   1.8279999999999639       -30.085232457502205       0.16371085989986167     
   1.8289999999999638       -30.088180328668514       0.16383037512593507     
   1.8299999999999637       -30.091130351078803       0.16394988738523403     
   1.8309999999999635       -30.094082524670881       0.16406939569398918     
   1.8319999999999634       -30.097036849380579       0.16418890038832878     
   1.8329999999999633       -30.099993325141952       0.16430840136637417     
   1.8339999999999632       -30.102951951887142       0.16442789852647999     
   1.8349999999999631       -30.105912729546532       0.16454739176720981     
   1.8359999999999630       -30.108875658048696       0.16466688098732854     
   1.8369999999999629       -30.111840737320350       0.16478636608587641     
   1.8379999999999628       -30.114807967286403       0.16490584696210278     
   1.8389999999999627       -30.117777347869968       0.16502532351550070     
   1.8399999999999626       -30.120748878992249       0.16514479564580067     
   1.8409999999999624       -30.123722560572872       0.16526426325293572     
   1.8419999999999623       -30.126698392529406       0.16538372623713568     
   1.8429999999999622       -30.129676374777830       0.16550318449881982     
   1.8439999999999621       -30.132656507232142       0.16562263793867527     
   1.8449999999999620       -30.135638789804830       0.16574208645760674     
   1.8459999999999619       -30.138623222406324       0.16586152995678216     
   1.8469999999999618       -30.141609804945347       0.16598096833760104     
   1.8479999999999617       -30.144598537328921       0.16610040150172478     
   1.8489999999999616       -30.147589419462371       0.16621982935102114     
   1.8499999999999615       -30.150582451248994       0.16633925178764672     
   1.8509999999999613       -30.153577632590572       0.16645866871397935     
   1.8519999999999612       -30.156574963387055       0.16657808003266683     
   1.8529999999999611       -30.159574443536602       0.16669748564657286     
   1.8539999999999610       -30.162576072935721       0.16681688545885476     
   1.8549999999999609       -30.165579851479031       0.16693627937288152     
   1.8559999999999608       -30.168585779059530       0.16705566729232296     
   1.8569999999999607       -30.171593855568503       0.16717504912102774     
   1.8579999999999606       -30.174604080895399       0.16729442476316997     
   1.8589999999999605       -30.177616454928042       0.16741379454584554     
   1.8599999999999604       -30.180630977552468       0.16753315753175679     
   1.8609999999999602       -30.183647648653107       0.16765251404502546     
   1.8619999999999601       -30.186666468112492       0.16777186399090374     
   1.8629999999999600       -30.189687435811667       0.16789120772400071     
   1.8639999999999599       -30.192710551629773       0.16801054425683978     
   1.8649999999999598       -30.195735815444408       0.16812987393937309     
   1.8659999999999597       -30.198763227131490       0.16824919667788427     
   1.8669999999999596       -30.201792786565079       0.16836851237885261     
   1.8679999999999595       -30.204824493617707       0.16848782094901807     
   1.8689999999999594       -30.207858348160215       0.16860712229539424     
   1.8699999999999593       -30.210894350061693       0.16872641632526172     
   1.8709999999999591       -30.213932499189646       0.16884570294617168     
   1.8719999999999590       -30.216972795409923       0.16896498206592814     
   1.8729999999999589       -30.220015238586598       0.16908425359262366     
   1.8739999999999588       -30.223059828582244       0.16920351743459300     
   1.8749999999999587       -30.226106565257709       0.16932277350047473     
   1.8759999999999586       -30.229155448472159       0.16944202169913866     
   1.8769999999999585       -30.232206478083214       0.16956126193977278     
   1.8779999999999584       -30.235259653946798       0.16968049413179348     
   1.8789999999999583       -30.238314975917223       0.16979971818491715     
   1.8799999999999581       -30.241372443847222       0.16991893400911409     
   1.8809999999999580       -30.244432057587851       0.17003814151465688     
   1.8819999999999579       -30.247493816988598       0.17015734061208124     
   1.8829999999999578       -30.250557721897188       0.17027653121219083     
   1.8839999999999577       -30.253623772160061       0.17039571322606573     
   1.8849999999999576       -30.256691967621755       0.17051488656507729     
   1.8859999999999575       -30.259762308125403       0.17063405114085783     
   1.8869999999999574       -30.262834793512368       0.17075320724637302     
   1.8879999999999573       -30.265909423622706       0.17087235403450476     
   1.8889999999999572       -30.268986198294598       0.17099149179596657     
   1.8899999999999570       -30.272065117364811       0.17111062044356362     
   1.8909999999999569       -30.275146180668479       0.17122973989033591     
   1.8919999999999568       -30.278229388039289       0.17134885004961475     
   1.8929999999999567       -30.281314739309309       0.17146795128672102     
   1.8939999999999566       -30.284402234308992       0.17158704261760249     
   1.8949999999999565       -30.287491872867257       0.17170612440268559     
   1.8959999999999564       -30.290583654811599       0.17182519655649756     
   1.8969999999999563       -30.293677579967785       0.17194425899377219     
   1.8979999999999562       -30.296773648160283       0.17206331162952823     
   1.8989999999999561       -30.299871859211802       0.17218235437911314     
   1.8999999999999559       -30.302972212943672       0.17230138715811852     
   1.9009999999999558       -30.306074709175661       0.17242040988243540     
   1.9019999999999557       -30.309179347726133       0.17253942246825013     
   1.9029999999999556       -30.312286128411635       0.17265842483204100     
   1.9039999999999555       -30.315395051047652       0.17277741689056172     
   1.9049999999999554       -30.318506115447825       0.17289639856086889     
   1.9059999999999553       -30.321619321424397       0.17301536976028825     
   1.9069999999999552       -30.324734668788242       0.17313433040647505     
   1.9079999999999551       -30.327852157348627       0.17325328041731350     
   1.9089999999999550       -30.330971786913381       0.17337221971105798     
   1.9099999999999548       -30.334093557288899       0.17349114820618633     
   1.9109999999999547       -30.337217468280024       0.17361006582150726     
   1.9119999999999546       -30.340343519690222       0.17372897247611141     
   1.9129999999999545       -30.343471711321463       0.17384786842435507     
   1.9139999999999544       -30.346602042974375       0.17396675291797292     
   1.9149999999999543       -30.349734514447952       0.17408562620984996     
   1.9159999999999542       -30.352869125539847       0.17420448822028251     
   1.9169999999999541       -30.356005876046289       0.17432333886983858     
   1.9179999999999540       -30.359144765762217       0.17444217807935422     
   1.9189999999999539       -30.362285794480805       0.17456100576999642     
   1.9199999999999537       -30.365428961994109       0.17467982186320169     
   1.9209999999999536       -30.368574268092683       0.17479862628071410     
   1.9219999999999535       -30.371721712565648       0.17491741940672151     
   1.9229999999999534       -30.374871295200695       0.17503620024521599     
   1.9239999999999533       -30.378023015784265       0.17515496917508236     
   1.9249999999999532       -30.381176874101271       0.17527372611926817     
   1.9259999999999531       -30.384332869935328       0.17539247100101019     
   1.9269999999999530       -30.387491003068476       0.17551120374383788     
   1.9279999999999529       -30.390651273281684       0.17562992427156829     
   1.9289999999999528       -30.393813680354349       0.17574863250831305     
   1.9299999999999526       -30.396978224064572       0.17586732837851160     
   1.9309999999999525       -30.400144904189112       0.17598601180686713     
   1.9319999999999524       -30.403313720503263       0.17610468271839425     
   1.9329999999999523       -30.406484672781090       0.17622334103843157     
   1.9339999999999522       -30.409657760795234       0.17634198669258336     
   1.9349999999999521       -30.412832984317149       0.17646061960676140     
   1.9359999999999520       -30.416010343116881       0.17657923970716649     
   1.9369999999999519       -30.419189836962978       0.17669784692034696     
   1.9379999999999518       -30.422371465622909       0.17681644145989195     
   1.9389999999999517       -30.425555228862653       0.17693502268052030     
   1.9399999999999515       -30.428741126447072       0.17705359079517338     
   1.9409999999999514       -30.431929158139589       0.17717214573160650     
   1.9419999999999513       -30.435119323702224       0.17729068741783394     
   1.9429999999999512       -30.438311622896045       0.17740921578217003     
   1.9439999999999511       -30.441506055480406       0.17752773075323094     
   1.9449999999999510       -30.444702621213764       0.17764623225993001     
   1.9459999999999509       -30.447901319853109       0.17776472023148410     
   1.9469999999999508       -30.451102151154096       0.17788319459740728     
   1.9479999999999507       -30.454305114871190       0.17800165528753148     
   1.9489999999999505       -30.457510210757675       0.17812010270798659     
   1.9499999999999504       -30.460717438565499       0.17823853584373936     
   1.9509999999999503       -30.463926798045314       0.17835695509501065     
   1.9519999999999502       -30.467138288946678       0.17847536039285380     
   1.9529999999999501       -30.470351911017701       0.17859375166860111     
   1.9539999999999500       -30.473567664005479       0.17871212885386970     
   1.9549999999999499       -30.476785547655595       0.17883049188059405     
   1.9559999999999498       -30.480005561712904       0.17894884068097580     
   1.9569999999999497       -30.483227705920420       0.17906717518757259     
   1.9579999999999496       -30.486451980020384       0.17918549533319028     
   1.9589999999999494       -30.489678383753755       0.17930380105096372     
   1.9599999999999493       -30.492906916860115       0.17942209227432629     
   1.9609999999999492       -30.496137579078074       0.17954036917212834     
   1.9619999999999491       -30.499370370144881       0.17965863120843434     
   1.9629999999999490       -30.502605289796723       0.17977687855231414     
   1.9639999999999489       -30.505842337768488       0.17989511113844939     
   1.9649999999999488       -30.509081513794008       0.18001332890175359     
   1.9659999999999487       -30.512322817605870       0.18013153177745553     
   1.9669999999999486       -30.515566248935571       0.18024971970107373     
   1.9679999999999485       -30.518811807513302       0.18036789260844502     
   1.9689999999999483       -30.522059493068340       0.18048605043568655     
   1.9699999999999482       -30.525309305328541       0.18060419311922463     
   1.9709999999999481       -30.528561244020789       0.18072232059579330     
   1.9719999999999480       -30.531815308870883       0.18084043280238976     
   1.9729999999999479       -30.535071499603294       0.18095852967636375     
   1.9739999999999478       -30.538329815941509       0.18107661164870262     
   1.9749999999999477       -30.541590257607947       0.18119467767792205     
   1.9759999999999476       -30.544852824323726       0.18131272818834965     
   1.9769999999999475       -30.548117515808954       0.18143076311853928     
   1.9779999999999474       -30.551384331782749       0.18154878240729888     
   1.9789999999999472       -30.554653271962913       0.18166678599373018     
   1.9799999999999471       -30.557924336066332       0.18178477381724237     
   1.9809999999999470       -30.561197523808687       0.18190274581755880     
   1.9819999999999469       -30.564472834904677       0.18202070211652266     
   1.9829999999999468       -30.567750269067769       0.18213864229008886     
   1.9839999999999467       -30.571029826010573       0.18225656646122665     
   1.9849999999999466       -30.574311505444484       0.18237447457084846     
   1.9859999999999465       -30.577595307079832       0.18249236656014281     
   1.9869999999999464       -30.580881230625941       0.18261024237057810     
   1.9879999999999463       -30.584169275791119       0.18272810194393163     
   1.9889999999999461       -30.587459442282558       0.18284594522225539     
   1.9899999999999460       -30.590751729806378       0.18296377214791890     
   1.9909999999999459       -30.594046138067807       0.18308158266357216     
   1.9919999999999458       -30.597342666770899       0.18319937671213793     
   1.9929999999999457       -30.600641315618795       0.18331715423687800     
   1.9939999999999456       -30.603942084313502       0.18343491518131336     
   1.9949999999999455       -30.607244972556064       0.18355265948926539     
   1.9959999999999454       -30.610549980046645       0.18367038710484326     
   1.9969999999999453       -30.613857106484218       0.18378809848581146     
   1.9979999999999452       -30.617166351566738       0.18390579255841658     
   1.9989999999999450       -30.620477714991363       0.18402346977283751     
   1.9999999999999449       -30.623791196454157       0.18414113007440447     
   2.0009999999999448       -30.627106795650132       0.18425877340869035     
   2.0019999999999447       -30.630424512273471       0.18437639972152906     
   2.0029999999999446       -30.633744346017284       0.18449400908526001     
   2.0039999999999445       -30.637066296573707       0.18461160119226017     
   2.0049999999999444       -30.640390363633998       0.18472917611701220     
   2.0059999999999443       -30.643716546888328       0.18484673380654135     
   2.0069999999999442       -30.647044846026038       0.18496427420814568     
   2.0079999999999441       -30.650375260735473       0.18508179726939175     
   2.0089999999999439       -30.653707790704075       0.18519930293814774     
   2.0099999999999438       -30.657042435618244       0.18531679116257124     
   2.0109999999999437       -30.660379195163639       0.18543426189108614     
   2.0119999999999436       -30.663718069024775       0.18555171507242019     
   2.0129999999999435       -30.667059056885385       0.18566915065557674     
   2.0139999999999434       -30.670402158428242       0.18578656858983303     
   2.0149999999999433       -30.673747373335232       0.18590396882476179     
   2.0159999999999432       -30.677094701287306       0.18602135131021783     
   2.0169999999999431       -30.680444141964518       0.18613871599633516     
   2.0179999999999430       -30.683795695046129       0.18625606283350807     
   2.0189999999999428       -30.687149360210277       0.18637339231575742     
   2.0199999999999427       -30.690505137134483       0.18649070331681955     
   2.0209999999999426       -30.693863025495169       0.18660799639485168     
   2.0219999999999425       -30.697223024968068       0.18672527135312045     
   2.0229999999999424       -30.700585135227868       0.18684252821877545     
   2.0239999999999423       -30.703949355948534       0.18695976694393396     
   2.0249999999999422       -30.707315686803106       0.18707698748093973     
   2.0259999999999421       -30.710684127463750       0.18719418978246308     
   2.0269999999999420       -30.714054677601847       0.18731137380140700     
   2.0279999999999418       -30.717427336887816       0.18742853949096996     
   2.0289999999999417       -30.720802104991385       0.18754568680461522     
   2.0299999999999416       -30.724178981581421       0.18766281569607618     
   2.0309999999999415       -30.727557966325847       0.18777992611938521     
   2.0319999999999414       -30.730939058891785       0.18789701802882097     
   2.0329999999999413       -30.734322258945735       0.18801409137894337     
   2.0339999999999412       -30.737707566153027       0.18813114612458484     
   2.0349999999999411       -30.741094980178588       0.18824818222084327     
   2.0359999999999410       -30.744484500686156       0.18836519962309828     
   2.0369999999999409       -30.747876127338984       0.18848219828698631     
   2.0379999999999407       -30.751269859799265       0.18859917816842528     
   2.0389999999999406       -30.754665697728655       0.18871613981398594     
   2.0399999999999405       -30.758063640787768       0.18883308200611115     
   2.0409999999999404       -30.761463688636685       0.18895000528513606     
   2.0419999999999403       -30.764865840934519       0.18906690960810207     
   2.0429999999999402       -30.768270097339748       0.18918379493223825     
   2.0439999999999401       -30.771676457509827       0.18930066121507419     
   2.0449999999999400       -30.775084921101900       0.18941750841436461     
   2.0459999999999399       -30.778495487771931       0.18953433648814411     
   2.0469999999999398       -30.781908157175323       0.18965114539474129     
   2.0479999999999396       -30.785322928966679       0.18976793509268933     
   2.0489999999999395       -30.788739802799949       0.18988470554081419     
   2.0499999999999394       -30.792158778328229       0.19000145669820639     
   2.0509999999999393       -30.795579855203911       0.19011818852419435     
   2.0519999999999392       -30.799003033078655       0.19023490097839119     
   2.0529999999999391       -30.802428311603492       0.19035159402064317     
   2.0539999999999390       -30.805855690428544       0.19046826761109301     
   2.0549999999999389       -30.809285169203438       0.19058492171007951     
   2.0559999999999388       -30.812716747576967       0.19070155627824642     
   2.0569999999999387       -30.816150425197183       0.19081817183231325     
   2.0579999999999385       -30.819586201711452       0.19093476722835076     
   2.0589999999999384       -30.823024076766583       0.19105134297700460     
   2.0599999999999383       -30.826464050008493       0.19116789903999226     
   2.0609999999999382       -30.829906121082530       0.19128443537918166     
   2.0619999999999381       -30.833350289633316       0.19140095195673393     
   2.0629999999999380       -30.836796555304844       0.19151744873505563     
   2.0639999999999379       -30.840244917740417       0.19163392567677753     
   2.0649999999999378       -30.843695376582552       0.19175038274482981     
   2.0659999999999377       -30.847147931473302       0.19186681990232027     
   2.0669999999999376       -30.850602582053952       0.19198323711266135     
   2.0679999999999374       -30.854059327964997       0.19209963433949806     
   2.0689999999999373       -30.857518168846511       0.19221601154670748     
   2.0699999999999372       -30.860979104337869       0.19233236869842391     
   2.0709999999999371       -30.864442134077748       0.19244870575901385     
   2.0719999999999370       -30.867907257704104       0.19256502269310508     
   2.0729999999999369       -30.871374474854370       0.19268131946557268     
   2.0739999999999368       -30.874843785165432       0.19279759656522114     
   2.0749999999999367       -30.878315188273369       0.19291385291635402     
   2.0759999999999366       -30.881788683813745       0.19303008900191199     
   2.0769999999999365       -30.885264271421413       0.19314630478777234     
   2.0779999999999363       -30.888741950730761       0.19326250023997230     
   2.0789999999999362       -30.892221721375417       0.19337867532483749     
   2.0799999999999361       -30.895703582988531       0.19349483000887518     
   2.0809999999999360       -30.899187535202600       0.19361096425887581     
   2.0819999999999359       -30.902673577649423       0.19372707804184472     
   2.0829999999999358       -30.906161709960443       0.19384317132502377     
   2.0839999999999357       -30.909651931766341       0.19395924407587842     
   2.0849999999999356       -30.913144242697122       0.19407529626213255     
   2.0859999999999355       -30.916638642382491       0.19419132785169882     
   2.0869999999999354       -30.920135130451385       0.19430733881276777     
   2.0879999999999352       -30.923633706532190       0.19442332911373827     
   2.0889999999999351       -30.927134370252766       0.19453929872321765     
   2.0899999999999350       -30.930637121240412       0.19465524810371188     
   2.0909999999999349       -30.934141959121817       0.19477117624329454     
   2.0919999999999348       -30.937648883523153       0.19488708359869689     
   2.0929999999999347       -30.941157894070059       0.19500297013949630     
   2.0939999999999346       -30.944668990387633       0.19511883583544420     
   2.0949999999999345       -30.948182172100335       0.19523468065652347     
   2.0959999999999344       -30.951697438832170       0.19535050457296821     
   2.0969999999999342       -30.955214790206583       0.19546630755519132     
   2.0979999999999341       -30.958734225846577       0.19558208957383949     
   2.0989999999999340       -30.962255745374460       0.19569785059979386     
   2.0999999999999339       -30.965779348412262       0.19581359060413300     
   2.1009999999999338       -30.969305034581076       0.19592930955819809     
   2.1019999999999337       -30.972832803502008       0.19604500743348430     
   2.1029999999999336       -30.976362654795238       0.19616068420175406     
   2.1039999999999335       -30.979894588080661       0.19627633983496881     
   2.1049999999999334       -30.983428602977639       0.19639197477028522     
   2.1059999999999333       -30.986964699104909       0.19650758805621263     
   2.1069999999999331       -30.990502876080853       0.19662318012430191     
   2.1079999999999330       -30.994043133523320       0.19673875094740451     
   2.1089999999999329       -30.997585471049632       0.19685430049854646     
   2.1099999999999328       -31.001129888276637       0.19696982875097133     
   2.1109999999999327       -31.004676384820847       0.19708533567811917     
   2.1119999999999326       -31.008224960298058       0.19720082125365618     
   2.1129999999999325       -31.011775614323703       0.19731628545145355     
   2.1139999999999324       -31.015328346512860       0.19743172824556515     
   2.1149999999999323       -31.018883156479973       0.19754714961029352     
   2.1159999999999322       -31.022440043839065       0.19766254952009510     
   2.1169999999999320       -31.025999008203762       0.19777792794969759     
   2.1179999999999319       -31.029560049187253       0.19789328487395569     
   2.1189999999999318       -31.033123166402113       0.19800862070539094     
   2.1199999999999317       -31.036688359460669       0.19812393455040966     
   2.1209999999999316       -31.040255627974709       0.19823922681605458     
   2.1219999999999315       -31.043824971555527       0.19835449747803763     
   2.1229999999999314       -31.047396389814097       0.19846974651226262     
   2.1239999999999313       -31.050969882360935       0.19858497389481558     
   2.1249999999999312       -31.054545448806138       0.19870017960200317     
   2.1259999999999311       -31.058123088759253       0.19881536361029825     
   2.1269999999999309       -31.061702801829512       0.19893052589641241     
   2.1279999999999308       -31.065284587625747       0.19904566643718566     
   2.1289999999999307       -31.068868445756319       0.19916078520972366     
   2.1299999999999306       -31.072454375829224       0.19927588219127759     
   2.1309999999999305       -31.076042377452026       0.19939095735930681     
   2.1319999999999304       -31.079632450231863       0.19950601110191327     
   2.1329999999999303       -31.083224593775569       0.19962104258178012     
   2.1339999999999302       -31.086818807689387       0.19973605218168880     
   2.1349999999999301       -31.090415091579406       0.19985103987988215     
   2.1359999999999300       -31.094013445051139       0.19996600565476369     
   2.1369999999999298       -31.097613867709811       0.20008094948493030     
   2.1379999999999297       -31.101216359160226       0.20019587134914776     
   2.1389999999999296       -31.104820919006833       0.20031077122636848     
   2.1399999999999295       -31.108427546853690       0.20042564909574803     
   2.1409999999999294       -31.112036242304427       0.20054050493660128     
   2.1419999999999293       -31.115647004962341       0.20065533872846186     
   2.1429999999999292       -31.119259834430469       0.20077015045098076     
   2.1439999999999291       -31.122874730311317       0.20088494008405178     
   2.1449999999999290       -31.126491692207118       0.20099970799708616     
   2.1459999999999289       -31.130110719719784       0.20111445339721609     
   2.1469999999999287       -31.133731812450733       0.20122917664863560     
   2.1479999999999286       -31.137354970001184       0.20134387773193310     
   2.1489999999999285       -31.140980191971952       0.20145855662787124     
   2.1499999999999284       -31.144607477963401       0.20157321331739109     
   2.1509999999999283       -31.148236827575793       0.20168784778158871     
   2.1519999999999282       -31.151868240408788       0.20180246000174090     
   2.1529999999999281       -31.155501716061938       0.20191704995929871     
   2.1539999999999280       -31.159137254134315       0.20203161763586996     
   2.1549999999999279       -31.162774854224708       0.20214616301326241     
   2.1559999999999278       -31.166414515931557       0.20226068643600828     
   2.1569999999999276       -31.170056238853014       0.20237518716651387     
   2.1579999999999275       -31.173700022586907       0.20248966554428827     
   2.1589999999999274       -31.177345866730697       0.20260412155179516     
   2.1599999999999273       -31.180993770881631       0.20271855517168871     
   2.1609999999999272       -31.184643734636559       0.20283296638674583     
   2.1619999999999271       -31.188295757592002       0.20294735517992496     
   2.1629999999999270       -31.191949839344282       0.20306172153434879     
   2.1639999999999269       -31.195605979489361       0.20317606543330649     
   2.1649999999999268       -31.199264177622858       0.20329038686022510     
   2.1659999999999267       -31.202924433340208       0.20340468579871715     
   2.1669999999999265       -31.206586746236376       0.20351896223255533     
   2.1679999999999264       -31.210251115906249       0.20363321649174870     
   2.1689999999999263       -31.213917541944213       0.20374744787355528     
   2.1699999999999262       -31.217586023944570       0.20386165670300699     
   2.1709999999999261       -31.221256561501228       0.20397584296452448     
   2.1719999999999260       -31.224929154207729       0.20409000664265697     
   2.1729999999999259       -31.228603801657602       0.20420414772209078     
   2.1739999999999258       -31.232280503443860       0.20431826618768267     
   2.1749999999999257       -31.235959259159301       0.20443236202445736     
   2.1759999999999255       -31.239640068396533       0.20454643521758167     
   2.1769999999999254       -31.243322930747830       0.20466048575233914     
   2.1779999999999253       -31.247007845805207       0.20477451393766469     
   2.1789999999999252       -31.250694813160457       0.20488851911744413     
   2.1799999999999251       -31.254383832405068       0.20500250159575875     
   2.1809999999999250       -31.258074903130321       0.20511646135856240     
   2.1819999999999249       -31.261768024927150       0.20523039839188725     
   2.1829999999999248       -31.265463197386374       0.20534431268193279     
   2.1839999999999247       -31.269160420098480       0.20545820421505542     
   2.1849999999999246       -31.272859692653775       0.20557207297771768     
   2.1859999999999244       -31.276561014642233       0.20568591895658322     
   2.1869999999999243       -31.280264385653588       0.20579974213840357     
   2.1879999999999242       -31.283969805277479       0.20591354281505125     
   2.1889999999999241       -31.287677273103114       0.20602732036872140     
   2.1899999999999240       -31.291386788719674       0.20614107508658430     
   2.1909999999999239       -31.295098351716021       0.20625480695597720     
   2.1919999999999238       -31.298811961680620       0.20636851596440631     
   2.1929999999999237       -31.302527618202035       0.20648220209943968     
   2.1939999999999236       -31.306245320868342       0.20659586534885727     
   2.1949999999999235       -31.309965069267584       0.20670950570052365     
   2.1959999999999233       -31.313686862987446       0.20682312314245507     
   2.1969999999999232       -31.317410701615490       0.20693671766280572     
   2.1979999999999231       -31.321136584738987       0.20705028953993987     
   2.1989999999999230       -31.324864511945052       0.20716383818705519     
