   1.6000000238418579       -29.595623918422007       0.51474869790059130     
   1.6010000238418578       -29.603234884565591       0.51285344642461528     
   1.6020000238418577       -29.610860865964682       0.51094842772616167     
   1.6030000238418576       -29.618501880602970       0.50903357782984393     
   1.6040000238418575       -29.626157946314422       0.50710880882584120     
   1.6050000238418574       -29.633829080781538       0.50517405632610568     
   1.6060000238418572       -29.641515301533378       0.50322922970126116     
   1.6070000238418571       -29.649216625943431       0.50127425620444888     
   1.6080000238418570       -29.656933071227595       0.49930906122629143     
   1.6090000238418569       -29.664664654442543       0.49733355062159923     
   1.6100000238418568       -29.672411392483674       0.49534765366623240     
   1.6110000238418567       -29.680173302083318       0.49335127284130526     
   1.6120000238418566       -29.687950399809353       0.49134432852014087     
   1.6130000238418565       -29.695742702063146       0.48932673915182673     
   1.6140000238418564       -29.703550225078374       0.48729840259140211     
   1.6150000238418563       -29.711372984919024       0.48525923430726614     
   1.6160000238418561       -29.719210997478797       0.48320914778553042     
   1.6170000238418560       -29.727064278479077       0.48114803547483159     
   1.6180000238418559       -29.734932843467789       0.47907580742168954     
   1.6190000238418558       -29.742816707818854       0.47699237159951519     
   1.6200000238418557       -29.750715886730411       0.47489761417753990     
   1.6210000238418556       -29.758630395224351       0.47279143916976984     
   1.6220000238418555       -29.766560248145396       0.47067374159808062     
   1.6230000238418554       -29.774505460160384       0.46854442075691732     
   1.6240000238418553       -29.782466045757481       0.46640335352189805     
   1.6250000238418552       -29.790442019246278       0.46425043440894953     
   1.6260000238418550       -29.798433394756707       0.46208554848951888     
   1.6270000238418549       -29.806440186239520       0.45990857807352054     
   1.6280000238418548       -29.814462407465705       0.45771940937196248     
   1.6290000238418547       -29.822500072026926       0.45551790513297846     
   1.6300000238418546       -29.830553193335625       0.45330394553408104     
   1.6310000238418545       -29.838621784625253       0.45107740056709794     
   1.6320000238418544       -29.846705858950973       0.44883813679647727     
   1.6330000238418543       -29.854805429190478       0.44658601720383495     
   1.6340000238418542       -29.862920508044503       0.44432090102872862     
   1.6350000238418541       -29.871051108038216       0.44204264359779721     
   1.6360000238418539       -29.879197241522199       0.43975109614853580     
   1.6370000238418538       -29.887358920673869       0.43744610564145398     
   1.6380000238418537       -29.895536157499428       0.43512751456486121     
   1.6390000238418536       -29.903728963835114       0.43279516072829566     
   1.6400000238418535       -29.911937351349501       0.43044887704693896     
   1.6410000238418534       -29.920161331545774       0.42808849131279558     
   1.6420000238418533       -29.928400915763870       0.42571382595682383     
   1.6430000238418532       -29.936656115183176       0.42332469779574150     
   1.6440000238418531       -29.944926940825518       0.42092091776853519     
   1.6450000238418530       -29.953213403558323       0.41850229065593392     
   1.6460000238418528       -29.961515514097321       0.41606860727040296     
   1.6470000238418527       -29.969833283010807       0.41361967400429789     
   1.6480000238418526       -29.978166720723003       0.41115526801210439     
   1.6490000238418525       -29.986515837518322       0.40867515890492784     
   1.6500000238418524       -29.994880643545187       0.40617913054586441     
   1.6510000238418523       -30.003261148821434       0.40366693682189653     
   1.6520000238418522       -30.011657363238164       0.40113832265585320     
   1.6530000238418521       -30.020069296565389       0.39859304634477966     
   1.6540000238418520       -30.028496958457353       0.39603082710461940     
   1.6550000238418519       -30.036940358457855       0.39345140372936838     
   1.6560000238418517       -30.045399506006568       0.39085447503883047     
   1.6570000238418516       -30.053874410444870       0.38823975114000669     
   1.6580000238418515       -30.062365081022627       0.38560693019361342     
   1.6590000238418514       -30.070871526904952       0.38295567657855467     
   1.6600000238418513       -30.079393757178966       0.38028566371568906     
   1.6610000238418512       -30.087931780861979       0.37759654418197575     
   1.6620000238418511       -30.096485606908349       0.37488795635143890     
   1.6630000238418510       -30.105055244218203       0.37215952362377080     
   1.6640000238418509       -30.113640701645618       0.36941085360305337     
   1.6650000238418508       -30.122241988007360       0.36664153722246806     
   1.6660000238418506       -30.130859112091866       0.36385114780943634     
   1.6670000238418505       -30.139492082668916       0.36103924008807581     
   1.6680000238418504       -30.148140908499133       0.35820534911238155     
   1.6690000238418503       -30.156805598344508       0.35534898206883853     
   1.6700000238418502       -30.165486160978475       0.35246964508115702     
   1.6710000238418501       -30.174182605197156       0.34956680010388363     
   1.6720000238418500       -30.182894939830518       0.34663988400925294     
   1.6730000238418499       -30.191623173753943       0.34368832172888858     
   1.6740000238418498       -30.200367315900571       0.34071150993173138     
   1.6750000238418497       -30.209127375273511       0.33770879485971039     
   1.6760000238418495       -30.217903360958921       0.33467951207703373     
   1.6770000238418494       -30.226695282139161       0.33162295649215806     
   1.6780000238418493       -30.235503148106602       0.32853838716034744     
   1.6790000238418492       -30.244326968278145       0.32542501795379469     
   1.6800000238418491       -30.253166752209349       0.32228204246471592     
   1.6810000238418490       -30.262022509609913       0.31910859004806130     
   1.6820000238418489       -30.270894250359341       0.31590374292591483     
   1.6830000238418488       -30.279781984522543       0.31266654710597791     
   1.6840000238418487       -30.288685722367177       0.30939598759964237     
   1.6850000238418485       -30.297605474380070       0.30609099143266116     
   1.6860000238418484       -30.306541251285346       0.30275042319171735     
   1.6870000238418483       -30.315493064062395       0.29937307317493345     
   1.6880000238418482       -30.324460923964537       0.29595767272311718     
   1.6890000238418481       -30.333444842538633       0.29250286744916854     
   1.6900000238418480       -30.342444831644777       0.28900721767378851     
   1.6910000238418479       -30.351460903476891       0.28546919110075336     
   1.6920000238418478       -30.360493070583850       0.28188714777874330     
   1.6930000238418477       -30.369541345891385       0.27825935140614244     
   1.6940000238418476       -30.378605742724396       0.27458393879637566     
   1.6950000238418474       -30.387686274830379       0.27085890847457833     
   1.6960000238418473       -30.396782956402831       0.26708212814733662     
   1.6970000238418472       -30.405895802106375       0.26325129317147911     
   1.6980000238418471       -30.415024827101647       0.25936394364389587     
   1.6990000238418470       -30.424170047071847       0.25541739222528981     
   1.7000000238418469       -30.433331478249201       0.25140876977138998     
   1.7010000238418468       -30.442509137442858       0.24733495388126558     
   1.7020000238418467       -30.451703042067678       0.24319254758856504     
   1.7030000238418466       -30.460913210173274       0.23897786010109540     
   1.7040000238418465       -30.470139660474381       0.23468686238750872     
   1.7050000238418463       -30.479382412382261       0.23031514294233590     
   1.7060000238418462       -30.488641486036297       0.22585786241645994     
   1.7070000238418461       -30.497916902337288       0.22130966587121359     
   1.7080000238418460       -30.507208682981407       0.21666464947214967     
   1.7090000238418459       -30.516516850494394       0.21191624647514770     
   1.7100000238418458       -30.525841428267810       0.20705712163097492     
   1.7110000238418457       -30.535182440595243       0.20207905574928878     
   1.7120000238418456       -30.544539912709524       0.19697278764517831     
   1.7130000238418455       -30.553913870821262       0.19172778467226650     
   1.7140000238418454       -30.563304342157153       0.18633205635350411     
   1.7150000238418452       -30.572711354999548       0.18077178151289930     
   1.7160000238418451       -30.582134938726490       0.17503094525998297     
   1.7170000238418450       -30.591575123851698       0.16909079189890375     
   1.7180000238418449       -30.601031942064786       0.16292913020320768     
   1.7190000238418448       -30.610505426271594       0.15651938156976086     
   1.7200000238418447       -30.619995610633335       0.14982924526449093     
   1.7210000238418446       -30.629502530605780       0.14281882867243498     
   1.7220000238418445       -30.639026222976049       0.13543787968555598     
   1.7230000238418444       -30.648566725897894       0.12762153851718783     
   1.7240000238418443       -30.658124078924104       0.11928361801553071     
   1.7250000238418441       -30.667698323034479       0.11030521157681202     
   1.7260000238418440       -30.677289500659782       0.10051408082053050     
   1.7270000238418439       -30.686897655698186        8.9643464401540002E-002
   1.7280000238418438       -30.696522833524103        7.7237969607475351E-002
   1.7290000238418437       -30.706165080986281        6.2387586666945785E-002
   1.7300000238418436       -30.715824446392460        4.2607676201635351E-002
   1.7310000238418435       -30.725500855434291        1.0413432966097400E-004
   1.7320000238418434       -30.735185041423332        1.1790456911196326E-005
   1.7330000238418433       -30.744871217004317        6.2522840526423191E-006
   1.7340000238418432       -30.754559380018886        3.7842297216897049E-006
   1.7350000238418430       -30.764249528303679        2.1043486364342231E-006
   1.7360000238418429       -30.773941659698117        1.0627440059810288E-006
   1.7370000238418428       -30.783635772044356        4.8675883713063717E-007
   1.7380000238418427       -30.793331863187625        2.0152483873171602E-007
   1.7390000238418426       -30.803029930975967        7.5015724240426153E-008
   1.7400000238418425       -30.812729973260314        2.5213359973926448E-008
   1.7410000238418424       -30.822431987894447        7.6439149207827324E-009
   1.7420000238418423       -30.832135972735021        2.0969765384003400E-009
   1.7430000238418422       -30.841841925641589        5.2221425640554109E-010
   1.7440000238418421       -30.851549844476580        1.1845306217376597E-010
   1.7450000238418419       -30.861259727105136        2.4335990013292355E-011
   1.7460000238418418       -30.870971571395486        4.5954166398113711E-012
   1.7470000238418417       -30.880685375218775        7.7443298687443181E-013
   1.7480000238418416       -30.890401136448823        1.1978535447493895E-013
   1.7490000238418415       -30.900118852962223        1.5618679189483624E-014
   1.7500000238418414       -30.909838522638275        9.8023441215862785E-015
   1.7510000238418413       -30.919560143359625       -3.8549410577262379E-017
   1.7520000238418412       -30.929283713011650       -1.0639637319324417E-016
   1.7530000238418411       -30.939009229482469        9.2518585385429716E-017
   1.7540000238418409       -30.948736690662436       -6.1679056923619811E-017
   1.7550000238418408       -30.958466094445857        2.9760144965646555E-016
   1.7560000238418407       -30.968197438729046        1.3877787807814457E-016
   1.7570000238418406       -30.977930721411532       -3.2381504884900401E-017
   1.7580000238418405       -30.987665940395182        3.7315829438789984E-016
   1.7590000238418404       -30.997403093585181       -2.7755575615628914E-017
   1.7600000238418403       -31.007142178889552       -3.5465457731081387E-017
   1.7610000238418402       -31.016883194218178       -8.1724750423796251E-017
   1.7620000238418401       -31.026626137485515        4.7492873831187251E-016
   1.7630000238418400       -31.036371006606924        2.3129646346357429E-017
   1.7640000238418398       -31.046117799502017        5.9211894646675012E-016
   1.7650000238418397       -31.055866514092003        1.3908627336276268E-015
   1.7660000238418396       -31.065617148302195        2.8834959111792261E-016
   1.7670000238418395       -31.075369700059536        1.9274705288631190E-016
   1.7680000238418394       -31.085124167293802       -2.0045693500176438E-016
   1.7690000238418393       -31.094880547938526       -9.5602538231610708E-017
   1.7700000238418392       -31.104638839929201        2.3129646346357429E-017
   1.7710000238418391       -31.114399041204543        2.4825820411756973E-016
   1.7720000238418390       -31.124161149704982        2.0045693500176437E-017
   1.7730000238418389       -31.133925163375515       -1.8503717077085941E-017
   1.7740000238418387       -31.143691080162039        5.5511151231257827E-016
   1.7750000238418386       -31.153458898014826       -7.2472891885253276E-017
   1.7760000238418385       -31.163228614885757        1.9274705288631190E-016
   1.7770000238418384       -31.173000228729709        4.3329537488842914E-016
   1.7780000238418383       -31.182773737504359        3.2998295454136598E-016
   1.7790000238418382       -31.192549139170115        1.5543122344752192E-015
   1.7800000238418381       -31.202326431691002        5.8595104077438819E-017
   1.7810000238418380       -31.212105613032215        1.0177044392397268E-016
   1.7820000238418379       -31.221886681162481        2.1587669923266933E-017
   1.7830000238418378       -31.231669634053084        4.6259292692714853E-018
   1.7840000238418376       -31.241454469678551        3.1610516673355153E-016
   1.7850000238418375       -31.251241186015530        5.7053127654348317E-017
   1.7860000238418374       -31.261029781043604        1.3106799596269209E-016
   1.7870000238418373       -31.270820252744848       -6.3221033346710300E-017
   1.7880000238418372       -31.280612599104206       -7.7098821154524763E-018
   1.7890000238418371       -31.290406818109531       -5.8595104077438819E-017
   1.7900000238418370       -31.300202907751146        3.0839528461809905E-017
   1.7910000238418369       -31.310000866021785       -1.1719020815487764E-016
   1.7920000238418368       -31.319800690917557       -3.0222737892573707E-016
   1.7930000238418367       -31.329602380436924       -7.8640797577615252E-016
   1.7940000238418365       -31.339405932580572        6.1679056923619804E-018
   1.7950000238418364       -31.349211345352575       -4.6259292692714853E-018
   1.7960000238418363       -31.359018616759357        5.1039419604295392E-016
   1.7970000238418362       -31.368827744809938       -2.7138785046392718E-016
   1.7980000238418361       -31.378638727516297       -1.3569392523196359E-016
   1.7990000238418360       -31.388451562892751       -1.2798404311651109E-016
   1.8000000238418359       -31.398266248956382       -5.7053127654348317E-017
   1.8010000238418358       -31.408082783727323        3.5465457731081392E-016
   1.8020000238418357       -31.417901165227594       -6.4763009769800802E-017
   1.8030000238418356       -31.427721391482304       -1.4802973661668753E-016
   1.8040000238418354       -31.437543460519514        2.3129646346357429E-017
   1.8050000238418353       -31.447367370368998       -1.3106799596269209E-016
   1.8060000238418352       -31.457193119064602       -1.7578531223231644E-016
   1.8070000238418351       -31.467020704641310        5.8595104077438819E-017
   1.8080000238418350       -31.476850125137638        1.4494578377050655E-016
   1.8090000238418349       -31.486681378594639        4.3175339846533865E-016
   1.8100000238418348       -31.496514463055195       -4.0091387000352874E-017
   1.8110000238418347       -31.506349376566011        5.2427198385076835E-017
   1.8120000238418346       -31.516186117176129        1.8812112361704041E-016
   1.8130000238418345       -31.526024682936189       -3.0839528461809902E-018
   1.8140000238418343       -31.535865071900549       -4.6259292692714853E-018
   1.8150000238418342       -31.545707282125999       -6.3221033346710300E-017
   1.8160000238418341       -31.555551311671476       -2.6213599192538418E-017
   1.8170000238418340       -31.565397158598596        1.1256427888560614E-016
   1.8180000238418339       -31.575244820972145       -1.6653345369377348E-016
   1.8190000238418338       -31.585094296858902        4.0091387000352874E-017
   1.8200000238418337       -31.594945584328531       -1.0948032603942516E-016
   1.8210000238418336       -31.604798681453140       -1.3877787807814457E-017
   1.8220000238418335       -31.614653586307437        8.0182774000705749E-017
   1.8230000238418334       -31.624510296968385        4.1633363423443370E-017
   1.8240000238418332       -31.634368811516584        8.9434632539248724E-017
   1.8250000238418331       -31.644229128034027       -1.5265566588595902E-016
   1.8260000238418330       -31.654091244605759       -2.1741867565575981E-016
   1.8270000238418329       -31.663955159319343       -6.1679056923619811E-017
   1.8280000238418328       -31.673820870265192       -5.7053127654348317E-017
   1.8290000238418327       -31.683688375535699       -1.6499147727068299E-016
   1.8300000238418326       -31.693557673226490       -1.2027416100105862E-016
   1.8310000238418325       -31.703428761434886        6.1370661639001708E-016
   1.8320000238418324       -31.713301638261264       -8.0182774000705749E-017
   1.8330000238418322       -31.723176301808834       -6.1679056923619804E-018
   1.8340000238418321       -31.733052750182743        1.1873218457796813E-016
   1.8350000238418320       -31.742930981491359       -8.0182774000705749E-017
   1.8360000238418319       -31.752810993844651       -1.5419764230904953E-017
   1.8370000238418318       -31.762692785355966       -3.8549410577262379E-017
   1.8380000238418317       -31.772576354140853        1.0793834961633467E-017
   1.8390000238418316       -31.782461698317107        4.6259292692714853E-018
   1.8400000238418315       -31.792348816005191        1.3877787807814457E-017
   1.8410000238418314       -31.802237705328388       -3.0839528461809905E-017
   1.8420000238418313       -31.812128364412704        2.6059401550229370E-016
   1.8430000238418311       -31.822020791385487        3.2381504884900401E-017
   1.8440000238418310       -31.831914984378077        1.0793834961633467E-017
   1.8450000238418309       -31.841810941523160       -3.7007434154171883E-017
   1.8460000238418308       -31.851708660956081       -1.5419764230904951E-018
   1.8470000238418307       -31.861608140815378        4.6259292692714853E-018
   1.8480000238418306       -31.871509379241584       -3.0839528461809902E-018
   1.8490000238418305       -31.881412374377401       -3.0839528461809902E-018
