   8.0000000000000000       -76.481634179280391        0.0000000000000000       0.99999999776348325     
   7.9989999999999997       -76.463634179362529        0.0000000000000000       0.99999999655394844     
   7.9979999999999993       -76.445634179448035        0.0000000000000000       0.99999999585417954     
   7.9969999999999990       -76.427634179536994        0.0000000000000000       0.99999999540541651     
   7.9959999999999987       -76.409634179629606        0.0000000000000000       0.99999999507811965     
   7.9949999999999983       -76.391634179726012        0.0000000000000000       0.99999999480735624     
   7.9939999999999980       -76.373634179826340        0.0000000000000000       0.99999999456048783     
   7.9929999999999977       -76.355634179930775        0.0000000000000000       0.99999999432101638     
   7.9919999999999973       -76.337634180039430        0.0000000000000000       0.99999999408050810     
   7.9909999999999970       -76.319634180152562        0.0000000000000000       0.99999999383455163     
   7.9899999999999967       -76.301634180270312        0.0000000000000000       0.99999999358074099     
   7.9889999999999963       -76.283634180392852        0.0000000000000000       0.99999999331766298     
   7.9879999999999960       -76.265634180520408        0.0000000000000000       0.99999999304439391     
   7.9869999999999957       -76.247634180653165        0.0000000000000000       0.99999999276024476     
   7.9859999999999953       -76.229634180791308        0.0000000000000000       0.99999999246463434     
   7.9849999999999950       -76.211634180935121        0.0000000000000000       0.99999999215702695     
   7.9839999999999947       -76.193634181084803        0.0000000000000000       0.99999999183689880     
   7.9829999999999943       -76.175634181240596        0.0000000000000000       0.99999999150372210     
   7.9819999999999940       -76.157634181402756        0.0000000000000000       0.99999999115695504     
   7.9809999999999937       -76.139634181571495        0.0000000000000000       0.99999999079603841     
   7.9799999999999933       -76.121634181747154        0.0000000000000000       0.99999999042039311     
   7.9789999999999930       -76.103634181929976        0.0000000000000000       0.99999999002941697     
   7.9779999999999927       -76.085634182120259        0.0000000000000000       0.99999998962248327     
   7.9769999999999923       -76.067634182318315        0.0000000000000000       0.99999998919894018     
   7.9759999999999920       -76.049634182524457        0.0000000000000000       0.99999998875810980     
   7.9749999999999917       -76.031634182738969        0.0000000000000000       0.99999998829928616     
   7.9739999999999913       -76.013634182962278        0.0000000000000000       0.99999998782173494     
   7.9729999999999910       -75.995634183194710        0.0000000000000000       0.99999998732469153     
   7.9719999999999906       -75.977634183436606        0.0000000000000000       0.99999998680736013     
   7.9709999999999903       -75.959634183688394        0.0000000000000000       0.99999998626891262     
   7.9699999999999900       -75.941634183950427        0.0000000000000000       0.99999998570848725     
   7.9689999999999896       -75.923634184223175        0.0000000000000000       0.99999998512518529     
   7.9679999999999893       -75.905634184507065        0.0000000000000000       0.99999998451807492     
   7.9669999999999890       -75.887634184802536        0.0000000000000000       0.99999998388618272     
   7.9659999999999886       -75.869634185110058        0.0000000000000000       0.99999998322849726     
   7.9649999999999883       -75.851634185430115        0.0000000000000000       0.99999998254396516     
   7.9639999999999880       -75.833634185763273        0.0000000000000000       0.99999998183149130     
   7.9629999999999876       -75.815634186110017        0.0000000000000000       0.99999998108993338     
   7.9619999999999873       -75.797634186470916        0.0000000000000000       0.99999998031810500     
   7.9609999999999870       -75.779634186846550        0.0000000000000000       0.99999997951477004     
   7.9599999999999866       -75.761634187237490        0.0000000000000000       0.99999997867864165     
   7.9589999999999863       -75.743634187644389        0.0000000000000000       0.99999997780838124     
   7.9579999999999860       -75.725634188067914        0.0000000000000000       0.99999997690259468     
   7.9569999999999856       -75.707634188508749        0.0000000000000000       0.99999997595983159     
   7.9559999999999853       -75.689634188967574        0.0000000000000000       0.99999997497858217     
   7.9549999999999850       -75.671634189445086        0.0000000000000000       0.99999997395727447     
   7.9539999999999846       -75.653634189942082        0.0000000000000000       0.99999997289427256     
   7.9529999999999843       -75.635634190459413        0.0000000000000000       0.99999997178787381     
   7.9519999999999840       -75.617634190997833        0.0000000000000000       0.99999997063630608     
   7.9509999999999836       -75.599634191558252        0.0000000000000000       0.99999996943772473     
   7.9499999999999833       -75.581634192141536        0.0000000000000000       0.99999996819021009     
   7.9489999999999830       -75.563634192748609        0.0000000000000000       0.99999996689176163     
   7.9479999999999826       -75.545634193380479        0.0000000000000000       0.99999996554030113     
   7.9469999999999823       -75.527634194038143        0.0000000000000000       0.99999996413366254     
   7.9459999999999820       -75.509634194722651        0.0000000000000000       0.99999996266959201     
   7.9449999999999816       -75.491634195435111        0.0000000000000000       0.99999996114574308     
   7.9439999999999813       -75.473634196176647        0.0000000000000000       0.99999995955967469     
   7.9429999999999810       -75.455634196948424        0.0000000000000000       0.99999995790884433     
   7.9419999999999806       -75.437634197751763        0.0000000000000000       0.99999995619060678     
   7.9409999999999803       -75.419634198587872        0.0000000000000000       0.99999995440220779     
   7.9399999999999800       -75.401634199458115        0.0000000000000000       0.99999995254078078     
   7.9389999999999796       -75.383634200363886        0.0000000000000000       0.99999995060334201     
   7.9379999999999793       -75.365634201306605        0.0000000000000000       0.99999994858678554     
   7.9369999999999790       -75.347634202287850        0.0000000000000000       0.99999994648787882     
   7.9359999999999786       -75.329634203309141        0.0000000000000000       0.99999994430325578     
   7.9349999999999783       -75.311634204372126        0.0000000000000000       0.99999994202941445     
   7.9339999999999780       -75.293634205478511        0.0000000000000000       0.99999993966270828     
   7.9329999999999776       -75.275634206630031        0.0000000000000000       0.99999993719934066     
   7.9319999999999773       -75.257634207828602        0.0000000000000000       0.99999993463536208     
   7.9309999999999770       -75.239634209076115        0.0000000000000000       0.99999993196665948     
   7.9299999999999766       -75.221634210374560        0.0000000000000000       0.99999992918895109     
   7.9289999999999763       -75.203634211726012        0.0000000000000000       0.99999992629778189     
   7.9279999999999760       -75.185634213132630        0.0000000000000000       0.99999992328851128     
   7.9269999999999756       -75.167634214596703        0.0000000000000000       0.99999992015631156     
   7.9259999999999753       -75.149634216120560        0.0000000000000000       0.99999991689615575     
   7.9249999999999750       -75.131634217706633        0.0000000000000000       0.99999991350281114     
   7.9239999999999746       -75.113634219357479        0.0000000000000000       0.99999990997083033     
   7.9229999999999743       -75.095634221075727        0.0000000000000000       0.99999990629454261     
   7.9219999999999740       -75.077634222864120        0.0000000000000000       0.99999990246804638     
   7.9209999999999736       -75.059634224725571        0.0000000000000000       0.99999989848519510     
   7.9199999999999733       -75.041634226663049        0.0000000000000000       0.99999989433959335     
   7.9189999999999729       -75.023634228679640        0.0000000000000000       0.99999989002458056     
   7.9179999999999726       -75.005634230778597        0.0000000000000000       0.99999988553322483     
   7.9169999999999723       -74.987634232963245        0.0000000000000000       0.99999988085830849     
   7.9159999999999719       -74.969634235237152        0.0000000000000000       0.99999987599231888     
   7.9149999999999716       -74.951634237603926        0.0000000000000000       0.99999986839502797     
   7.9139999999999713       -74.933634240067377        0.0000000000000000       0.99999986438932686     
   7.9129999999999709       -74.915634242631469        0.0000000000000000       0.99999985953499015     
   7.9119999999999706       -74.897634245300267        0.0000000000000000       0.99999985144218351     
   7.9109999999999703       -74.879634248078091        0.0000000000000000       0.99999984700395395     
   7.9099999999999699       -74.861634250969388        0.0000000000000000       0.99999983885168497     
   7.9089999999999696       -74.843634253978820        0.0000000000000000       0.99999983414570159     
   7.9079999999999693       -74.825634257111190        0.0000000000000000       0.99999982539001431     
   7.9069999999999689       -74.807634260371543        0.0000000000000000       0.99999981776112357     
   7.9059999999999686       -74.789634263765095        0.0000000000000000       0.99999981019139339     
   7.9049999999999683       -74.771634267297301        0.0000000000000000       0.99999980240480091     
   7.9039999999999679       -74.753634270973876        0.0000000000000000       0.99999979432284192     
   7.9029999999999676       -74.735634274800674        0.0000000000000000       0.99999978591599925     
   7.9019999999999673       -74.717634278783862        0.0000000000000000       0.99999977716659416     
   7.9009999999999669       -74.699634282929807        0.0000000000000000       0.99999976805948187     
   7.8999999999999666       -74.681634287245231        0.0000000000000000       0.99999975857970880     
   7.8989999999999663       -74.663634291737054        0.0000000000000000       0.99999974871190866     
   7.8979999999999659       -74.645634296412467        0.0000000000000000       0.99999973844013068     
   7.8969999999999656       -74.627634301279016        0.0000000000000000       0.99999972774777746     
   7.8959999999999653       -74.609634306344475        0.0000000000000000       0.99999971661756959     
   7.8949999999999649       -74.591634311617071        0.0000000000000000       0.99999970503151303     
   7.8939999999999646       -74.573634317105245        0.0000000000000000       0.99999969297086899     
   7.8929999999999643       -74.555634322817838        0.0000000000000000       0.99999968041612364     
   7.8919999999999639       -74.537634328764028        0.0000000000000000       0.99999966734695311     
   7.8909999999999636       -74.519634334953423        0.0000000000000000       0.99999965374219202     
   7.8899999999999633       -74.501634341395913        0.0000000000000000       0.99999963957979687     
   7.8889999999999629       -74.483634348101972        0.0000000000000000       0.99999962483680860     
   7.8879999999999626       -74.465634355082358        0.0000000000000000       0.99999960693157852     
   7.8869999999999623       -74.447634362348325        0.0000000000000000       0.99999959287302909     
   7.8859999999999619       -74.429634369911582        0.0000000000000000       0.99999957402839990     
   7.8849999999999616       -74.411634377784324        0.0000000000000000       0.99999955632353887     
   7.8839999999999613       -74.393634385979283        0.0000000000000000       0.99999953813119669     
   7.8829999999999609       -74.375634394509646        0.0000000000000000       0.99999951922199337     
   7.8819999999999606       -74.357634403389198        0.0000000000000000       0.99999949954017453     
   7.8809999999999603       -74.339634412632279        0.0000000000000000       0.99999947905055364     
   7.8799999999999599       -74.321634422253823        0.0000000000000000       0.99999945771933385     
   7.8789999999999596       -74.303634432269320        0.0000000000000000       0.99999943551166182     
   7.8779999999999593       -74.285634442695056        0.0000000000000000       0.99999941239126755     
   7.8769999999999589       -74.267634453547842        0.0000000000000000       0.99999938832036606     
   7.8759999999999586       -74.249634464845258        0.0000000000000000       0.99999936325958438     
   7.8749999999999583       -74.231634476605564        0.0000000000000000       0.99999933716789591     
   7.8739999999999579       -74.213634488847802        0.0000000000000000       0.99999931000254572     
   7.8729999999999576       -74.195634501591869        0.0000000000000000       0.99999928171897778     
   7.8719999999999573       -74.177634514858383        0.0000000000000000       0.99999925227075492     
   7.8709999999999569       -74.159634528668860        0.0000000000000000       0.99999922160947796     
   7.8699999999999566       -74.141634543045711        0.0000000000000000       0.99999918968469914     
   7.8689999999999563       -74.123634558012242        0.0000000000000000       0.99999915644383386     
   7.8679999999999559       -74.105634573592866        0.0000000000000000       0.99999912183206496     
   7.8669999999999556       -74.087634589812851        0.0000000000000000       0.99999908321858755     
   7.8659999999999553       -74.069634606698600        0.0000000000000000       0.99999904542414142     
   7.8649999999999549       -74.051634624277611        0.0000000000000000       0.99999900621962112     
   7.8639999999999546       -74.033634642578448        0.0000000000000000       0.99999896540467959     
   7.8629999999999542       -74.015634661631069        0.0000000000000000       0.99999892290310244     
   7.8619999999999539       -73.997634681466465        0.0000000000000000       0.99999887864369930     
   7.8609999999999536       -73.979634702117067        0.0000000000000000       0.99999883255273891     
   7.8599999999999532       -73.961634723616598        0.0000000000000000       0.99999878455334945     
   7.8589999999999529       -73.943634746000257        0.0000000000000000       0.99999873456534416     
   7.8579999999999526       -73.925634769304594        0.0000000000000000       0.99999868250506907     
   7.8569999999999522       -73.907634793567908        0.0000000000000000       0.99999862828524733     
   7.8559999999999519       -73.889634818829919        0.0000000000000000       0.99999857181481089     
   7.8549999999999516       -73.871634845132121        0.0000000000000000       0.99999851299872766     
   7.8539999999999512       -73.853634872517716        0.0000000000000000       0.99999845173781787     
   7.8529999999999509       -73.835634901031767        0.0000000000000000       0.99999838792856288     
   7.8519999999999506       -73.817634930721283        0.0000000000000000       0.99999832146290224     
   7.8509999999999502       -73.799634961635164        0.0000000000000000       0.99999825222802263     
   7.8499999999999499       -73.781634993824468        0.0000000000000000       0.99999818010613284     
   7.8489999999999496       -73.763635027342389        0.0000000000000000       0.99999810247150278     
   7.8479999999999492       -73.745635062244432        0.0000000000000000       0.99999802401852322     
   7.8469999999999489       -73.727635098588394        0.0000000000000000       0.99999794236085671     
   7.8459999999999486       -73.709635136434656        0.0000000000000000       0.99999785728781965     
   7.8449999999999482       -73.691635175846116        0.0000000000000000       0.99999776865054324     
   7.8439999999999479       -73.673635216888385        0.0000000000000000       0.99999767629568659     
   7.8429999999999476       -73.655635259629889        0.0000000000000000       0.99999758006305461     
   7.8419999999999472       -73.637635304141980        0.0000000000000000       0.99999747978519415     
   7.8409999999999469       -73.619635350499237        0.0000000000000000       0.99999737528703336     
   7.8399999999999466       -73.601635398779280        0.0000000000000000       0.99999726638550157     
   7.8389999999999462       -73.583635449063237        0.0000000000000000       0.99999715288913060     
   7.8379999999999459       -73.565635501435679        0.0000000000000000       0.99999703459763056     
   7.8369999999999456       -73.547635555984883        0.0000000000000000       0.99999691130144219     
   7.8359999999999452       -73.529635612803105        0.0000000000000000       0.99999678278126380     
   7.8349999999999449       -73.511635671986511        0.0000000000000000       0.99999664880754802     
   7.8339999999999446       -73.493635733635543        0.0000000000000000       0.99999650913997029     
   7.8329999999999442       -73.475635797855062        0.0000000000000000       0.99999636352686772     
   7.8319999999999439       -73.457635864754607        0.0000000000000000       0.99999621170463726     
   7.8309999999999436       -73.439635934448575        0.0000000000000000       0.99999605084829823     
   7.8299999999999432       -73.421636007056435        0.0000000000000000       0.99999588561744468     
   7.8289999999999429       -73.403636082703017        0.0000000000000000       0.99999571334102655     
   7.8279999999999426       -73.385636161518761        0.0000000000000000       0.99999553366379368     
   7.8269999999999422       -73.367636243639936        0.0000000000000000       0.99999534625126507     
   7.8259999999999419       -73.349636329208991        0.0000000000000000       0.99999515075310619     
   7.8249999999999416       -73.331636418374913        0.0000000000000000       0.99999494680164780     
   7.8239999999999412       -73.313636511293353        0.0000000000000000       0.99999473401088856     
   7.8229999999999409       -73.295636608127182        0.0000000000000000       0.99999451197544198     
   7.8219999999999406       -73.277636709046718        0.0000000000000000       0.99999428026940551     
   7.8209999999999402       -73.259636814230106        0.0000000000000000       0.99999403844514889     
   7.8199999999999399       -73.241636923863865        0.0000000000000000       0.99999378603201861     
   7.8189999999999396       -73.223637038143139        0.0000000000000000       0.99999352253493912     
   7.8179999999999392       -73.205637157272207        0.0000000000000000       0.99999324743291018     
   7.8169999999999389       -73.187637281465015        0.0000000000000000       0.99999296017738759     
   7.8159999999999386       -73.169637410945626        0.0000000000000000       0.99999266019052890     
   7.8149999999999382       -73.151637545948802        0.0000000000000000       0.99999234438720286     
   7.8139999999999379       -73.133637686720604        0.0000000000000000       0.99999201694807305     
   7.8129999999999376       -73.115637833518932        0.0000000000000000       0.99999167486143214     
   7.8119999999999372       -73.097637986614245        0.0000000000000000       0.99999131739312297     
   7.8109999999999369       -73.079638146290279        0.0000000000000000       0.99999094378632003     
   7.8099999999999365       -73.061638312844735        0.0000000000000000       0.99999055324072927     
   7.8089999999999362       -73.043638486590211        0.0000000000000000       0.99999014490918647     
   7.8079999999999359       -73.025638667854992        0.0000000000000000       0.99998971789403845     
   7.8069999999999355       -73.007638856983945        0.0000000000000000       0.99998927124311188     
   7.8059999999999352       -72.989639054339705        0.0000000000000000       0.99998880394519596     
   7.8049999999999349       -72.971639260303562        0.0000000000000000       0.99998831492495854     
   7.8039999999999345       -72.953639475276972        0.0000000000000000       0.99998780303718826     
   7.8029999999999342       -72.935639699682511        0.0000000000000000       0.99998726706023233     
   7.8019999999999339       -72.917639933965617        0.0000000000000000       0.99998670568847581     
   7.8009999999999335       -72.899640178596002        0.0000000000000000       0.99998611752366040     
   7.7999999999999332       -72.881640434069439        0.0000000000000000       0.99998549866177000     
