   1.6000000238418579       -28.405963904755613       0.68539218177473493     
   1.6010000238418578       -28.412085308956598       0.68402324869389841     
   1.6020000238418577       -28.418222720805772       0.68264695109062989     
   1.6030000238418576       -28.424376179300474       0.68126322087418090     
   1.6040000238418575       -28.430545723603466       0.67987199277106569     
   1.6050000238418574       -28.436731393044319       0.67847319570283460     
   1.6060000238418572       -28.442933227120463       0.67706677208522881     
   1.6070000238418571       -28.449151265498237       0.67565264945939463     
   1.6080000238418570       -28.455385548014011       0.67423075899097351     
   1.6090000238418569       -28.461636114675407       0.67280102600490532     
   1.6100000238418568       -28.467903005662308       0.67136338918348049     
   1.6110000238418567       -28.474186261328036       0.66991777235617833     
   1.6120000238418566       -28.480485922200355       0.66846410288534264     
   1.6130000238418565       -28.486802028982584       0.66700230216337986     
   1.6140000238418564       -28.493134622554599       0.66553230505731009     
   1.6150000238418563       -28.499483743974050       0.66405403134702434     
   1.6160000238418561       -28.505849434477291       0.66256740433046524     
   1.6170000238418560       -28.512231735480320       0.66107234111359292     
   1.6180000238418559       -28.518630688579989       0.65956877264518932     
   1.6190000238418558       -28.525046335554897       0.65805661429915319     
   1.6200000238418557       -28.531478718366312       0.65653578502794252     
   1.6210000238418556       -28.537927879159348       0.65500619726841258     
   1.6220000238418555       -28.544393860263504       0.65346777794310063     
   1.6230000238418554       -28.550876704194064       0.65192043763468199     
   1.6240000238418553       -28.557376453652626       0.65036408541840685     
   1.6250000238418552       -28.563893151528266       0.64879864433591550     
   1.6260000238418550       -28.570426840898069       0.64722402148218194     
   1.6270000238418549       -28.576977565028258       0.64564012746212773     
   1.6280000238418548       -28.583545367374697       0.64404686594778204     
   1.6290000238418547       -28.590130291583890       0.64244415572862834     
   1.6300000238418546       -28.596732381493545       0.64083189836983356     
   1.6310000238418545       -28.603351681133386       0.63920999359202257     
   1.6320000238418544       -28.609988234725876       0.63757835612677871     
   1.6330000238418543       -28.616642086686376       0.63593688345752786     
   1.6340000238418542       -28.623313281624469       0.63428547107284272     
   1.6350000238418541       -28.630001864343779       0.63262402956870867     
   1.6360000238418539       -28.636707879842788       0.63095245206425710     
   1.6370000238418538       -28.643431373315572       0.62927062952287172     
   1.6380000238418537       -28.650172390151475       0.62757846831418518     
   1.6390000238418536       -28.656930975936149       0.62587585142832836     
   1.6400000238418535       -28.663707176451368       0.62416268140062747     
   1.6410000238418534       -28.670501037675525       0.62243884387013648     
   1.6420000238418533       -28.677312605783662       0.62070422206985343     
   1.6430000238418532       -28.684141927147589       0.61895871412973091     
   1.6440000238418531       -28.690989048336164       0.61720220050369812     
   1.6450000238418530       -28.697854016114746       0.61543455903774735     
   1.6460000238418528       -28.704736877445473       0.61365568334535803     
   1.6470000238418527       -28.711637679487318       0.61186544251680575     
   1.6480000238418526       -28.718556469595203       0.61006372614658777     
   1.6490000238418525       -28.725493295320046       0.60825040571977296     
   1.6500000238418524       -28.732448204408286       0.60642534978819873     
   1.6510000238418523       -28.739421244801466       0.60458844320950123     
   1.6520000238418522       -28.746412464635501       0.60273954514126560     
   1.6530000238418521       -28.753421912239919       0.60087853627236631     
   1.6540000238418520       -28.760449636137139       0.59900527195835573     
   1.6550000238418519       -28.767495685041677       0.59711962866887436     
   1.6560000238418517       -28.774560107858928       0.59522145771412205     
   1.6570000238418516       -28.781642953684269       0.59331063128161454     
   1.6580000238418515       -28.788744271801662       0.59138699638964143     
   1.6590000238418514       -28.795864111682299       0.58945042087079591     
   1.6600000238418513       -28.803002522983029       0.58750074719861489     
   1.6610000238418512       -28.810159555545123       0.58553783876884857     
   1.6620000238418511       -28.817335259391989       0.58356153324811733     
   1.6630000238418510       -28.824529684727779       0.58157168950577309     
   1.6640000238418509       -28.831742881934950       0.57956814012832292     
   1.6650000238418508       -28.838974901572428       0.57755073936198431     
   1.6660000238418506       -28.846225794373140       0.57551931442460047     
   1.6670000238418505       -28.853495611241389       0.57347371483724729     
   1.6680000238418504       -28.860784403250520       0.57141376214337247     
   1.6690000238418503       -28.868092221639699       0.56933929459882515     
   1.6700000238418502       -28.875419117811418       0.56725014704278587     
   1.6710000238418501       -28.882765143327962       0.56514613314536954     
   1.6720000238418500       -28.890130349908119       0.56302708250902378     
   1.6730000238418499       -28.897514789423980       0.56089282134508600     
   1.6740000238418498       -28.904918513896781       0.55874315463062685     
   1.6750000238418497       -28.912341575493343       0.55657790289707954     
   1.6760000238418495       -28.919784026521846       0.55439688327148740     
   1.6770000238418494       -28.927245919427470       0.55219989117218715     
   1.6780000238418493       -28.934727306788062       0.54998673756860539     
   1.6790000238418492       -28.942228241309401       0.54775722998191212     
   1.6800000238418491       -28.949748775820030       0.54551115333022793     
   1.6810000238418490       -28.957288963266553       0.54324830845154182     
   1.6820000238418489       -28.964848856707945       0.54096848598623137     
   1.6830000238418488       -28.972428509310028       0.53867147934677206     
   1.6840000238418487       -28.980027974339926       0.53635705853917004     
   1.6850000238418485       -28.987647305159946       0.53402500947394094     
   1.6860000238418484       -28.995286555221121       0.53167510737068846     
   1.6870000238418483       -29.002945778056933       0.52930712332706875     
   1.6880000238418482       -29.010625027276873       0.52692082420036734     
   1.6890000238418481       -29.018324356559251       0.52451597248363968     
   1.6900000238418480       -29.026043819644109       0.52209233283484757     
   1.6910000238418479       -29.033783470325929       0.51964964525886059     
   1.6920000238418478       -29.041543362446326       0.51718766506293601     
   1.6930000238418477       -29.049323549885926       0.51470613589931813     
   1.6940000238418476       -29.057124086556563       0.51220479632440963     
   1.6950000238418474       -29.064945026393396       0.50968337962532773     
   1.6960000238418473       -29.072786423346010       0.50714161363732480     
   1.6970000238418472       -29.080648331370526       0.50457922054849125     
   1.6980000238418471       -29.088530804420444       0.50199590975447750     
   1.6990000238418470       -29.096433896438121       0.49939140525971354     
   1.7000000238418469       -29.104357661345574       0.49676540418760062     
   1.7010000238418468       -29.112302153035543       0.49411760393121917     
   1.7020000238418467       -29.120267425362229       0.49144769505919478     
   1.7030000238418466       -29.128253532131936       0.48875536103145439     
   1.7040000238418465       -29.136260527093604       0.48604027070248496     
   1.7050000238418463       -29.144288463929769       0.48330210648615435     
   1.7060000238418462       -29.152337396246875       0.48054052166232786     
   1.7070000238418461       -29.160407377565662       0.47775516075631330     
   1.7080000238418460       -29.168498461312176       0.47494568079318711     
   1.7090000238418459       -29.176610700808240       0.47211170847618461     
   1.7100000238418458       -29.184744149262336       0.46925286013393869     
   1.7110000238418457       -29.192898859760518       0.46636876404425309     
   1.7120000238418456       -29.201074885257498       0.46345900830660963     
   1.7130000238418455       -29.209272278568164       0.46052319919432427     
   1.7140000238418454       -29.217491092359282       0.45756090127129173     
   1.7150000238418452       -29.225731379141394       0.45457168900363087     
   1.7160000238418451       -29.233993191261263       0.45155512332626535     
   1.7170000238418450       -29.242276580894860       0.44851072868437164     
   1.7180000238418449       -29.250581600040718       0.44543803718442138     
   1.7190000238418448       -29.258908300513720       0.44233655751640089     
   1.7200000238418447       -29.267256733940147       0.43920578159513507     
   1.7210000238418446       -29.275626951753004       0.43604518352075544     
   1.7220000238418445       -29.284019005187947       0.43285421845443650     
   1.7230000238418444       -29.292432945280670       0.42963232140314794     
   1.7240000238418443       -29.300868822865290       0.42637890590493005     
   1.7250000238418441       -29.309326688573151       0.42309336260582192     
   1.7260000238418440       -29.317806592833495       0.41977504982320935     
   1.7270000238418439       -29.326308585875388       0.41642332316507602     
   1.7280000238418438       -29.334832717730833       0.41303748715983557     
   1.7290000238418437       -29.343379038239242       0.40961681584800791     
   1.7300000238418436       -29.351947597054284       0.40616056750422685     
   1.7310000238418435       -29.360538443651947       0.40266796580309255     
   1.7320000238418434       -29.369151627340486       0.39913817365191118     
   1.7330000238418433       -29.377787197272852       0.39557033829720684     
   1.7340000238418432       -29.386445202461189       0.39196355625481427     
   1.7350000238418430       -29.395125691793474       0.38831687808260756     
   1.7360000238418429       -29.403828714053109       0.38462929650556832     
   1.7370000238418428       -29.412554317940931       0.38089977533260844     
   1.7380000238418427       -29.421302552100080       0.37712718785548116     
   1.7390000238418426       -29.430073465144254       0.37331036930029504     
   1.7400000238418425       -29.438867105689162       0.36944807887860265     
   1.7410000238418424       -29.447683522387130       0.36553900233454262     
   1.7420000238418423       -29.456522763965541       0.36158174562750700     
   1.7430000238418422       -29.465384879269909       0.35757481979074762     
   1.7440000238418421       -29.474269917309808       0.35351665750564226     
   1.7450000238418419       -29.483177927310372       0.34940558015020051     
   1.7460000238418418       -29.492108958767918       0.34523979652757886     
   1.7470000238418417       -29.501063061510621       0.34101738437893925     
   1.7480000238418416       -29.510040285764283       0.33673630197121696     
   1.7490000238418415       -29.519040682224166       0.33239435126317279     
   1.7500000238418414       -29.528064302132243       0.32798917101653452     
   1.7510000238418413       -29.537111197360712       0.32351821215602500     
   1.7520000238418412       -29.546181420502691       0.31897874197164860     
   1.7530000238418411       -29.555275024969191       0.31436779176301810     
   1.7540000238418409       -29.564392065094232       0.30968216319230324     
   1.7550000238418408       -29.573532596247610       0.30491836964644858     
   1.7560000238418407       -29.582696674956065       0.30007263474449036     
   1.7570000238418406       -29.591884359034051       0.29514082511234296     
   1.7580000238418405       -29.601095707723083       0.29011843048696484     
   1.7590000238418404       -29.610330781842826       0.28500051392168313     
   1.7600000238418403       -29.619589643951869       0.27978163159328168     
   1.7610000238418402       -29.628872358521186       0.27445577959846190     
   1.7620000238418401       -29.638178992120128       0.26901633570994032     
   1.7630000238418400       -29.647509613615565       0.26345591174484989     
   1.7640000238418398       -29.656864294386530       0.25776629034479775     
   1.7650000238418397       -29.666243108554099       0.25193825682795334     
   1.7660000238418396       -29.675646133228341       0.24596142293204584     
   1.7670000238418395       -29.685073448774340       0.23982406278273494     
   1.7680000238418394       -29.694525139097227       0.23351278914626031     
   1.7690000238418393       -29.704001291949485       0.22701230202044431     
   1.7700000238418392       -29.713501999261595       0.22030491099541866     
   1.7710000238418391       -29.723027357497322       0.21337005417719507     
   1.7720000238418390       -29.732577468036887       0.20618355168816432     
   1.7730000238418389       -29.742152437589155       0.19871672066178328     
   1.7740000238418387       -29.751752378635366       0.19093510586656653     
   1.7750000238418386       -29.761377409906679       0.18279669459220693     
   1.7760000238418385       -29.771027656896855       0.17424942661736587     
   1.7770000238418384       -29.780703252412678       0.16522747320596881     
   1.7780000238418383       -29.790404337162130       0.15564556102726509     
   1.7790000238418382       -29.800131060380664       0.14538982262062289     
   1.7800000238418381       -29.809883580493089       0.13430223593502724     
   1.7810000238418380       -29.819662065807226       0.12215204648528746     
   1.7820000238418379       -29.829466695228618       0.10857778972912953     
   1.7830000238418378       -29.839297658980779        9.2951042529089381E-002
   1.7840000238418376       -29.849155159303923        7.3973755294670623E-002
   1.7850000238418375       -29.859039411087995        4.7797118766185434E-002
   1.7860000238418374       -29.868949593023018        4.4445940898738763E-005
   1.7870000238418373       -29.878868001466891        9.9244556136670539E-006
   1.7880000238418372       -29.888788221860228        5.5845494220439623E-006
   1.7890000238418371       -29.898710252285902        3.2046496376743803E-006
   1.7900000238418370       -29.908634090825856        1.6726107816077912E-006
   1.7910000238418369       -29.918559735565015        7.8757115846058345E-007
   1.7920000238418368       -29.928487184590896        3.3278590294560928E-007
   1.7930000238418367       -29.938416435993641        1.2607326913765476E-007
   1.7940000238418365       -29.948347487866023        4.2766283657920866E-008
   1.7950000238418364       -29.958280338303396        1.2995832149617945E-008
   1.7960000238418363       -29.968214985403570        3.5533152369556418E-009
   1.7970000238418362       -29.978151427267264        8.7269054174468308E-010
   1.7980000238418361       -29.988089661997563        1.9315890091113155E-010
   1.7990000238418360       -29.998029687700367        3.8656219429148799E-011
   1.8000000238418359       -30.007971502483898        7.0725285196261544E-012
   1.8010000238418358       -30.017915104459085        1.1798579089037117E-012
   1.8020000238418357       -30.027860491739432        1.7022571623886366E-013
   1.8030000238418356       -30.037807662441374        2.2102690048579159E-014
   1.8040000238418354       -30.047756614683401        2.9521138620067531E-015
   1.8050000238418353       -30.057707346587065        1.8041124150158794E-016
   1.8060000238418352       -30.067659856275895        4.1479165781134321E-016
   1.8070000238418351       -30.077614141876197       -2.6213599192538418E-017
   1.8080000238418350       -30.087570201517444       -1.9274705288631189E-017
   1.8090000238418349       -30.097528033330722        6.6844677940972963E-016
   1.8100000238418348       -30.107487635450664        8.1724750423796251E-017
   1.8110000238418347       -30.117449006013796       -3.9320398788807630E-017
   1.8120000238418346       -30.127412143158868        7.9411785789160504E-017
   1.8130000238418345       -30.137377045027961       -3.0839528461809905E-017
   1.8140000238418343       -30.147343709765384       -1.1873218457796813E-016
   1.8150000238418342       -30.157312135517969        1.7655630044386169E-016
   1.8160000238418341       -30.167282320435227       -5.7053127654348317E-017
   1.8170000238418340       -30.177254262668772        2.5442610980993170E-017
   1.8180000238418339       -30.187227960372990       -2.4671622769447922E-017
   1.8190000238418338       -30.197203411704933        9.6373526443155952E-017
   1.8200000238418337       -30.207180614823884        6.1679056923619804E-018
   1.8210000238418336       -30.217159567892413        8.9434632539248724E-017
   1.8220000238418335       -30.227140269073978        6.1679056923619804E-018
   1.8230000238418334       -30.237122716536138       -8.0182774000705749E-017
   1.8240000238418332       -30.247106908448728       -4.3175339846533866E-017
   1.8250000238418331       -30.257092842983187        4.6259292692714853E-018
   1.8260000238418330       -30.267080518313954        4.3946328058079111E-017
   1.8270000238418329       -30.277069932617760       -2.7755575615628914E-017
   1.8280000238418328       -30.287061084074331        3.0839528461809905E-017
   1.8290000238418327       -30.297053970865800       -3.3152493096445646E-017
   1.8300000238418326       -30.307048591176290        4.6259292692714858E-017
   1.8310000238418325       -30.317044943192670       -4.0862375211898125E-017
   1.8320000238418324       -30.327043025104174       -5.8595104077438819E-017
   1.8330000238418322       -30.337042835102547       -5.1656210173531590E-017
   1.8340000238418321       -30.347044371381926       -5.5511151231257827E-017
   1.8350000238418320       -30.357047632139412        1.2181613742414913E-016
   1.8360000238418319       -30.367052615573797        4.3946328058079111E-017
   1.8370000238418318       -30.377059319886772       -7.9411785789160504E-017
   1.8380000238418317       -30.387067743282095        1.2567107848187536E-016
   1.8390000238418316       -30.397077883966915       -6.0908068712074566E-017
   1.8400000238418315       -30.407089740149239        1.0793834961633467E-017
   1.8410000238418314       -30.417103310041007        6.6304986192891292E-017
   1.8420000238418313       -30.427118591855944        1.8966310004013090E-016
   1.8430000238418311       -30.437135583809848       -1.5419764230904951E-018
   1.8440000238418310       -30.447154284121421        1.5419764230904951E-018
   1.8450000238418309       -30.457174691012199        2.7986872079092489E-016
   1.8460000238418308       -30.467196802705057       -1.0022846750088219E-017
   1.8470000238418307       -30.477220617425861        2.7755575615628914E-017
   1.8480000238418306       -30.487246133403115       -6.9388939039072284E-017
   1.8490000238418305       -30.497273348867473       -1.1796119636642288E-016
