   1.6000000238418579       -34.885586268551378       0.52120906539136391       0.28205446818092256     
   1.6010000238418578       -34.893601989501519       0.51959560797733195       0.28197775525040147     
   1.6020000238418577       -34.901627606778078       0.51796267318095368       0.28190115804923388     
   1.6030000238418576       -34.909663175897720       0.51630963939372532       0.28182467625356039     
   1.6040000238418575       -34.917708754091869       0.51463583138014990       0.28174830890346014     
   1.6050000238418574       -34.925764400404503       0.51294055344352174       0.28167205549167895     
   1.6060000238418572       -34.933830175798363       0.51122305050903394       0.28159591488157004     
   1.6070000238418571       -34.941906143269776       0.50948253604805716       0.28151988623404045     
   1.6080000238418570       -34.949992367973344       0.50771817452519252       0.28144396858259779     
   1.6090000238418569       -34.958088917357649       0.50592906376572289       0.28136816045433433     
   1.6100000238418568       -34.966195861313054       0.50411425706219815       0.28129246061896995     
   1.6110000238418567       -34.974313272333333       0.50227273965315833       0.28121686755961978     
   1.6120000238418566       -34.982441225692170       0.50040342717552677       0.28114137958528995     
   1.6130000238418565       -34.990579799637274       0.49850515878303781       0.28106599481088868     
   1.6140000238418564       -34.998729075604118       0.49657668936399041       0.28099071113440233     
   1.6150000238418563       -35.006889138451108       0.49461667591106079       0.28091552609083187     
   1.6160000238418561       -35.015060076719919       0.49262368644041249       0.28084043729928010     
   1.6170000238418560       -35.023241982925029       0.49059615544034696       0.28076544159926331     
   1.6180000238418559       -35.031434953875326       0.48853240366647888       0.28069053583440251     
   1.6190000238418558       -35.039639091033251       0.48643060398485044       0.28061571633431542     
   1.6200000238418557       -35.047854500918447       0.48428876852596958       0.28054097898027808     
   1.6210000238418556       -35.056081295560432       0.48210472814176186       0.28046631914131964     
   1.6220000238418555       -35.064319593011817       0.47987610363797512       0.28039173149567254     
   1.6230000238418554       -35.072569517930035       0.47760029608508842       0.28031721034986234     
   1.6240000238418553       -35.080831202240546       0.47527442069367454       0.28024274881867933     
   1.6250000238418552       -35.089104785897987       0.47289529475887904       0.28016833931067986     
   1.6260000238418550       -35.097390417763776       0.47045938950686117       0.28009397334793107     
   1.6270000238418549       -35.105688256623054       0.46796274409454625       0.28001964081285452     
   1.6280000238418548       -35.113998472373339       0.46540092701724056       0.27994533037306962     
   1.6290000238418547       -35.122321247422072       0.46276892525235130       0.27987102872644687     
   1.6300000238418546       -35.130656778343557       0.46006105395628122       0.27979672059404492     
   1.6310000238418545       -35.139005277860576       0.45727080032962991       0.27972238790399678     
   1.6320000238418544       -35.147366977237667       0.45439066723991978       0.27964800953432434     
   1.6330000238418543       -35.155742129203162       0.45141192325027446       0.27957356012497186     
   1.6340000238418542       -35.164131011559931       0.44832433780423425       0.27949900960049029     
   1.6350000238418541       -35.172533931710007       0.44511575052287955       0.27942432122800487     
   1.6360000238418539       -35.180951232413790       0.44177154199941604       0.27934944994512251     
   1.6370000238418538       -35.189383299253933       0.43827388405035056       0.27927433979217203     
   1.6380000238418537       -35.197830570515400       0.43460063153153228       0.27919891973116084     
   1.6390000238418536       -35.206293550592271       0.43072371557663058       0.27912309795490481     
   1.6400000238418535       -35.214772828729849       0.42660665765694245       0.27904675287884279     
   1.6410000238418534       -35.223269106194053       0.42220052620643772       0.27896971814487154     
   1.6420000238418533       -35.231783237485921       0.41743706764835758       0.27889175750333522     
   1.6430000238418532       -35.240316296630475       0.41221587659881770       0.27881251660990169     
   1.6440000238418531       -35.248869692509395       0.40637817470325771       0.27873142483865326     
   1.6450000238418530       -35.257445393319671       0.39964410517366500       0.27864745769922811     
   1.6460000238418528       -35.266046447553855       0.39142216715623407       0.27855840915387015     
   1.6470000238418527       -35.274678680486659       0.37985785382442977       0.27845722514676347     
   1.6480000238418526       -35.288535484807618       0.11999837167618906       0.27871581661164352     
   1.6490000238418525       -35.297557553841315       0.11999196355107718       0.27869263847116371     
   1.6500000238418524       -35.306582098575021       0.11998564446754756       0.27866947283661442     
   1.6510000238418523       -35.315609115896578       0.11997932537750426       0.27864632035721792     
   1.6520000238418522       -35.324638602698023       0.11997300748660690       0.27862317789831814     
   1.6530000238418521       -35.333670555877518       0.11996669072232098       0.27860004550218059     
   1.6540000238418520       -35.342704972336719       0.11996037309577789       0.27857692623480240     
   1.6550000238418519       -35.351741848983650       0.11995405464694715       0.27855381999194684     
   1.6560000238418517       -35.360781182730435       0.11994773733291936       0.27853072364288245     
   1.6570000238418516       -35.369822970494518       0.11994142109348058       0.27850763722236455     
   1.6580000238418515       -35.378867209197892       0.11993510395039023       0.27848456380589426     
   1.6590000238418514       -35.387913895768023       0.11992878593863360       0.27846150329749891     
   1.6600000238418513       -35.396963027136820       0.11992246901325429       0.27843845254485350     
   1.6610000238418512       -35.406014600241377       0.11991615311947385       0.27841541157548327     
   1.6620000238418511       -35.415068612023397       0.11990983627372870       0.27839238350018597     
   1.6630000238418510       -35.424125059430089       0.11990351850625521       0.27836936823079150     
   1.6640000238418509       -35.433183939413027       0.11989720178619755       0.27834636256730505     
   1.6650000238418508       -35.442245248928451       0.11989088508850160       0.27832336809901248     
   1.6660000238418506       -35.451308984937775       0.11988456933407174       0.27830038329297929     
   1.6670000238418505       -35.460375144407905       0.11987825260636099       0.27827741118538818     
   1.6680000238418504       -35.469443724309407       0.11987193492923942       0.27825445169871599     
   1.6690000238418503       -35.478514721618119       0.11986561821422123       0.27823150169478311     
   1.6700000238418502       -35.487588133315995       0.11985930241820514       0.27820856118483117     
   1.6710000238418501       -35.496663956387358       0.11985298558622325       0.27818563329438867     
   1.6720000238418500       -35.505742187823330       0.11984666870235018       0.27816271637994300     
   1.6730000238418499       -35.514822824619294       0.11984035083285294       0.27813981191979037     
   1.6740000238418498       -35.523905863775241       0.11983403385245217       0.27811691680476414     
   1.6750000238418497       -35.532991302295777       0.11982771772438344       0.27809403103760794     
   1.6760000238418495       -35.542079137191216       0.11982140052303790       0.27807115772932633     
   1.6770000238418494       -35.551169365475566       0.11981508321741946       0.27804829524540220     
   1.6780000238418493       -35.560261984168157       0.11980876488209323       0.27802544506704402     
   1.6790000238418492       -35.569356990292995       0.11980244737473272       0.27800260408246402     
   1.6800000238418491       -35.578454380879279       0.11979613066451059       0.27797977228617560     
   1.6810000238418490       -35.587554152959996       0.11978981283522740       0.27795695280690780     
   1.6820000238418489       -35.596656303573511       0.11978349485080164       0.27793414400276722     
   1.6830000238418488       -35.605760829763192       0.11977717578530826       0.27791134737291168     
   1.6840000238418487       -35.614867728576399       0.11977085749795505       0.27788855977189492     
   1.6850000238418485       -35.623976997065881       0.11976453996344978       0.27786578118628485     
   1.6860000238418484       -35.633088632288747       0.11975822125603071       0.27784301479444384     
   1.6870000238418483       -35.642202631306482       0.11975190234441443       0.27782025893085333     
   1.6880000238418482       -35.651318991186230       0.11974558229269701       0.27779751512825940     
   1.6890000238418481       -35.660437708998955       0.11973926298051261       0.27777478017558127     
   1.6900000238418480       -35.669558781820783       0.11973294343404109       0.27775205566636996     
   1.6910000238418479       -35.678682206731921       0.11972662456061205       0.27772934001666266     
   1.6920000238418478       -35.687807980818349       0.11972030448149489       0.27770663636578513     
   1.6930000238418477       -35.696936101169193       0.11971398414158846       0.27768394306988492     
   1.6940000238418476       -35.706066564879521       0.11970766262161597       0.27766126165328081     
   1.6950000238418474       -35.715199369048698       0.11970134176713401       0.27763858892525017     
   1.6960000238418473       -35.724334510780331       0.11969502062284877       0.27761592646889599     
   1.6970000238418472       -35.733471987182753       0.11968870008563783       0.27759327270026835     
   1.6980000238418471       -35.742611795369349       0.11968237830022400       0.27757063075851951     
   1.6990000238418470       -35.751753932457817       0.11967605619963845       0.27754799900155613     
   1.7000000238418469       -35.760898395570663       0.11966973287038700       0.27752537896408519     
   1.7010000238418468       -35.770045181834355       0.11966341014621164       0.27750276743774183     
   1.7020000238418467       -35.779194288380609       0.11965708707899560       0.27748016601437953     
   1.7030000238418466       -35.788345712345688       0.11965076456590849       0.27745757309143648     
   1.7040000238418465       -35.797499450869914       0.11964444075310915       0.27743499184597264     
   1.7050000238418463       -35.806655501098895       0.11963811657282715       0.27741242061829485     
   1.7060000238418462       -35.815813860182175       0.11963179110657356       0.27738986097236967     
   1.7070000238418461       -35.824974525274101       0.11962546619849762       0.27736730964358774     
   1.7080000238418460       -35.834137493533667       0.11961914089626038       0.27734476825228294     
   1.7090000238418459       -35.843302762124111       0.11961281519155320       0.27732223677126400     
   1.7100000238418458       -35.852470328213514       0.11960648995992401       0.27729971361467504     
   1.7110000238418457       -35.861640188974221       0.11960016339376923       0.27727720192548388     
   1.7120000238418456       -35.870812341583388       0.11959383640176270       0.27725470006320374     
   1.7130000238418455       -35.879986783222115       0.11958750808244445       0.27723220958616246     
   1.7140000238418454       -35.889163511076788       0.11958118024575771       0.27720972724469489     
   1.7150000238418452       -35.898342522337870       0.11957485195787027       0.27718725465144983     
   1.7160000238418451       -35.907523814199699       0.11956852321091735       0.27716479177990450     
   1.7170000238418450       -35.916707383862182       0.11956219487141305       0.27714233703915192     
   1.7180000238418449       -35.925893228529198       0.11955586515225806       0.27711989358241390     
   1.7190000238418448       -35.935081345409046       0.11954953495183723       0.27709745976575767     
   1.7200000238418447       -35.944271731714352       0.11954320337272255       0.27707503716401866     
   1.7210000238418446       -35.953464384662432       0.11953687221663792       0.27705262249762791     
   1.7220000238418445       -35.962659301474986       0.11953054055512692       0.27703021739432560     
   1.7230000238418444       -35.971856479378339       0.11952420838058492       0.27700782182808786     
   1.7240000238418443       -35.981055915602369       0.11951787656271565       0.27698543418138066     
   1.7250000238418441       -35.990257607382738       0.11951154331023181       0.27696305766182300     
   1.7260000238418440       -35.999461551958071       0.11950520952358978       0.27694069059967635     
   1.7270000238418439       -36.008667746572783       0.11949887519536458       0.27691833296924195     
   1.7280000238418438       -36.017876188474396       0.11949253945013687       0.27689598633296092     
   1.7290000238418437       -36.027086874915874       0.11948620404560439       0.27687364743981285     
   1.7300000238418436       -36.036299803153781       0.11947986807684934       0.27685131790308348     
   1.7310000238418435       -36.045514970449560       0.11947353153669783       0.27682899769738362     
   1.7320000238418434       -36.054732374068863       0.11946719528091876       0.27680668520607515     
   1.7330000238418433       -36.063952011281266       0.11946085754874256       0.27678438363518248     
   1.7340000238418432       -36.073173879361562       0.11945451922517115       0.27676209131766183     
   1.7350000238418430       -36.082397975588272       0.11944818030322067       0.27673980822848382     
   1.7360000238418429       -36.091624297243953       0.11944183991542429       0.27671753594288701     
   1.7370000238418428       -36.100852841616614       0.11943549980364744       0.27669527118743176     
   1.7380000238418427       -36.110083605997431       0.11942915907217319       0.27667301558678509     
   1.7390000238418426       -36.119316587682185       0.11942281771426738       0.27665076911633679     
   1.7400000238418425       -36.128551783971631       0.11941647658533755       0.27662853013521960     
   1.7410000238418424       -36.137789192169905       0.11941013392730755       0.27660630189855290     
   1.7420000238418423       -36.147028809586004       0.11940379062395243       0.27658408271622853     
   1.7430000238418422       -36.156270633532898       0.11939744666870775       0.27656187256389614     
   1.7440000238418421       -36.165514661327848       0.11939110205505547       0.27653967141721569     
   1.7450000238418419       -36.174760890292809       0.11938475593679539       0.27651748084175093     
   1.7460000238418418       -36.184009317753564       0.11937841001294396       0.27649529758723268     
   1.7470000238418417       -36.193259941040090       0.11937206341080146       0.27647312326668128     
   1.7480000238418416       -36.202512757487114       0.11936571612393641       0.27645095785607032     
   1.7490000238418415       -36.211767764432672       0.11935936899427589       0.27642879971243245     
   1.7500000238418414       -36.221024959220188       0.11935302029354726       0.27640665209574417     
   1.7510000238418413       -36.230284339196452       0.11934667089051341       0.27638451331547409     
   1.7520000238418412       -36.239545901712781       0.11934032077899835       0.27636238334788715     
   1.7530000238418411       -36.248809644124606       0.11933396995293376       0.27634026216927859     
   1.7540000238418409       -36.258075563791955       0.11932761757244004       0.27631815136370930     
   1.7550000238418408       -36.267343658078183       0.11932126532416056       0.27629604764721516     
   1.7560000238418407       -36.276613924352048       0.11931491234264167       0.27627395264994875     
   1.7570000238418406       -36.285886359985000       0.11930855862205776       0.27625186634863758     
   1.7580000238418405       -36.295160962354210       0.11930220415658575       0.27622978871977238     
   1.7590000238418404       -36.304437728839893       0.11929584976437921       0.27620771813499856     
   1.7600000238418403       -36.313716656826529       0.11928949376755717       0.27618565782529880     
   1.7610000238418402       -36.322997743703681       0.11928313700950063       0.27616360611681262     
   1.7620000238418401       -36.332280986863594       0.11927677948447811       0.27614156298666492     
   1.7630000238418400       -36.341566383704176       0.11927042118678963       0.27611952841171972     
   1.7640000238418398       -36.350853931626233       0.11926406129309136       0.27609750397859184     
   1.7650000238418397       -36.360143628035466       0.11925770145706927       0.27607548640235535     
   1.7660000238418396       -36.369435470341458       0.11925134083125737       0.27605347731371038     
   1.7670000238418395       -36.378729455957327       0.11924497941018318       0.27603147669018535     
   1.7680000238418394       -36.388025582301587       0.11923861718840897       0.27600948450894947     
   1.7690000238418393       -36.397323846795430       0.11923225497674012       0.27598749912533410     
   1.7700000238418392       -36.406624246865000       0.11922589111451666       0.27596552380385653     
   1.7710000238418391       -36.415926779940413       0.11921952643644018       0.27594355685575961     
   1.7720000238418390       -36.425231443455630       0.11921316093729123       0.27592159825874141     
   1.7730000238418389       -36.434538234848873       0.11920679461183958       0.27589964799051131     
   1.7740000238418387       -36.443847151562089       0.11920042663707361       0.27587770767100911     
   1.7750000238418386       -36.453158191042135       0.11919405866626646       0.27585577395131555     
   1.7760000238418385       -36.462471350738255       0.11918768985337641       0.27583384849492476     
   1.7770000238418384       -36.471786628106067       0.11918132019312888       0.27581193127977710     
   1.7780000238418383       -36.481104020602956       0.11917494968066716       0.27579002228398175     
   1.7790000238418382       -36.490423525691689       0.11916857831107729       0.27576812148550628     
   1.7800000238418381       -36.499745140838520       0.11916220688070342       0.27574622723406494     
   1.7810000238418380       -36.509068863513932       0.11915583376021795       0.27572434280614183     
   1.7820000238418379       -36.518394691192256       0.11914945976877199       0.27570246650896235     
   1.7830000238418378       -36.527722621351842       0.11914308490144077       0.27568059832104963     
   1.7840000238418376       -36.537052651475328       0.11913670915350655       0.27565873822082509     
   1.7850000238418375       -36.546384779049241       0.11913033252023378       0.27563688618671106     
   1.7860000238418374       -36.555719001563084       0.11912395420762539       0.27561504382113688     
   1.7870000238418373       -36.565055316511966       0.11911757581079217       0.27559320781513486     
   1.7880000238418372       -36.574393721393903       0.11911119651419971       0.27557137981214780     
   1.7890000238418371       -36.583734213711175       0.11910481631328729       0.27554955979100793     
   1.7900000238418370       -36.593076790969882       0.11909843520355695       0.27552774773054955     
   1.7910000238418369       -36.602421450680097       0.11909205318056262       0.27550594360963371     
   1.7920000238418368       -36.611768190355903       0.11908567102204086       0.27548414577861108     
   1.7930000238418367       -36.621117007515636       0.11907928713863764       0.27546235751326725     
   1.7940000238418365       -36.630467899680568       0.11907290232935089       0.27544057712338660     
   1.7950000238418364       -36.639820864376716       0.11906651658988343       0.27541880458827589     
   1.7960000238418363       -36.649175899134192       0.11906012991583952       0.27539703988704711     
   1.7970000238418362       -36.658533001485971       0.11905374230300945       0.27537528299919517     
   1.7980000238418361       -36.667892168970091       0.11904735296787093       0.27535353554615150     
