   3.0000000000000000       -30.224908554274695       0.45707762052798567     
   2.9990000000000001       -30.216682391821358       0.45694037319476011     
   2.9980000000000002       -30.208458702954658       0.45680277761760446     
   2.9970000000000003       -30.200237493946730       0.45666483331403335     
   2.9960000000000004       -30.192018771079653       0.45652653973217372     
   2.9950000000000006       -30.183802540645441       0.45638789631963284     
   2.9940000000000007       -30.175588808946067       0.45624890252348599     
   2.9930000000000008       -30.167377582293451       0.45610955628953953     
   2.9920000000000009       -30.159168867009484       0.45596985998764555     
   2.9910000000000010       -30.150962669426036       0.45582981163608177     
   2.9900000000000011       -30.142758995884979       0.45568941067945645     
   2.9890000000000012       -30.134557852738176       0.45554865656174037     
   2.9880000000000013       -30.126359246347505       0.45540754872625860     
   2.9870000000000014       -30.118163183084874       0.45526608661568069     
   2.9860000000000015       -30.109969669332223       0.45512426967199754     
   2.9850000000000017       -30.101778711481519       0.45498209733652090     
   2.9840000000000018       -30.093590315934833       0.45483956904982636     
   2.9830000000000019       -30.085404489104285       0.45469668425176174     
   2.9820000000000020       -30.077221237412072       0.45455344385529561     
   2.9810000000000021       -30.069040567290518       0.45440984443034460     
   2.9800000000000022       -30.060862485182057       0.45426588681311070     
   2.9790000000000023       -30.052686997539233       0.45412157044052504     
   2.9780000000000024       -30.044514110824753       0.45397689474867003     
   2.9770000000000025       -30.036343831511488       0.45383185917277635     
   2.9760000000000026       -30.028176166082456       0.45368646314719668     
   2.9750000000000028       -30.020011121030901       0.45354070610538344     
   2.9740000000000029       -30.011848702860249       0.45339458747986733     
   2.9730000000000030       -30.003688918084169       0.45324810670222859     
   2.9720000000000031       -29.995531773226560       0.45310126320307553     
   2.9710000000000032       -29.987377274821597       0.45295405488397361     
   2.9700000000000033       -29.979225429413709       0.45280648414416802     
   2.9690000000000034       -29.971076243557654       0.45265854896387364     
   2.9680000000000035       -29.962929723818462       0.45251024876930707     
   2.9670000000000036       -29.954785876771552       0.45236158298555001     
   2.9660000000000037       -29.946644709002669       0.45221255103652513     
   2.9650000000000039       -29.938506227107929       0.45206315234498085     
   2.9640000000000040       -29.930370437693881       0.45191338633244871     
   2.9630000000000041       -29.922237347377450       0.45176325241922061     
   2.9620000000000042       -29.914106962786050       0.45161275002430934     
   2.9610000000000043       -29.905979290557525       0.45146188013610800     
   2.9600000000000044       -29.897854337340235       0.45131063912073432     
   2.9590000000000045       -29.889732109793048       0.45115902787788670     
   2.9580000000000046       -29.881612614585364       0.45100704582143880     
   2.9570000000000047       -29.873495858397153       0.45085469236381986     
   2.9560000000000048       -29.865381847918975       0.45070196691597986     
   2.9550000000000050       -29.857270589852021       0.45054886888736878     
   2.9540000000000051       -29.849162090908113       0.45039539768588166     
   2.9530000000000052       -29.841056357809755       0.45024155271783717     
   2.9520000000000053       -29.832953397290154       0.45008733179072419     
   2.9510000000000054       -29.824853216093246       0.44993273740597278     
   2.9500000000000055       -29.816755820973750       0.44977776745801751     
   2.9490000000000056       -29.808661218697146       0.44962242134614411     
   2.9480000000000057       -29.800569416039764       0.44946669846777643     
   2.9470000000000058       -29.792480419788802       0.44931059821849356     
   2.9460000000000059       -29.784394236742330       0.44915411999197441     
   2.9450000000000061       -29.776310873709360       0.44899726317994315     
   2.9440000000000062       -29.768230337509863       0.44884002717212712     
   2.9430000000000063       -29.760152634974819       0.44868241304499407     
   2.9420000000000064       -29.752077772946233       0.44852441691159484     
   2.9410000000000065       -29.744005758277183       0.44836603974548161     
   2.9400000000000066       -29.735936597831873       0.44820728092828066     
   2.9390000000000067       -29.727870298485666       0.44804813983936559     
   2.9380000000000068       -29.719806867125094       0.44788861585581191     
   2.9370000000000069       -29.711746310647950       0.44772870835235523     
   2.9360000000000070       -29.703688635963307       0.44756841670132097     
   2.9350000000000072       -29.695633849991541       0.44740773852328292     
   2.9340000000000073       -29.687581959664413       0.44724667657174344     
   2.9330000000000074       -29.679532971925092       0.44708522856748911     
   2.9320000000000075       -29.671486893728225       0.44692339387222496     
   2.9310000000000076       -29.663443732039944       0.44676117184490255     
   2.9300000000000077       -29.655403493837973       0.44659856184166802     
   2.9290000000000078       -29.647366186111615       0.44643556321580191     
   2.9280000000000079       -29.639331815861858       0.44627217707624556     
   2.9270000000000080       -29.631300390101398       0.44610839936997748     
   2.9260000000000081       -29.623271915854694       0.44594423109060394     
   2.9250000000000083       -29.615246400158057       0.44577967157973536     
   2.9240000000000084       -29.607223850059654       0.44561472017575732     
   2.9230000000000085       -29.599204272619613       0.44544937621378111     
   2.9220000000000086       -29.591187674910060       0.44528363902555956     
   2.9210000000000087       -29.583174064015175       0.44511750611300172     
   2.9200000000000088       -29.575163447031279       0.44495098032861996     
   2.9190000000000089       -29.567155831066870       0.44478405928389353     
   2.9180000000000090       -29.559151223242711       0.44461674229582765     
   2.9170000000000091       -29.551149630691899       0.44444902867758995     
   2.9160000000000093       -29.543151060559900       0.44428091773847045     
   2.9150000000000094       -29.535155520004668       0.44411241060939932     
   2.9140000000000095       -29.527163016196681       0.44394350306937119     
   2.9130000000000096       -29.519173556319018       0.44377419612095270     
   2.9120000000000097       -29.511187147567455       0.44360448905753569     
   2.9110000000000098       -29.503203797150533       0.44343438116816136     
   2.9100000000000099       -29.495223512289630       0.44326387173743281     
   2.9090000000000100       -29.487246300219041       0.44309295816950428     
   2.9080000000000101       -29.479272168186093       0.44292164335506828     
   2.9070000000000102       -29.471301123451177       0.44274992481563191     
   2.9060000000000104       -29.463333173287872       0.44257780181634532     
   2.9050000000000105       -29.455368324983013       0.44240527361730980     
   2.9040000000000106       -29.447406585836827       0.44223234131338129     
   2.9030000000000107       -29.439447963162955       0.44205900061249298     
   2.9020000000000108       -29.431492464288603       0.44188525247100396     
   2.9010000000000109       -29.423540096554614       0.44171109612850290     
   2.9000000000000110       -29.415590867315586       0.44153653081896282     
   2.8990000000000111       -29.407644783939958       0.44136155392433696     
   2.8980000000000112       -29.399701853810104       0.44118616821725876     
   2.8970000000000113       -29.391762084322476       0.44101037119945585     
   2.8960000000000115       -29.383825482887691       0.44083416208049109     
   2.8950000000000116       -29.375892056930624       0.44065754006359908     
   2.8940000000000117       -29.367961813890574       0.44048050623870749     
   2.8930000000000118       -29.360034761221321       0.44030305615984816     
   2.8920000000000119       -29.352110906391289       0.44012519076512968     
   2.8910000000000120       -29.344190256883650       0.43994690923199414     
   2.8900000000000121       -29.336272820196449       0.43976821073085304     
   2.8890000000000122       -29.328358603842752       0.43958909243993244     
   2.8880000000000123       -29.320447615350730       0.43940955732362430     
   2.8870000000000124       -29.312539862263861       0.43922960269394817     
   2.8860000000000126       -29.304635352140995       0.43904922769070226     
   2.8850000000000127       -29.296734092556552       0.43886843340790299     
   2.8840000000000128       -29.288836091100631       0.43868721520911436     
   2.8830000000000129       -29.280941355379166       0.43850557402138374     
   2.8820000000000130       -29.273049893014100       0.43832350895287747     
   2.8810000000000131       -29.265161711643479       0.43814101712852971     
   2.8800000000000132       -29.257276818921667       0.43795810141906888     
   2.8790000000000133       -29.249395222519478       0.43777475908673963     
   2.8780000000000134       -29.241516930124362       0.43759098920309103     
   2.8770000000000135       -29.233641949440528       0.43740679285187256     
   2.8760000000000137       -29.225770288189160       0.43722216521998758     
   2.8750000000000138       -29.217901954108576       0.43703710720915773     
   2.8740000000000139       -29.210036954954404       0.43685161592083799     
   2.8730000000000140       -29.202175298499775       0.43666569406885403     
   2.8720000000000141       -29.194316992535477       0.43647933889268375     
   2.8710000000000142       -29.186462044870218       0.43629254939335410     
   2.8700000000000143       -29.178610463330727       0.43610532660487111     
   2.8690000000000144       -29.170762255762035       0.43591766560658085     
   2.8680000000000145       -29.162917430027640       0.43572956723804995     
   2.8670000000000146       -29.155075994009714       0.43554102844616804     
   2.8660000000000148       -29.147237955609327       0.43535205200589766     
   2.8650000000000149       -29.139403322746674       0.43516263501225017     
   2.8640000000000150       -29.131572103361268       0.43497277838619486     
   2.8630000000000151       -29.123744305412213       0.43478247722280849     
   2.8620000000000152       -29.115919936878388       0.43459173224167574     
   2.8610000000000153       -29.108099005758721       0.43440054030276554     
   2.8600000000000154       -29.100281520072421       0.43420890411542257     
   2.8590000000000155       -29.092467487859224       0.43401682069252862     
   2.8580000000000156       -29.084656917179636       0.43382429093771363     
   2.8570000000000157       -29.076849816115224       0.43363130975034619     
   2.8560000000000159       -29.069046192768862       0.43343787781614640     
   2.8550000000000160       -29.061246055264981       0.43324399178949291     
   2.8540000000000161       -29.053449411749888       0.43304965450851263     
   2.8530000000000162       -29.045656270392019       0.43285486482534502     
   2.8520000000000163       -29.037866639382255       0.43265961763828564     
   2.8510000000000164       -29.030080526934178       0.43246391351379887     
   2.8500000000000165       -29.022297941284407       0.43226774901183246     
   2.8490000000000166       -29.014518890692898       0.43207112690335997     
   2.8480000000000167       -29.006743383443251       0.43187404600429480     
   2.8470000000000169       -28.998971427843031       0.43167650103519217     
   2.8460000000000170       -28.991203032224114       0.43147849048105386     
   2.8450000000000171       -28.983438204943003       0.43128001680368633     
   2.8440000000000172       -28.975676954381171       0.43108107677669238     
   2.8430000000000173       -28.967919288945442       0.43088167121302101     
   2.8420000000000174       -28.960165217068297       0.43068179446740490     
   2.8410000000000175       -28.952414747208280       0.43048144486536521     
   2.8400000000000176       -28.944667887850365       0.43028062511099963     
   2.8390000000000177       -28.936924647506302       0.43007933394305342     
   2.8380000000000178       -28.929185034715069       0.42987756564796770     
   2.8370000000000180       -28.921449058043201       0.42967531841911710     
   2.8360000000000181       -28.913716726085248       0.42947259492823597     
   2.8350000000000182       -28.905988047464142       0.42926939387466256     
   2.8340000000000183       -28.898263030831664       0.42906570721916348     
   2.8330000000000184       -28.890541684868850       0.42886153931930548     
   2.8320000000000185       -28.882824018286421       0.42865688882265407     
   2.8310000000000186       -28.875110039825245       0.42845174995742885     
   2.8300000000000187       -28.867399758256816       0.42824612066645429     
   2.8290000000000188       -28.859693182383666       0.42804000559411787     
   2.8280000000000189       -28.851990321039892       0.42783339699689382     
   2.8270000000000191       -28.844291183091624       0.42762629270657115     
   2.8260000000000192       -28.836595777437509       0.42741869721347592     
   2.8250000000000193       -28.828904113009227       0.42721060274535294     
   2.8240000000000194       -28.821216198772014       0.42700200700934471     
   2.8230000000000195       -28.813532043725168       0.42679291449872903     
   2.8220000000000196       -28.805851656902615       0.42658331725545479     
   2.8210000000000197       -28.798175047373405       0.42637321284522817     
   2.8200000000000198       -28.790502224242335       0.42616260592707383     
   2.8190000000000199       -28.782833196650458       0.42595148600301530     
   2.8180000000000200       -28.775167973775702       0.42573985704698630     
   2.8170000000000202       -28.767506564833422       0.42552771749483159     
   2.8160000000000203       -28.759848979077042       0.42531505831451832     
   2.8150000000000204       -28.752195225798637       0.42510188619683470     
   2.8140000000000205       -28.744545314329574       0.42488819027871383     
   2.8130000000000206       -28.736899254041131       0.42467397683506253     
   2.8120000000000207       -28.729257054345148       0.42445923519783429     
   2.8110000000000208       -28.721618724694707       0.42424397137675535     
   2.8100000000000209       -28.713984274584774       0.42402817474901461     
   2.8090000000000210       -28.706353713552897       0.42381185119936354     
   2.8080000000000211       -28.698727051179890       0.42359499000712586     
   2.8070000000000213       -28.691104297090551       0.42337759706913064     
   2.8060000000000214       -28.683485460954376       0.42315966142323896     
   2.8050000000000215       -28.675870552486295       0.42294118911938572     
   2.8040000000000216       -28.668259581447394       0.42272216880267338     
   2.8030000000000217       -28.660652557645726       0.42250260463592748     
   2.8020000000000218       -28.653049490937015       0.42228249355472186     
   2.8010000000000219       -28.645450391225467       0.42206182663435066     
   2.8000000000000220       -28.637855268464573       0.42184060977956056     
   2.7990000000000221       -28.630264132657913       0.42161883341840062     
   2.7980000000000222       -28.622676993859951       0.42139649494119458     
   2.7970000000000224       -28.615093862176913       0.42117359581858005     
   2.7960000000000225       -28.607514747767581       0.42095013295471539     
   2.7950000000000226       -28.599939660844203       0.42072609900542157     
   2.7940000000000227       -28.592368611673315       0.42050149099379563     
   2.7930000000000228       -28.584801610576658       0.42027631027222145     
   2.7920000000000229       -28.577238667932054       0.42005055141938885     
   2.7910000000000230       -28.569679794174331       0.41982421124414721     
   2.7900000000000231       -28.562124999796236       0.41959728650355177     
   2.7890000000000232       -28.554574295349362       0.41936977612354043     
   2.7880000000000233       -28.547027691445102       0.41914167232341260     
   2.7870000000000235       -28.539485198755592       0.41891297167045355     
   2.7860000000000236       -28.531946828014711       0.41868367518157740     
   2.7850000000000237       -28.524412590019004       0.41845377711382281     
   2.7840000000000238       -28.516882495628739       0.41822327390027603     
   2.7830000000000239       -28.509356555768864       0.41799216426719976     
   2.7820000000000240       -28.501834781430027       0.41776043770467342     
   2.7810000000000241       -28.494317183669608       0.41752809709582789     
   2.7800000000000242       -28.486803773612756       0.41729513889352959     
   2.7790000000000243       -28.479294562453401       0.41706155229710656     
   2.7780000000000244       -28.471789561455349       0.41682734254996417     
   2.7770000000000246       -28.464288781953304       0.41659249874851373     
   2.7760000000000247       -28.456792235353955       0.41635701706635808     
   2.7750000000000248       -28.449299933137034       0.41612089782270190     
   2.7740000000000249       -28.441811886856442       0.41588413686388598     
   2.7730000000000250       -28.434328108141258       0.41564672546135634     
   2.7720000000000251       -28.426848608696922       0.41540865931371307     
   2.7710000000000252       -28.419373400306270       0.41516993864893004     
   2.7700000000000253       -28.411902494830677       0.41493055917309213     
   2.7690000000000254       -28.404435904211105       0.41469050945896796     
   2.7680000000000256       -28.396973640469305       0.41444979195355086     
   2.7670000000000257       -28.389515715708846       0.41420840198390318     
   2.7660000000000258       -28.382062142116261       0.41396632807533779     
   2.7650000000000259       -28.374612931962162       0.41372357236156243     
   2.7640000000000260       -28.367168097602317       0.41348013020341473     
   2.7630000000000261       -28.359727651478806       0.41323599204944250     
   2.7620000000000262       -28.352291606121099       0.41299115540358383     
   2.7610000000000263       -28.344859974147127       0.41274561293360168     
   2.7600000000000264       -28.337432768264435       0.41249936432656653     
   2.7590000000000265       -28.330010001271226       0.41225240443907940     
   2.7580000000000267       -28.322591686057439       0.41200472129571580     
   2.7570000000000268       -28.315177835605834       0.41175631890493780     
   2.7560000000000269       -28.307768462993021       0.41150718509618828     
   2.7550000000000270       -28.300363581390531       0.41125731686145606     
   2.7540000000000271       -28.292963204065835       0.41100670656394905     
   2.7530000000000272       -28.285567344383313       0.41075535341337105     
   2.7520000000000273       -28.278176015805307       0.41050324959466372     
   2.7510000000000274       -28.270789231893051       0.41025039195550445     
   2.7500000000000275       -28.263407006307649       0.40999677021445385     
   2.7490000000000276       -28.256029352810955       0.40974238113469036     
   2.7480000000000278       -28.248656285266527       0.40948721901904217     
   2.7470000000000279       -28.241287817640472       0.40923127814113003     
   2.7460000000000280       -28.233923964002280       0.40897455274695460     
   2.7450000000000281       -28.226564738525646       0.40871703467521975     
   2.7440000000000282       -28.219210155489250       0.40845872506930297     
   2.7430000000000283       -28.211860229277487       0.40819961107036384     
   2.7420000000000284       -28.204514974381166       0.40793968669760533     
