   2.7999999523162842       -28.660209668884647       0.33084388994918945     
   2.7989999523162843       -28.654254559665620       0.33083490701540819     
   2.7979999523162844       -28.648299612419656       0.33082589292748910     
   2.7969999523162845       -28.642344827708506       0.33081684757584912     
   2.7959999523162846       -28.636390206095918       0.33080777084489360     
   2.7949999523162847       -28.630435748147754       0.33079866261863444     
   2.7939999523162848       -28.624481454432058       0.33078952278064122     
   2.7929999523162850       -28.618527325518780       0.33078035121416366     
   2.7919999523162851       -28.612573361980171       0.33077114780199984     
   2.7909999523162852       -28.606619564390460       0.33076191242658254     
   2.7899999523162853       -28.600665933326081       0.33075264496992529     
   2.7889999523162854       -28.594712469365540       0.33074334531365096     
   2.7879999523162855       -28.588759173089507       0.33073401333898506     
   2.7869999523162856       -28.582806045080780       0.33072464892674397     
   2.7859999523162857       -28.576853085924327       0.33071525195734403     
   2.7849999523162858       -28.570900296207231       0.33070582231079754     
   2.7839999523162859       -28.564947676518798       0.33069635986670937     
   2.7829999523162861       -28.558995227450442       0.33068686450428658     
   2.7819999523162862       -28.553042949595781       0.33067733610231931     
   2.7809999523162863       -28.547090843550635       0.33066777453919455     
   2.7799999523162864       -28.541138909913016       0.33065817969288236     
   2.7789999523162865       -28.535187149283082       0.33064855144095057     
   2.7779999523162866       -28.529235562263288       0.33063888966054988     
   2.7769999523162867       -28.523284149458203       0.33062919422842441     
   2.7759999523162868       -28.517332911474728       0.33061946502089312     
   2.7749999523162869       -28.511381848921900       0.33060970191386985     
   2.7739999523162870       -28.505430962411015       0.33059990478284551     
   2.7729999523162872       -28.499480252555674       0.33059007350289565     
   2.7719999523162873       -28.493529719971644       0.33058020794868220     
   2.7709999523162874       -28.487579365277032       0.33057030799443637     
   2.7699999523162875       -28.481629189092143       0.33056037351397577     
   2.7689999523162876       -28.475679192039596       0.33055040438069960     
   2.7679999523162877       -28.469729374744293       0.33054040046757638     
   2.7669999523162878       -28.463779737833406       0.33053036164715066     
   2.7659999523162879       -28.457830281936427       0.33052028779154974     
   2.7649999523162880       -28.451881007685138       0.33051017877246391     
   2.7639999523162881       -28.445931915713643       0.33050003446115939     
   2.7629999523162883       -28.439983006658370       0.33048985472847953     
   2.7619999523162884       -28.434034281158041       0.33047963944483499     
   2.7609999523162885       -28.428085739853774       0.33046938848019991     
   2.7599999523162886       -28.422137383388989       0.33045910170412640     
   2.7589999523162887       -28.416189212409471       0.33044877898572328     
   2.7579999523162888       -28.410241227563372       0.33043842019366720     
   2.7569999523162889       -28.404293429501191       0.33042802519621178     
   2.7559999523162890       -28.398345818875811       0.33041759386115566     
   2.7549999523162891       -28.392398396342514       0.33040712605587996     
   2.7539999523162892       -28.386451162558959       0.33039662164729972     
   2.7529999523162894       -28.380504118185204       0.33038608050192358     
   2.7519999523162895       -28.374557263883716       0.33037550248579728     
   2.7509999523162896       -28.368610600319382       0.33036488746453124     
   2.7499999523162897       -28.362664128159480       0.33035423530329128     
   2.7489999523162898       -28.356717848073796       0.33034354586680253     
   2.7479999523162899       -28.350771760734471       0.33033281901934086     
   2.7469999523162900       -28.344825866816141       0.33032205462474068     
   2.7459999523162901       -28.338880166995860       0.33031125254639004     
   2.7449999523162902       -28.332934661953217       0.33030041264721771     
   2.7439999523162903       -28.326989352370170       0.33028953478972006     
   2.7429999523162905       -28.321044238931250       0.33027861883593129     
   2.7419999523162906       -28.315099322323420       0.33026766464743651     
   2.7409999523162907       -28.309154603236152       0.33025667208536746     
   2.7399999523162908       -28.303210082361407       0.33024564101041826     
   2.7389999523162909       -28.297265760393707       0.33023457128279848     
   2.7379999523162910       -28.291321638030066       0.33022346276228809     
   2.7369999523162911       -28.285377715969993       0.33021231524467332     
   2.7359999523162912       -28.279433994915571       0.33020112871461810     
   2.7349999523162913       -28.273490475571453       0.33018990296821032     
   2.7339999523162914       -28.267547158644742       0.33017863786339513     
   2.7329999523162916       -28.261604044845214       0.33016733325764647     
   2.7319999523162917       -28.255661134885198       0.33015598900797705     
   2.7309999523162918       -28.249718429479529       0.33014460497093900     
   2.7299999523162919       -28.243775929345681       0.33013318100262512     
   2.7289999523162920       -28.237833635203753       0.33012171695865616     
   2.7279999523162921       -28.231891547776357       0.33011021269419571     
   2.7269999523162922       -28.225949667788793       0.33009866806393795     
   2.7259999523162923       -28.220007995968945       0.33008708292210742     
   2.7249999523162924       -28.214066533047426       0.33007545712240494     
   2.7239999523162925       -28.208125279757265       0.33006379051819645     
   2.7229999523162927       -28.202184236834324       0.33005208296226296     
   2.7219999523162928       -28.196243405017054       0.33004033430695373     
   2.7209999523162929       -28.190302785046573       0.33002854440413376     
   2.7199999523162930       -28.184362377666698       0.33001671310519654     
   2.7189999523162931       -28.178422183623880       0.33000484026107513     
   2.7179999523162932       -28.172482203667265       0.32999292572220806     
   2.7169999523162933       -28.166542438548756       0.32998096933856780     
   2.7159999523162934       -28.160602889022854       0.32996897095964572     
   2.7149999523162935       -28.154663555846881       0.32995693043445740     
   2.7139999523162937       -28.148724439780807       0.32994484761153947     
   2.7129999523162938       -28.142785541587358       0.32993272233894516     
   2.7119999523162939       -28.136846862032005       0.32992055446424662     
   2.7109999523162940       -28.130908401882966       0.32990834383453471     
   2.7099999523162941       -28.124970161911197       0.32989609029642319     
   2.7089999523162942       -28.119032142890422       0.32988379369603726     
   2.7079999523162943       -28.113094345597197       0.32987145387900402     
   2.7069999523162944       -28.107156770810768       0.32985907069048997     
   2.7059999523162945       -28.101219419313249       0.32984664397515495     
   2.7049999523162946       -28.095282291889511       0.32983417357718037     
   2.7039999523162948       -28.089345389327235       0.32982165934025576     
   2.7029999523162949       -28.083408712416961       0.32980910110758055     
   2.7019999523162950       -28.077472261952007       0.32979649872187605     
   2.7009999523162951       -28.071536038728574       0.32978385202534949     
   2.6999999523162952       -28.065600043545619       0.32977116085974001     
   2.6989999523162953       -28.059664277205087       0.32975842506627001     
   2.6979999523162954       -28.053728740511673       0.32974564448569188     
   2.6969999523162955       -28.047793434272982       0.32973281895825174     
   2.6959999523162956       -28.041858359299507       0.32971994832369506     
   2.6949999523162957       -28.035923516404608       0.32970703242128252     
   2.6939999523162959       -28.029988906404579       0.32969407108977000     
   2.6929999523162960       -28.024054530118573       0.32968106416742171     
   2.6919999523162961       -28.018120388368715       0.32966801149199509     
   2.6909999523162962       -28.012186481980017       0.32965491290074911     
   2.6899999523162963       -28.006252811780403       0.32964176823045227     
   2.6889999523162964       -28.000319378600807       0.32962857731736417     
   2.6879999523162965       -27.994386183275051       0.32961533999724313     
   2.6869999523162966       -27.988453226639944       0.32960205610534837     
   2.6859999523162967       -27.982520509535266       0.32958872547642754     
   2.6849999523162968       -27.976588032803804       0.32957534794473203     
   2.6839999523162970       -27.970655797291272       0.32956192334400936     
   2.6829999523162971       -27.964723803846411       0.32954845150749523     
   2.6819999523162972       -27.958792053320984       0.32953493226791936     
   2.6809999523162973       -27.952860546569742       0.32952136545750821     
   2.6799999523162974       -27.946929284450498       0.32950775090798345     
   2.6789999523162975       -27.940998267824032       0.32949408845054895     
   2.6779999523162976       -27.935067497554243       0.32948037791590029     
   2.6769999523162977       -27.929136974508047       0.32946661913423952     
   2.6759999523162978       -27.923206699555408       0.32945281193522785     
   2.6749999523162979       -27.917276673569397       0.32943895614804619     
   2.6739999523162981       -27.911346897426128       0.32942505160134417     
   2.6729999523162982       -27.905417372004788       0.32941109812326147     
   2.6719999523162983       -27.899488098187742       0.32939709554143853     
   2.6709999523162984       -27.893559076860406       0.32938304368297777     
   2.6699999523162985       -27.887630308911273       0.32936894237449138     
   2.6689999523162986       -27.881701795232065       0.32935479144205360     
   2.6679999523162987       -27.875773536717549       0.32934059071124094     
   2.6669999523162988       -27.869845534265682       0.32932634000710626     
   2.6659999523162989       -27.863917788777542       0.32931203915418739     
   2.6649999523162990       -27.857990301157447       0.32929768797649339     
   2.6639999523162992       -27.852063072312724       0.32928328629754045     
   2.6629999523162993       -27.846136103154098       0.32926883394029499     
   2.6619999523162994       -27.840209394595320       0.32925433072722327     
   2.6609999523162995       -27.834282947553397       0.32923977648027225     
   2.6599999523162996       -27.828356762948584       0.32922517102085180     
   2.6589999523162997       -27.822430841704275       0.32921051416987451     
   2.6579999523162998       -27.816505184747115       0.32919580574773083     
   2.6569999523162999       -27.810579793007069       0.32918104557426031     
   2.6559999523163000       -27.804654667417314       0.32916623346874418     
   2.6549999523163001       -27.798729808914135       0.32915136925008681     
   2.6539999523163003       -27.792805218437238       0.32913645273654452     
   2.6529999523163004       -27.786880896929620       0.32912148374586941     
   2.6519999523163005       -27.780956845337460       0.32910646209531097     
   2.6509999523163006       -27.775033064610327       0.32909138760157808     
   2.6499999523163007       -27.769109555701043       0.32907626008085739     
   2.6489999523163008       -27.763186319565754       0.32906107934881845     
   2.6479999523163009       -27.757263357163904       0.32904584522059754     
   2.6469999523163010       -27.751340669458305       0.32903055751080212     
   2.6459999523163011       -27.745418257415110       0.32901521603351569     
   2.6449999523163013       -27.739496122003786       0.32899982060230237     
   2.6439999523163014       -27.733574264197220       0.32898437103017675     
   2.6429999523163015       -27.727652684971577       0.32896886712965479     
   2.6419999523163016       -27.721731385306537       0.32895330871269923     
   2.6409999523163017       -27.715810366185018       0.32893769559075459     
   2.6399999523163018       -27.709889628593452       0.32892202757473576     
   2.6389999523163019       -27.703969173521635       0.32890630447502806     
   2.6379999523163020       -27.698049001962776       0.32889052610148567     
   2.6369999523163021       -27.692129114913516       0.32887469226343696     
   2.6359999523163022       -27.686209513373939       0.32885880276967216     
   2.6349999523163024       -27.680290198347574       0.32884285742846214     
   2.6339999523163025       -27.674371170841415       0.32882685604753087     
   2.6329999523163026       -27.668452431865887       0.32881079843408934     
   2.6319999523163027       -27.662533982434933       0.32879468439480453     
   2.6309999523163028       -27.656615823565936       0.32877851373582145     
   2.6299999523163029       -27.650697956279835       0.32876228626274079     
   2.6289999523163030       -27.644780381601024       0.32874600178064478     
   2.6279999523163031       -27.638863100557405       0.32872966009407673     
   2.6269999523163032       -27.632946114180438       0.32871326100705045     
   2.6259999523163033       -27.627029423505110       0.32869680432304055     
   2.6249999523163035       -27.621113029569923       0.32868028984499831     
   2.6239999523163036       -27.615196933416936       0.32866371737533856     
   2.6229999523163037       -27.609281136091802       0.32864708671594484     
   2.6219999523163038       -27.603365638643712       0.32863039766816665     
   2.6209999523163039       -27.597450442125464       0.32861365003281939     
   2.6199999523163040       -27.591535547593377       0.32859684361019270     
   2.6189999523163041       -27.585620956107483       0.32857997820003049     
   2.6179999523163042       -27.579706668731340       0.32856305360155247     
   2.6169999523163043       -27.573792686532133       0.32854606961344868     
   2.6159999523163044       -27.567879010580754       0.32852902603386452     
   2.6149999523163046       -27.561965641951591       0.32851192266042378     
   2.6139999523163047       -27.556052581722799       0.32849475929021227     
   2.6129999523163048       -27.550139830976139       0.32847753571978211     
   2.6119999523163049       -27.544227390797051       0.32846025174515581     
   2.6109999523163050       -27.538315262274651       0.32844290716182017     
   2.6099999523163051       -27.532403446501736       0.32842550176473168     
   2.6089999523163052       -27.526491944574815       0.32840803534830953     
   2.6079999523163053       -27.520580757594061       0.32839050770645062     
   2.6069999523163054       -27.514669886663402       0.32837291863250950     
   2.6059999523163055       -27.508759332890513       0.32835526791930891     
   2.6049999523163057       -27.502849097386736       0.32833755535913839     
   2.6039999523163058       -27.496939181267191       0.32831978074377544     
   2.6029999523163059       -27.491029585650761       0.32830194386443923     
   2.6019999523163060       -27.485120311660033       0.32828404451183335     
   2.6009999523163061       -27.479211360421484       0.32826608247611966     
   2.5999999523163062       -27.473302733065260       0.32824805754693909     
   2.5989999523163063       -27.467394430725331       0.32822996951339883     
   2.5979999523163064       -27.461486454539507       0.32821181816406969     
   2.5969999523163065       -27.455578805649367       0.32819360328700253     
   2.5959999523163066       -27.449671485200312       0.32817532466970656     
   2.5949999523163068       -27.443764494341579       0.32815698209917565     
   2.5939999523163069       -27.437857834226275       0.32813857536186136     
   2.5929999523163070       -27.431951506011295       0.32812010424369142     
   2.5919999523163071       -27.426045510857431       0.32810156853006761     
   2.5909999523163072       -27.420139849929345       0.32808296800586156     
   2.5899999523163073       -27.414234524395560       0.32806430257499009     
   2.5889999523163074       -27.408329535428507       0.32804557178505384     
   2.5879999523163075       -27.402424884204486       0.32802677553604664     
   2.5869999523163076       -27.396520571903746       0.32800791361071985     
   2.5859999523163077       -27.390616599710352       0.32798898579136321     
   2.5849999523163079       -27.384712968812387       0.32796999185966802     
   2.5839999523163080       -27.378809680401858       0.32795093159681921     
   2.5829999523163081       -27.372906735674672       0.32793180478349288     
   2.5819999523163082       -27.367004135830765       0.32791261119981668     
   2.5809999523163083       -27.361101882073928       0.32789335062542319     
   2.5799999523163084       -27.355199975612024       0.32787402283940054     
   2.5789999523163085       -27.349298417656833       0.32785462762032541     
   2.5779999523163086       -27.343397209424172       0.32783516474625252     
   2.5769999523163087       -27.337496352133797       0.32781563399471064     
   2.5759999523163088       -27.331595847009538       0.32779603514271510     
   2.5749999523163090       -27.325695695279194       0.32777636796675819     
   2.5739999523163091       -27.319795898174632       0.32775663224281704     
   2.5729999523163092       -27.313896456931722       0.32773682774634549     
   2.5719999523163093       -27.307997372790393       0.32771695425228181     
   2.5709999523163094       -27.302098646994651       0.32769701153505154     
   2.5699999523163095       -27.296200280792512       0.32767699936856398     
   2.5689999523163096       -27.290302275436115       0.32765691752620923     
   2.5679999523163097       -27.284404632181701       0.32763676578086609     
   2.5669999523163098       -27.278507352289544       0.32761654390489969     
   2.5659999523163100       -27.272610437024049       0.32759625167016354     
   2.5649999523163101       -27.266713887653729       0.32757588884800304     
   2.5639999523163102       -27.260817705451235       0.32755545520923979     
   2.5629999523163103       -27.254921891693304       0.32753495052420994     
   2.5619999523163104       -27.249026447660871       0.32751437456271054     
   2.5609999523163105       -27.243131374638960       0.32749372709405700     
   2.5599999523163106       -27.237236673916794       0.32747300788704481     
   2.5589999523163107       -27.231342346787759       0.32745221670996089     
   2.5579999523163108       -27.225448394549407       0.32743135333059825     
   2.5569999523163109       -27.219554818503450       0.32741041751623728     
   2.5559999523163111       -27.213661619955822       0.32738940903366287     
   2.5549999523163112       -27.207768800216677       0.32736832764914459     
   2.5539999523163113       -27.201876360600338       0.32734717312846801     
   2.5529999523163114       -27.195984302425362       0.32732594523691316     
   2.5519999523163115       -27.190092627014568       0.32730464373925500     
   2.5509999523163116       -27.184201335694951       0.32728326839978461     
   2.5499999523163117       -27.178310429797829       0.32726181898227252     
   2.5489999523163118       -27.172419910658700       0.32724029525002341     
   2.5479999523163119       -27.166529779617367       0.32721869696583977     
   2.5469999523163120       -27.160640038017956       0.32719702389200633     
   2.5459999523163122       -27.154750687208775       0.32717527579036282     
   2.5449999523163123       -27.148861728542453       0.32715345242222443     
   2.5439999523163124       -27.142973163375995       0.32713155354841805     
   2.5429999523163125       -27.137084993070630       0.32710957892930131     
   2.5419999523163126       -27.131197218991932       0.32708752832473453     
   2.5409999523163127       -27.125309842509818       0.32706540149409213     
   2.5399999523163128       -27.119422864998512       0.32704319819627492     
   2.5389999523163129       -27.113536287836595       0.32702091818968909     
   2.5379999523163130       -27.107650112407054       0.32699856123226267     
   2.5369999523163131       -27.101764340097109       0.32697612708145735     
   2.5359999523163133       -27.095878972298465       0.32695361549425001     
   2.5349999523163134       -27.089994010407182       0.32693102622713299     
   2.5339999523163135       -27.084109455823683       0.32690835903612675     
   2.5329999523163136       -27.078225309952789       0.32688561367678592     
   2.5319999523163137       -27.072341574203747       0.32686278990419271     
   2.5309999523163138       -27.066458249990184       0.32683988747295950     
   2.5299999523163139       -27.060575338730199       0.32681690613722075     
   2.5289999523163140       -27.054692841846279       0.32679384565064717     
   2.5279999523163141       -27.048810760765331       0.32677070576645495     
   2.5269999523163142       -27.042929096918780       0.32674748623738598     
   2.5259999523163144       -27.037047851742447       0.32672418681571957     
   2.5249999523163145       -27.031167026676634       0.32670080725328027     
   2.5239999523163146       -27.025286623166085       0.32667734730144288     
   2.5229999523163147       -27.019406642660098       0.32665380671109528     
   2.5219999523163148       -27.013527086612388       0.32663018523270604     
   2.5209999523163149       -27.007647956481204       0.32660648261626612     
   2.5199999523163150       -27.001769253729250       0.32658269861133321     
   2.5189999523163151       -26.995890979823805       0.32655883296700267     
   2.5179999523163152       -26.990013136236744       0.32653488543185882     
   2.5169999523163153       -26.984135724444176       0.32651085575420874     
   2.5159999523163155       -26.978258745926997       0.32648674368177127     
   2.5149999523163156       -26.972382202170632       0.32646254896185278     
   2.5139999523163157       -26.966506094664997       0.32643827134134268     
   2.5129999523163158       -26.960630424904572       0.32641391056667035     
   2.5119999523163159       -26.954755194388429       0.32638946638384830     
   2.5109999523163160       -26.948880404620201       0.32636493853843351     
   2.5099999523163161       -26.943006057108121       0.32634032677556746     
   2.5089999523163162       -26.937132153365003       0.32631563083994919     
   2.5079999523163163       -26.931258694908237       0.32629085047586104     
   2.5069999523163164       -26.925385683259876       0.32626598542714924     
   2.5059999523163166       -26.919513119946519       0.32624103543724403     
   2.5049999523163167       -26.913641006499429       0.32621600024914243     
   2.5039999523163168       -26.907769344454515       0.32619087960543169     
   2.5029999523163169       -26.901898135352273       0.32616567324827828     
   2.5019999523163170       -26.896027380737870       0.32614038091943526     
