   2.4000000953674316       -26.909996956699580        7.6478062045694656E-002
   2.4010000953674315       -26.911375848491311        7.6732270583500711E-002
   2.4020000953674314       -26.912759323339742        7.6987290896901206E-002
   2.4030000953674313       -26.914147395882331        7.7243126802070516E-002
   2.4040000953674312       -26.915540080810665        7.7499779559366100E-002
   2.4050000953674311       -26.916937392870654        7.7757253049372574E-002
   2.4060000953674310       -26.918339346862830        7.8015549852838414E-002
   2.4070000953674309       -26.919745957642611        7.8274673919417087E-002
   2.4080000953674308       -26.921157240120557        7.8534627884973854E-002
   2.4090000953674306       -26.922573209262616        7.8795414834139155E-002
   2.4100000953674305       -26.923993880090393        7.9057037865824992E-002
   2.4110000953674304       -26.925419267681384        7.9319500093175413E-002
   2.4120000953674303       -26.926849387169291        7.9582804643496388E-002
   2.4130000953674302       -26.928284253744195        7.9846954658184685E-002
   2.4140000953674301       -26.929723882652880        8.0111953292663310E-002
   2.4150000953674300       -26.931168289199036        8.0377803716296339E-002
   2.4160000953674299       -26.932617488743531        8.0644509112304752E-002
   2.4170000953674298       -26.934071496704682        8.0912072677680802E-002
   2.4180000953674297       -26.935530328558432        8.1180498506559451E-002
   2.4190000953674295       -26.936993999838673        8.1449788108243160E-002
   2.4200000953674294       -26.938462526137457        8.1719945554882267E-002
   2.4210000953674293       -26.939935923105224        8.1990973620054877E-002
   2.4220000953674292       -26.941414206451057        8.2262876492453660E-002
   2.4230000953674291       -26.942897391942928        8.2535657001033810E-002
   2.4240000953674290       -26.944385495407907        8.2809318436209908E-002
   2.4250000953674289       -26.945878532732422        8.3083864101226465E-002
   2.4260000953674288       -26.947376519862459        8.3359297312014455E-002
   2.4270000953674287       -26.948879472803821        8.3635621397036439E-002
   2.4280000953674286       -26.950387407622330        8.3912839697137268E-002
   2.4290000953674284       -26.951900340444059        8.4190955565362893E-002
   2.4300000953674283       -26.953418287455545        8.4469972366790644E-002
   2.4310000953674282       -26.954941264904004        8.4749893478351560E-002
   2.4320000953674281       -26.956469289097548        8.5030723193737598E-002
   2.4330000953674280       -26.958002376405382        8.5312463159149088E-002
   2.4340000953674279       -26.959540543258029        8.5595117145702879E-002
   2.4350000953674278       -26.961083806147499        8.5878689526667815E-002
   2.4360000953674277       -26.962632181627530        8.6163183274860056E-002
   2.4370000953674276       -26.964185686313748        8.6448601834140631E-002
   2.4380000953674275       -26.965744336883851        8.6734948658758360E-002
   2.4390000953674273       -26.967308150077820        8.7022227213068390E-002
   2.4400000953674272       -26.968877142698084        8.7310440971290385E-002
   2.4410000953674271       -26.970451331609695        8.7599593417254595E-002
   2.4420000953674270       -26.972030733740503        8.7889688044119493E-002
   2.4430000953674269       -26.973615366081312        8.8180728354077961E-002
   2.4440000953674268       -26.975205245686052        8.8472717858089453E-002
   2.4450000953674267       -26.976800389671943        8.8765661037771268E-002
   2.4460000953674266       -26.978400815219615        8.9059559030489927E-002
   2.4470000953674265       -26.980006539573253        8.9354417293946137E-002
   2.4480000953674264       -26.981617580040798        8.9650238878227415E-002
   2.4490000953674262       -26.983233953993981        8.9947027333408036E-002
   2.4500000953674261       -26.984855678868534        9.0244786216365239E-002
   2.4510000953674260       -26.986482772164251        9.0543519090390032E-002
   2.4520000953674259       -26.988115251445130        9.0843229524827429E-002
   2.4530000953674258       -26.989753134339466        9.1143921094680877E-002
   2.4540000953674257       -26.991396438539983        9.1445597380213017E-002
   2.4550000953674256       -26.993045181803858        9.1748261966504457E-002
   2.4560000953674255       -26.994699381952852        9.2051919428401019E-002
   2.4570000953674254       -26.996359056873402        9.2356570872898169E-002
   2.4580000953674253       -26.998024224516648        9.2662221942108519E-002
   2.4590000953674251       -26.999694902898497        9.2968875693712386E-002
   2.4600000953674250       -27.001371110099697        9.3276535730384566E-002
   2.4610000953674249       -27.003052864265861        9.3585205656845777E-002
   2.4620000953674248       -27.004740183607510        9.3894889079373850E-002
   2.4630000953674247       -27.006433086400087        9.4205589605247372E-002
   2.4640000953674246       -27.008131590983975        9.4517310842195307E-002
   2.4650000953674245       -27.009835715764503        9.4830057350883623E-002
   2.4660000953674244       -27.011545479211918        9.5143830298065654E-002
   2.4670000953674243       -27.013260899861425        9.5458635336930539E-002
   2.4680000953674242       -27.014981996313068        9.5774475512358417E-002
   2.4690000953674240       -27.016708787231778        9.6091354425559439E-002
   2.4700000953674239       -27.018441291347258        9.6409275674509562E-002
   2.4710000953674238       -27.020179527453962        9.6728242853260787E-002
   2.4720000953674237       -27.021923514410993        9.7048259551231447E-002
   2.4730000953674236       -27.023673271142023        9.7369329352469239E-002
   2.4740000953674235       -27.025428816635177        9.7691456826040371E-002
   2.4750000953674234       -27.027190169942930        9.8014642964987270E-002
   2.4760000953674233       -27.028957350181976        9.8338893541171674E-002
   2.4770000953674232       -27.030730376533093        9.8664211489243286E-002
   2.4780000953674231       -27.032509268240926        9.8990600354573396E-002
   2.4790000953674229       -27.034294044613869        9.9318063672242163E-002
   2.4800000953674228       -27.036084725023873        9.9646604966078314E-002
   2.4810000953674227       -27.037881328906181        9.9976227747702470E-002
   2.4820000953674226       -27.039683875759149       0.10030693586218706     
   2.4830000953674225       -27.041492385143982       0.10063873212465251     
   2.4840000953674224       -27.043306876684468       0.10097162032816270     
   2.4850000953674223       -27.045127370066695       0.10130560392540087     
   2.4860000953674222       -27.046953885038754       0.10164068635154276     
   2.4870000953674221       -27.048786441410407       0.10197687102309430     
   2.4880000953674219       -27.050625059052734       0.10231416133667005     
   2.4890000953674218       -27.052469757897775       0.10265256098729994     
   2.4900000953674217       -27.054320557938134       0.10299207271247325     
   2.4910000953674216       -27.056177479226555       0.10333270013915330     
   2.4920000953674215       -27.058040541875513       0.10367444657155579     
   2.4930000953674214       -27.059909766056712       0.10401731528727681     
   2.4940000953674213       -27.061785172000597       0.10436130953581735     
   2.4950000953674212       -27.063666779995867       0.10470643282535812     
   2.4960000953674211       -27.065554610388887       0.10505268779041248     
   2.4970000953674210       -27.067448683583159       0.10540007785437060     
   2.4980000953674208       -27.069349020038651       0.10574860613860698     
   2.4990000953674207       -27.071255640271239       0.10609827572818625     
   2.5000000953674206       -27.073168564851951       0.10644909063444861     
   2.5010000953674205       -27.075087814406345       0.10680105124394060     
   2.5020000953674204       -27.077013409613727       0.10715416289167556     
   2.5030000953674203       -27.078945371206373       0.10750842778657588     
   2.5040000953674202       -27.080883719968753       0.10786384880387755     
   2.5050000953674201       -27.082828476736672       0.10822042971627284     
   2.5060000953674200       -27.084779662396365       0.10857817071337207     
   2.5070000953674199       -27.086737297883602       0.10893707687874091     
   2.5080000953674197       -27.088701404182693       0.10929715016594793     
   2.5090000953674196       -27.090672002325512       0.10965839405979608     
   2.5100000953674195       -27.092649113390404       0.11002080945848128     
   2.5110000953674194       -27.094632758501135       0.11038439881703736     
   2.5120000953674193       -27.096622958825709       0.11074916612487429     
   2.5130000953674192       -27.098619735575191       0.11111511382434308     
   2.5140000953674191       -27.100623110002442       0.11148224263202085     
   2.5150000953674190       -27.102633103400890       0.11185055470865531     
   2.5160000953674189       -27.104649737103127       0.11222005371126063     
   2.5170000953674188       -27.106673032479527       0.11259074178930900     
   2.5180000953674186       -27.108703010936800       0.11296261938337888     
   2.5190000953674185       -27.110739693916500       0.11333568831474751     
   2.5200000953674184       -27.112783102893449       0.11370995190246146     
   2.5210000953674183       -27.114833259374105       0.11408541195719200     
   2.5220000953674182       -27.116890184894899       0.11446206854936299     
   2.5230000953674181       -27.118953901020483       0.11483992310932452     
   2.5240000953674180       -27.121024429341929       0.11521897860605176     
   2.5250000953674179       -27.123101791474852       0.11559923646117250     
   2.5260000953674178       -27.125186009057511       0.11598069550322911     
   2.5270000953674177       -27.127277103748746       0.11636335903738347     
   2.5280000953674175       -27.129375097226003       0.11674722814888693     
   2.5290000953674174       -27.131480011183108       0.11713230217626538     
   2.5300000953674173       -27.133591867328132       0.11751858173352620     
   2.5310000953674172       -27.135710687381099       0.11790606976233173     
   2.5320000953674171       -27.137836493071642       0.11829476452768585     
   2.5330000953674170       -27.139969306136592       0.11868466623987733     
   2.5340000953674169       -27.142109148317484       0.11907577738418390     
   2.5350000953674168       -27.144256041358013       0.11946809584745816     
   2.5360000953674167       -27.146410007001393       0.11986162139920012     
   2.5370000953674166       -27.148571066987667       0.12025635607282055     
   2.5380000953674164       -27.150739243050914       0.12065229730158711     
   2.5390000953674163       -27.152914556916389       0.12104944437596260     
   2.5400000953674162       -27.155097030297611       0.12144779887899032     
   2.5410000953674161       -27.157286684893371       0.12184735697075702     
   2.5420000953674160       -27.159483542384624       0.12224811966186759     
   2.5430000953674159       -27.161687624431352       0.12265008584778363     
   2.5440000953674158       -27.163898952669378       0.12305325180298876     
   2.5450000953674157       -27.166117548707017       0.12345761882578915     
   2.5460000953674156       -27.168343434121716       0.12386318229519722     
   2.5470000953674155       -27.170576630456672       0.12426994222374914     
   2.5480000953674153       -27.172817159217228       0.12467789657076016     
   2.5490000953674152       -27.175065041867395       0.12508704067277290     
   2.5500000953674151       -27.177320299826128       0.12549737483141193     
   2.5510000953674150       -27.179582954463672       0.12590889340306527     
   2.5520000953674149       -27.181853027097727       0.12632159613110652     
   2.5530000953674148       -27.184130538989677       0.12673547706753754     
   2.5540000953674147       -27.186415511340634       0.12715053541594404     
   2.5550000953674146       -27.188707965287517       0.12756676557107061     
   2.5560000953674145       -27.191007921899015       0.12798416345958152     
   2.5570000953674143       -27.193315402171557       0.12840272719301646     
   2.5580000953674142       -27.195630427025147       0.12882244950420388     
   2.5590000953674141       -27.197953017299248       0.12924332868167915     
   2.5600000953674140       -27.200283193748547       0.12966535703852600     
   2.5610000953674139       -27.202620977038698       0.13008853235500090     
   2.5620000953674138       -27.204966387742061       0.13051284649304595     
   2.5630000953674137       -27.207319446333376       0.13093829673814569     
   2.5640000953674136       -27.209680173185383       0.13136487447330256     
   2.5650000953674135       -27.212048588564478       0.13179257583283466     
   2.5660000953674134       -27.214424712626300       0.13222139437957536     
   2.5670000953674132       -27.216808565411284       0.13265132173923463     
   2.5680000953674131       -27.219200166840274       0.13308235368167717     
   2.5690000953674130       -27.221599536710038       0.13351448062868648     
   2.5700000953674129       -27.224006694688846       0.13394769790641048     
   2.5710000953674128       -27.226421660311971       0.13438199538365586     
   2.5720000953674127       -27.228844452977292       0.13481736795743640     
   2.5730000953674126       -27.231275091940816       0.13525380558160491     
   2.5740000953674125       -27.233713596312267       0.13569130012445033     
   2.5750000953674124       -27.236159985050648       0.13612984492755498     
   2.5760000953674123       -27.238614276959879       0.13656942872930125     
   2.5770000953674121       -27.241076490684392       0.13701004512236778     
   2.5780000953674120       -27.243546644704828       0.13745168290349888     
   2.5790000953674119       -27.246024757333721       0.13789433271237744     
   2.5800000953674118       -27.248510846711227       0.13833798668469358     
   2.5810000953674117       -27.251004930800924       0.13878263237808550     
   2.5820000953674116       -27.253507027385641       0.13922826157752430     
   2.5830000953674115       -27.256017154063322       0.13967486381523578     
   2.5840000953674114       -27.258535328242985       0.14012242666253483     
   2.5850000953674113       -27.261061567140743       0.14057094117645944     
   2.5860000953674112       -27.263595887775828       0.14102039623885437     
   2.5870000953674110       -27.266138306966774       0.14147077880605774     
   2.5880000953674109       -27.268688841327613       0.14192207926036793     
   2.5890000953674108       -27.271247507264150       0.14237428586671630     
   2.5900000953674107       -27.273814320970359       0.14282738499049494     
   2.5910000953674106       -27.276389298424853       0.14328136639314615     
   2.5920000953674105       -27.278972455387347       0.14373621776201453     
   2.5930000953674104       -27.281563807395401       0.14419192490489444     
   2.5940000953674103       -27.284163369761060       0.14464847701690131     
   2.5950000953674102       -27.286771157567742       0.14510586125217997     
   2.5960000953674101       -27.289387185667103       0.14556406290231727     
   2.5970000953674099       -27.292011468676108       0.14602307065100961     
   2.5980000953674098       -27.294644020974125       0.14648287116762196     
