   1.8500000238418579       -35.316178072337479       0.23714902304102509     
   1.8490000238418580       -35.306567174811399       0.23716855638048034     
   1.8480000238418581       -35.296958164934821       0.23718809916074679     
   1.8470000238418582       -35.287351044839227       0.23720765003771913     
   1.8460000238418584       -35.277745816660435       0.23722720903016681     
   1.8450000238418585       -35.268142482537087       0.23724677615773881     
   1.8440000238418586       -35.258541044610730       0.23726635144013380     
   1.8430000238418587       -35.248941505026266       0.23728593489710137     
   1.8420000238418588       -35.239343865931794       0.23730552654847711     
   1.8410000238418589       -35.229748129478651       0.23732512641408521     
   1.8400000238418590       -35.220154297821182       0.23734473451387098     
   1.8390000238418591       -35.210562373117099       0.23736435086781590     
   1.8380000238418592       -35.200972357526673       0.23738397549599441     
   1.8370000238418593       -35.191384253213705       0.23740360841850683     
   1.8360000238418595       -35.181798062345926       0.23742324965548806     
   1.8350000238418596       -35.172213787093241       0.23744289922716913     
   1.8340000238418597       -35.162631429629414       0.23746255715382178     
   1.8330000238418598       -35.153050992130680       0.23748222345580944     
   1.8320000238418599       -35.143472476777262       0.23750189815351622     
   1.8310000238418600       -35.133895885752217       0.23752158126739634     
   1.8300000238418601       -35.124321221241601       0.23754127281799495     
   1.8290000238418602       -35.114748485435300       0.23756097282586808     
   1.8280000238418603       -35.105177680526118       0.23758068131164511     
   1.8270000238418604       -35.095608808709606       0.23760039829606250     
   1.8260000238418606       -35.086041872185561       0.23762012379984546     
   1.8250000238418607       -35.076476873155826       0.23763985784385641     
   1.8240000238418608       -35.066913813826694       0.23765960044893072     
   1.8230000238418609       -35.057352696406802       0.23767935163605255     
   1.8220000238418610       -35.047793523108382       0.23769911142622194     
   1.8210000238418611       -35.038236296147048       0.23771887984049206     
   1.8200000238418612       -35.028681017741974       0.23773865689997228     
   1.8190000238418613       -35.019127690114239       0.23775844262591139     
   1.8180000238418614       -35.009576315489682       0.23777823703953460     
   1.8170000238418615       -35.000026896097140       0.23779804016213063     
   1.8160000238418617       -34.990479434168044       0.23781785201512518     
   1.8150000238418618       -34.980933931937635       0.23783767261993738     
   1.8140000238418619       -34.971390391644782       0.23785750199806324     
   1.8130000238418620       -34.961848815530658       0.23787734017109438     
   1.8120000238418621       -34.952309205840869       0.23789718716063513     
   1.8110000238418622       -34.942771564823431       0.23791704298840591     
   1.8100000238418623       -34.933235894730309       0.23793690767615264     
   1.8090000238418624       -34.923702197816368       0.23795678124570335     
   1.8080000238418625       -34.914170476339976       0.23797666371894455     
   1.8070000238418626       -34.904640732562704       0.23799655511783532     
   1.8060000238418628       -34.895112968750112       0.23801645546435721     
   1.8050000238418629       -34.885587187170174       0.23803636478062781     
   1.8040000238418630       -34.876063390094473       0.23805628308879337     
   1.8030000238418631       -34.866541579798181       0.23807621041105220     
   1.8020000238418632       -34.857021758560066       0.23809614676967403     
   1.8010000238418633       -34.847503928661837       0.23811609218700155     
   1.8000000238418634       -34.837988092388443       0.23813604668546068     
   1.7990000238418635       -34.828474252028315       0.23815601028752179     
   1.7980000238418636       -34.818962409873734       0.23817598301571458     
   1.7970000238418637       -34.809452568219726       0.23819596489265671     
   1.7960000238418639       -34.799944729365478       0.23821595594099454     
   1.7950000238418640       -34.790438895612368       0.23823595618351584     
   1.7940000238418641       -34.780935069266576       0.23825596564298029     
   1.7930000238418642       -34.771433252636555       0.23827598434230282     
   1.7920000238418643       -34.761933448034711       0.23829601230441191     
   1.7910000238418644       -34.752435657777248       0.23831604955227167     
   1.7900000238418645       -34.742939884182618       0.23833609610903383     
   1.7890000238418646       -34.733446129573807       0.23835615199779989     
   1.7880000238418647       -34.723954396276639       0.23837621724180302     
   1.7870000238418648       -34.714464686620900       0.23839629186430689     
   1.7860000238418650       -34.704977002939081       0.23841637588868339     
   1.7850000238418651       -34.695491347567810       0.23843646933833418     
   1.7840000238418652       -34.686007722846782       0.23845657223676195     
   1.7830000238418653       -34.676526131119054       0.23847668460753779     
   1.7820000238418654       -34.667046574731991       0.23849680647424090     
   1.7810000238418655       -34.657569056035214       0.23851693786061665     
   1.7800000238418656       -34.648093577382120       0.23853707879044844     
   1.7790000238418657       -34.638620141130858       0.23855722928750137     
   1.7780000238418658       -34.629148749641232       0.23857738937575443     
   1.7770000238418659       -34.619679405277601       0.23859755907915833     
   1.7760000238418661       -34.610212110407630       0.23861773842176037     
   1.7750000238418662       -34.600746867402570       0.23863792742768469     
   1.7740000238418663       -34.591283678636749       0.23865812612113524     
   1.7730000238418664       -34.581822546488304       0.23867833452639198     
   1.7720000238418665       -34.572363473339045       0.23869855266776221     
   1.7710000238418666       -34.562906461574215       0.23871878056965348     
   1.7700000238418667       -34.553451513582310       0.23873901825657518     
   1.7690000238418668       -34.543998631755962       0.23875926575303547     
   1.7680000238418669       -34.534547818490644       0.23877952308369757     
   1.7670000238418671       -34.525099076185519       0.23879979027326881     
   1.7660000238418672       -34.515652407243962       0.23882006734647263     
   1.7650000238418673       -34.506207814071615       0.23884035432821837     
   1.7640000238418674       -34.496765299079378       0.23886065124337716     
   1.7630000238418675       -34.487324864680126       0.23888095811696200     
   1.7620000238418676       -34.477886513291111       0.23890127497405211     
   1.7610000238418677       -34.468450247333415       0.23892160183975752     
   1.7600000238418678       -34.459016069230863       0.23894193873931352     
   1.7590000238418679       -34.449583981411536       0.23896228569800776     
   1.7580000238418680       -34.440153986306591       0.23898264274122993     
   1.7570000238418682       -34.430726086351818       0.23900300989436118     
   1.7560000238418683       -34.421300283984920       0.23902338718298821     
   1.7550000238418684       -34.411876581648919       0.23904377463265902     
   1.7540000238418685       -34.402454981789369       0.23906417226904716     
   1.7530000238418686       -34.393035486855702       0.23908458011792602     
   1.7520000238418687       -34.383618099301046       0.23910499820509448     
   1.7510000238418688       -34.374202821582287       0.23912542655645228     
   1.7500000238418689       -34.364789656159893       0.23914586519796957     
   1.7490000238418690       -34.355378605497869       0.23916631415569689     
   1.7480000238418691       -34.345969672063710       0.23918677345577885     
   1.7470000238418693       -34.336562858328477       0.23920724312443647     
   1.7460000238418694       -34.327158166767873       0.23922772318790908     
   1.7450000238418695       -34.317755599859957       0.23924821367259547     
   1.7440000238418696       -34.308355160087153       0.23926871460494223     
   1.7430000238418697       -34.298956849935635       0.23928922601145011     
   1.7420000238418698       -34.289560671895117       0.23930974791869788     
   1.7410000238418699       -34.280166628458808       0.23933028035339524     
   1.7400000238418700       -34.270774722123484       0.23935082334232133     
   1.7390000238418701       -34.261384955390149       0.23937137691228547     
   1.7380000238418702       -34.251997330763508       0.23939194109018361     
   1.7370000238418704       -34.242611850751068       0.23941251590305976     
   1.7360000238418705       -34.233228517865193       0.23943310137796070     
   1.7350000238418706       -34.223847334621276       0.23945369754205112     
   1.7340000238418707       -34.214468303538524       0.23947430442258735     
   1.7330000238418708       -34.205091427140047       0.23949492204687090     
   1.7320000238418709       -34.195716707952535       0.23951555044231546     
   1.7310000238418710       -34.186344148506507       0.23953618963639065     
   1.7300000238418711       -34.176973751336256       0.23955683965668417     
   1.7290000238418712       -34.167605518979784       0.23957750053081542     
   1.7280000238418713       -34.158239453978673       0.23959817228655275     
   1.7270000238418715       -34.148875558878650       0.23961885495167218     
   1.7260000238418716       -34.139513836228481       0.23963954855411121     
   1.7250000238418717       -34.130154288581970       0.23966025312180475     
   1.7240000238418718       -34.120796918495273       0.23968096868284514     
   1.7230000238418719       -34.111441728529464       0.23970169526536475     
   1.7220000238418720       -34.102088721248279       0.23972243289762979     
   1.7210000238418721       -34.092737899220666       0.23974318160790009     
   1.7200000238418722       -34.083389265018020       0.23976394142462340     
   1.7190000238418723       -34.074042821216608       0.23978471237624094     
   1.7180000238418724       -34.064698570395713       0.23980549449135660     
   1.7170000238418726       -34.055356515138733       0.23982628779862450     
   1.7160000238418727       -34.046016658032890       0.23984709232677329     
   1.7150000238418728       -34.036679001669505       0.23986790810462585     
   1.7140000238418729       -34.027343548642861       0.23988873516112866     
   1.7130000238418730       -34.018010301552579       0.23990957352522221     
   1.7120000238418731       -34.008679263000403       0.23993042322605632     
   1.7110000238418732       -33.999350435593101       0.23995128429277729     
   1.7100000238418733       -33.990023821940937       0.23997215675464126     
   1.7090000238418734       -33.980699424658241       0.23999304064097723     
   1.7080000238418735       -33.971377246362785       0.24001393598125598     
   1.7070000238418737       -33.962057289676466       0.24003484280498583     
   1.7060000238418738       -33.952739557224767       0.24005576114181160     
   1.7050000238418739       -33.943424051637720       0.24007669102138607     
   1.7040000238418740       -33.934110775548397       0.24009763247355709     
   1.7030000238418741       -33.924799731595179       0.24011858552810386     
   1.7020000238418742       -33.915490922418194       0.24013955021510874     
   1.7010000238418743       -33.906184350662933       0.24016052656460488     
   1.7000000238418744       -33.896880018979196       0.24018151460668008     
   1.6990000238418745       -33.887577930019390       0.24020251437162696     
   1.6980000238418747       -33.878278086440687       0.24022352588976303     
   1.6970000238418748       -33.868980490903816       0.24024454919151791     
   1.6960000238418749       -33.859685146073751       0.24026558430740255     
   1.6950000238418750       -33.850392054619206       0.24028663126801231     
   1.6940000238418751       -33.841101219212817       0.24030769010405159     
   1.6930000238418752       -33.831812642531233       0.24032876084631397     
   1.6920000238418753       -33.822526327255247       0.24034984352565980     
   1.6910000238418754       -33.813242276069232       0.24037093817307728     
   1.6900000238418755       -33.803960491661591       0.24039204481964260     
   1.6890000238418756       -33.794680976725076       0.24041316349650238     
   1.6880000238418758       -33.785403733956016       0.24043429423491647     
   1.6870000238418759       -33.776128766054903       0.24045543706622999     
   1.6860000238418760       -33.766856075726359       0.24047659202187260     
   1.6850000238418761       -33.757585665678313       0.24049775913341487     
   1.6840000238418762       -33.748317538623638       0.24051893843246575     
   1.6830000238418763       -33.739051697278619       0.24054012995075746     
   1.6820000238418764       -33.729788144363944       0.24056133372008970     
   1.6810000238418765       -33.720526882603849       0.24058254977240670     
   1.6800000238418766       -33.711267914726633       0.24060377813972908     
   1.6790000238418767       -33.702011243465300       0.24062501885414017     
   1.6780000238418769       -33.692756871555964       0.24064627194785926     
   1.6770000238418770       -33.683504801739325       0.24066753745320904     
   1.6760000238418771       -33.674255036760137       0.24068881540255463     
   1.6750000238418772       -33.665007579366851       0.24071010582843677     
   1.6740000238418773       -33.655762432312237       0.24073140876342769     
   1.6730000238418774       -33.646519598353407       0.24075272424021113     
   1.6720000238418775       -33.637279080251012       0.24077405229160165     
   1.6710000238418776       -33.628040880769817       0.24079539295048655     
   1.6700000238418777       -33.618805002679061       0.24081674624984778     
   1.6690000238418778       -33.609571448751616       0.24083811222280177     
   1.6680000238418780       -33.600340221764746       0.24085949090251890     
   1.6670000238418781       -33.591111324499984       0.24088088232228996     
   1.6660000238418782       -33.581884759742188       0.24090228651551948     
   1.6650000238418783       -33.572660530281304       0.24092370351568412     
   1.6640000238418784       -33.563438638910384       0.24094513335641604     
   1.6630000238418785       -33.554219088427786       0.24096657607135047     
   1.6620000238418786       -33.545001881634818       0.24098803169433319     
   1.6610000238418787       -33.535787021337789       0.24100950025923012     
   1.6600000238418788       -33.526574510346393       0.24103098180008167     
   1.6590000238418789       -33.517364351475258       0.24105247635095114     
   1.6580000238418791       -33.508156547542235       0.24107398394609517     
   1.6570000238418792       -33.498951101370466       0.24109550461975970     
   1.6560000238418793       -33.489748015786091       0.24111703840641485     
   1.6550000238418794       -33.480547293620198       0.24113858534055518     
   1.6540000238418795       -33.471348937707681       0.24116014545681075     
   1.6530000238418796       -33.462152950887926       0.24118171878989333     
   1.6520000238418797       -33.452959336004000       0.24120330537466561     
   1.6510000238418798       -33.443768095903323       0.24122490524606560     
   1.6500000238418799       -33.434579233438029       0.24124651843909709     
   1.6490000238418800       -33.425392751463825       0.24126814498893820     
   1.6480000238418802       -33.416208652840702       0.24128978493085906     
   1.6470000238418803       -33.407026940433234       0.24131143830019916     
   1.6460000238418804       -33.397847617109718       0.24133310513243758     
   1.6450000238418805       -33.388670685743051       0.24135478546315867     
   1.6440000238418806       -33.379496149210063       0.24137647932804004     
   1.6430000238418807       -33.370324010392061       0.24139818676287739     
   1.6420000238418808       -33.361154272174211       0.24141990780359165     
   1.6410000238418809       -33.351986937446661       0.24144164248615679     
   1.6400000238418810       -33.342822009102640       0.24146339084675819     
   1.6390000238418811       -33.333659490041086       0.24148515292154624     
   1.6380000238418813       -33.324499383163669       0.24150692874693946     
   1.6370000238418814       -33.315341691377725       0.24152871835931944     
   1.6360000238418815       -33.306186417593530       0.24155052179530698     
   1.6350000238418816       -33.297033564727002       0.24157233909152465     
   1.6340000238418817       -33.287883135697079       0.24159417028478852     
   1.6330000238418818       -33.278735133427858       0.24161601541197905     
   1.6320000238418819       -33.269589560847209       0.24163787451011279     
   1.6310000238418820       -33.260446420887405       0.24165974761632406     
   1.6300000238418821       -33.251305716485355       0.24168163476782192     
   1.6290000238418822       -33.242167450581952       0.24170353600195110     
   1.6280000238418824       -33.233031626122418       0.24172545135619744     
   1.6270000238418825       -33.223898246056315       0.24174738086810801     
   1.6260000238418826       -33.214767313337603       0.24176932457537686     
   1.6250000238418827       -33.205638830924350       0.24179128251583537     
   1.6240000238418828       -33.196512801779051       0.24181325472739676     
   1.6230000238418829       -33.187389228869300       0.24183524124803574     
   1.6220000238418830       -33.178268115165736       0.24185724211595760     
   1.6210000238418831       -33.169149463644040       0.24187925736941185     
   1.6200000238418832       -33.160033277284128       0.24190128704678981     
   1.6190000238418834       -33.150919559070616       0.24192333118656600     
   1.6180000238418835       -33.141808311991717       0.24194538982739097     
   1.6170000238418836       -33.132699539041049       0.24196746247788262     
   1.6160000238418837       -33.123593243215069       0.24198955023737576     
   1.6150000238418838       -33.114489427516709       0.24201165261494678     
   1.6140000238418839       -33.105388094951699       0.24203376964919837     
   1.6130000238418840       -33.096289248530724       0.24205590137932451     
   1.6120000238418841       -33.087192891268515       0.24207804784468015     
   1.6110000238418842       -33.078099026184759       0.24210020908469382     
   1.6100000238418843       -33.069007656303000       0.24212238513894699     
   1.6090000238418845       -33.059918784651742       0.24214457604710388     
   1.6080000238418846       -33.050832414263319       0.24216678184901644     
   1.6070000238418847       -33.041748548174922       0.24218900258457962     
   1.6060000238418848       -33.032667189428196       0.24221123829386271     
   1.6050000238418849       -33.023588341068894       0.24223348901703590     
   1.6040000238418850       -33.014512006147463       0.24225575479440251     
   1.6030000238418851       -33.005438187718738       0.24227803566637685     
   1.6020000238418852       -32.996366888841585       0.24230033167354950     
   1.6010000238418853       -32.987298112580561       0.24232264285651828     
