   1.6000000238418579       -28.819617536990812       0.11558758532469111     
   1.6010000238418578       -28.828437878185863       0.11558434662067255     
   1.6020000238418577       -28.837264167081912       0.11558108204061107     
   1.6030000238418576       -28.846096398068333       0.11557779285575658     
   1.6040000238418575       -28.854934565653572       0.11557448032354142     
   1.6050000238418574       -28.863778664463947       0.11557114568568878     
   1.6060000238418572       -28.872628689242394       0.11556779016840453     
   1.6070000238418571       -28.881484634847659       0.11556441498252501     
   1.6080000238418570       -28.890346496253297       0.11556102132366784     
   1.6090000238418569       -28.899214268546537       0.11555761037259028     
   1.6100000238418568       -28.908087946927584       0.11555418329522091     
   1.6110000238418567       -28.916967526707996       0.11555074124307677     
   1.6120000238418566       -28.925853003310429       0.11554728535334798     
   1.6130000238418565       -28.934744372266849       0.11554381674917086     
   1.6140000238418564       -28.943641629218313       0.11554033724614549     
   1.6150000238418563       -28.952544769913466       0.11553684653850747     
   1.6160000238418561       -28.961453790207667       0.11553334569130144     
   1.6170000238418560       -28.970368686062244       0.11552983718861147     
   1.6180000238418559       -28.979289453542911       0.11552632210821891     
   1.6190000238418558       -28.988216088819858       0.11552280006174291     
   1.6200000238418557       -28.997148588165793       0.11551927205466821     
   1.6210000238418556       -29.006086947955584       0.11551574056333005     
   1.6220000238418555       -29.015031164665203       0.11551220662600718     
   1.6230000238418554       -29.023981234870828       0.11550866900038143     
   1.6240000238418553       -29.032937155247922       0.11550513164700352     
   1.6250000238418552       -29.041898922570518       0.11550159331705914     
   1.6260000238418550       -29.050866533710096       0.11549805493310730     
   1.6270000238418549       -29.059839985635158       0.11549451975767168     
   1.6280000238418548       -29.068819275409851       0.11549098565894808     
   1.6290000238418547       -29.077804400193905       0.11548745665816207     
   1.6300000238418546       -29.086795357241119       0.11548393057333299     
   1.6310000238418545       -29.095792143899097       0.11548041144314675     
   1.6320000238418544       -29.104794757608364       0.11547689702481713     
   1.6330000238418543       -29.113803195901571       0.11547339138751139     
   1.6340000238418542       -29.122817456402977       0.11546989301916305     
   1.6350000238418541       -29.131837536827614       0.11546640281378887     
   1.6360000238418539       -29.140863434980691       0.11546292403701448     
   1.6370000238418538       -29.149895148757153       0.11545945432635817     
   1.6380000238418537       -29.158932676140662       0.11545599698214327     
   1.6390000238418536       -29.167976015203603       0.11545255284523145     
   1.6400000238418535       -29.177025164106073       0.11544912029493672     
   1.6410000238418534       -29.186080121095294       0.11544570265146935     
   1.6420000238418533       -29.195140884505726       0.11544230074205565     
   1.6430000238418532       -29.204207452757924       0.11543891371627638     
   1.6440000238418531       -29.213279824358551       0.11543554238899428     
   1.6450000238418530       -29.222357997899636       0.11543218926485570     
   1.6460000238418528       -29.231441972058516       0.11542885515713258     
   1.6470000238418527       -29.240531745597256       0.11542553915193994     
   1.6480000238418526       -29.249627317362318       0.11542224203534385     
   1.6490000238418525       -29.258728686284478       0.11541896634818199     
   1.6500000238418524       -29.267835851378418       0.11541571200382411     
   1.6510000238418523       -29.276948811742351       0.11541248067804001     
   1.6520000238418522       -29.286067566558227       0.11540927137243047     
   1.6530000238418521       -29.295192115091311       0.11540608575755268     
   1.6540000238418520       -29.304322456689867       0.11540292460995819     
   1.6550000238418519       -29.313458590785643       0.11539978870369635     
   1.6560000238418517       -29.322600516893139       0.11539667789141343     
   1.6570000238418516       -29.331748234610252       0.11539359477889009     
   1.6580000238418515       -29.340901743617692       0.11539053921731239     
   1.6590000238418514       -29.350061043679680       0.11538751197413138     
   1.6600000238418513       -29.359226134643265       0.11538451381583743     
   1.6610000238418512       -29.368397016439378       0.11538154550833249     
   1.6620000238418511       -29.377573689082496       0.11537860781740125     
   1.6630000238418510       -29.386756152670806       0.11537570150898396     
   1.6640000238418509       -29.395944407386764       0.11537282734947484     
   1.6650000238418508       -29.405138453497219       0.11536998610619910     
   1.6660000238418506       -29.414338291354163       0.11536717854768336     
   1.6670000238418505       -29.423543921394597       0.11536440643872778     
   1.6680000238418504       -29.432755344141718       0.11536166857451262     
   1.6690000238418503       -29.441972560204643       0.11535896671276870     
   1.6700000238418502       -29.451195570279779       0.11535630163093025     
   1.6710000238418501       -29.460424375151039       0.11535367410949522     
   1.6720000238418500       -29.469658975690706       0.11535108389897153     
   1.6730000238418499       -29.478899372860297       0.11534853383774520     
   1.6740000238418498       -29.488145567711108       0.11534602370062284     
   1.6750000238418497       -29.497397561385515       0.11534355533958479     
   1.6760000238418495       -29.506655355117953       0.11534112747004002     
   1.6770000238418494       -29.515918950235470       0.11533874193587934     
   1.6780000238418493       -29.525188348159659       0.11533639846937832     
   1.6790000238418492       -29.534463550407288       0.11533410003607976     
   1.6800000238418491       -29.543744558591932       0.11533184750003514     
   1.6810000238418490       -29.553031374425082       0.11532963953559167     
   1.6820000238418489       -29.562323999718174       0.11532747694896993     
   1.6830000238418488       -29.571622436383713       0.11532536279033197     
   1.6840000238418487       -29.580926686437138       0.11532329797184976     
   1.6850000238418485       -29.590236751998688       0.11532128114124600     
   1.6860000238418484       -29.599552635295495       0.11531931313332246     
   1.6870000238418483       -29.608874338663036       0.11531739712360986     
   1.6880000238418482       -29.618201864548432       0.11531553408519425     
   1.6890000238418481       -29.627535215511593       0.11531372144064075     
   1.6900000238418480       -29.636874394228286       0.11531196359580236     
   1.6910000238418479       -29.646219403492992       0.11531026157808527     
   1.6920000238418478       -29.655570246221075       0.11530861276945231     
   1.6930000238418477       -29.664926925452207       0.11530702171085849     
   1.6940000238418476       -29.674289444353533       0.11530548949379534     
   1.6950000238418474       -29.683657806222556       0.11530401343903558     
   1.6960000238418473       -29.693032014491386       0.11530259951485514     
   1.6970000238418472       -29.702412072729658       0.11530124387280072     
   1.6980000238418471       -29.711797984649451       0.11529995253652431     
   1.6990000238418470       -29.721189754108817       0.11529872168886444     
   1.7000000238418469       -29.730587385116738       0.11529755742954882     
   1.7010000238418468       -29.739990881837787       0.11529645596344297     
   1.7020000238418467       -29.749400248597233       0.11529542348878535     
   1.7030000238418466       -29.758815489886548       0.11529445622302584     
   1.7040000238418465       -29.768236610369218       0.11529356048706625     
   1.7050000238418463       -29.777663614887082       0.11529273250188149     
   1.7060000238418462       -29.787096508466824       0.11529197873720341     
   1.7070000238418461       -29.796535296326844       0.11529129540842657     
   1.7080000238418460       -29.805979983885198       0.11529068786299081     
   1.7090000238418459       -29.815430576767390       0.11529015751727981     
   1.7100000238418458       -29.824887080815270       0.11528970204955596     
   1.7110000238418457       -29.834349502096224       0.11528932823033067     
   1.7120000238418456       -29.843817846912913       0.11528903374770734     
   1.7130000238418455       -29.853292121814015       0.11528882033872698     
   1.7140000238418454       -29.862772333606451       0.11528869367095940     
   1.7150000238418452       -29.872258489366345       0.11528865161025258     
   1.7160000238418451       -29.881750596453802       0.11528869744437825     
   1.7170000238418450       -29.891248662526067       0.11528883305209818     
   1.7180000238418449       -29.900752695554406       0.11528906055162985     
   1.7190000238418448       -29.910262703839674       0.11528938215129639     
   1.7200000238418447       -29.919778696031326       0.11528980001112782     
   1.7210000238418446       -29.929300681147321       0.11529031659765278     
   1.7220000238418445       -29.938828668595406       0.11529093429900403     
   1.7230000238418444       -29.948362668196928       0.11529165577920240     
   1.7240000238418443       -29.957902690212407       0.11529248375631213     
   1.7250000238418441       -29.967448745370188       0.11529342118395020     
   1.7260000238418440       -29.977000844896963       0.11529447008831371     
   1.7270000238418439       -29.986559000552177       0.11529563584350111     
   1.7280000238418438       -29.996123224665194       0.11529692089252618     
   1.7290000238418437       -30.005693530177851       0.11529832884359083     
   1.7300000238418436       -30.015269930689350       0.11529986361801867     
   1.7310000238418435       -30.024852440508930       0.11530152957795191     
   1.7320000238418434       -30.034441074712255       0.11530333105599937     
   1.7330000238418433       -30.044035849205791       0.11530527289275365     
   1.7340000238418432       -30.053636780800094       0.11530736044268299     
   1.7350000238418430       -30.063243887289858       0.11530959914169919     
   1.7360000238418429       -30.072857187547587       0.11531199524638873     
   1.7370000238418428       -30.082476701628774       0.11531455536922500     
   1.7380000238418427       -30.092102450892220       0.11531728686249856     
   1.7390000238418426       -30.101734458139493       0.11532019768881191     
   1.7400000238418425       -30.111372747776009       0.11532329669519165     
   1.7410000238418424       -30.121017345997391       0.11532659372494540     
   1.7420000238418423       -30.130668281011221       0.11533009970691678     
   1.7430000238418422       -30.140325583296050       0.11533382692014563     
   1.7440000238418421       -30.149989285912845       0.11533778921523924     
   1.7450000238418419       -30.159659424877567       0.11534200240477942     
   1.7460000238418418       -30.169336039617214       0.11534648456341172     
   1.7470000238418417       -30.179019173528609       0.11535125664867230     
   1.7480000238418416       -30.188708874676692       0.11535634323618364     
   1.7490000238418415       -30.198405196678333       0.11536177339081778     
   1.7500000238418414       -30.208108199840819       0.11536758203729451     
   1.7510000238418413       -30.217817952657438       0.11537381189844147     
   1.7520000238418412       -30.227534533820034       0.11538051612540465     
   1.7530000238418411       -30.237258035002601       0.11538776252461684     
   1.7540000238418409       -30.246988564845111       0.11539564006727271     
   1.7550000238418408       -30.256726254898197       0.11540426992890485     
   1.7560000238418407       -30.266471268982265       0.11541382501386534     
   1.7570000238418406       -30.276223819003675       0.11542456869241915     
   1.7580000238418405       -30.285984194447494       0.11543694145280275     
   1.7590000238418404       -30.295752826220930       0.11545179875234658     
   1.7600000238418403       -30.305530466213369       0.11547135785946468     
   1.7610000238418402       -30.315323587916687       0.11555360066227210     
   1.7620000238418401       -30.325131338715316       0.11554287167580041     
   1.7630000238418400       -30.334940982474482       0.11553214863476441     
   1.7640000238418398       -30.344752517163720       0.11552143100359141     
   1.7650000238418397       -30.354565940754920       0.11551071872389006     
   1.7660000238418396       -30.364381251223048       0.11550001185915784     
   1.7670000238418395       -30.374198446545400       0.11548931033783506     
   1.7680000238418394       -30.384017524702514       0.11547861611647986     
   1.7690000238418393       -30.393838483677264       0.11546792532571620     
   1.7700000238418392       -30.403661321455346       0.11545723783527315     
   1.7710000238418391       -30.413486036025326       0.11544655964537363     
   1.7720000238418390       -30.423312625378635       0.11543588277588607     
   1.7730000238418389       -30.433141087508801       0.11542521323917611     
   1.7740000238418387       -30.442971420412555       0.11541455091270085     
   1.7750000238418386       -30.452803622089519       0.11540388995223694     
   1.7760000238418385       -30.462637690541232       0.11539323626894550     
   1.7770000238418384       -30.472473623773048       0.11538258978824513     
   1.7780000238418383       -30.482311419791841       0.11537194659611355     
   1.7790000238418382       -30.492151076608625       0.11536130671958504     
   1.7800000238418381       -30.501992592235204       0.11535067406853521     
   1.7810000238418380       -30.511835964687680       0.11534004665635139     
   1.7820000238418379       -30.521681191984271       0.11532942642638183     
   1.7830000238418378       -30.531528272145994       0.11531880945272872     
   1.7840000238418376       -30.541377203196145       0.11530819769964257     
   1.7850000238418375       -30.551227983161564       0.11529759115982142     
   1.7860000238418374       -30.561080610070071       0.11528698982570372     
   1.7870000238418373       -30.570935081954154       0.11527639368965113     
   1.7880000238418372       -30.580791396847840       0.11526580274410797     
   1.7890000238418371       -30.590649552788395       0.11525521698149174     
   1.7900000238418370       -30.600509547814568       0.11524463639439148     
   1.7910000238418369       -30.610371379969280       0.11523406097519436     
   1.7920000238418368       -30.620235047297005       0.11522349071649650     
   1.7930000238418367       -30.630100547845284       0.11521292362493300     
   1.7940000238418365       -30.639967879664599       0.11520236363641780     
   1.7950000238418364       -30.649837040807448       0.11519180878101944     
   1.7960000238418363       -30.659708029329202       0.11518126102993984     
   1.7970000238418362       -30.669580843287932       0.11517071645883974     
   1.7980000238418361       -30.679455480744103       0.11516017700313405     
   1.7990000238418360       -30.689331939761232       0.11514964065200993     
   1.8000000238418359       -30.699210218405280       0.11513911135326214     
   1.8010000238418358       -30.709090314744650       0.11512858914261098     
   1.8020000238418357       -30.718972226850276       0.11511807007177779     
   1.8030000238418356       -30.728855952795868       0.11510755406832909     
   1.8040000238418354       -30.738741490658157       0.11509704507977128     
   1.8050000238418353       -30.748628838515508       0.11508654318164052     
   1.8060000238418352       -30.758517994449615       0.11507604238446691     
   1.8070000238418351       -30.768408956544512       0.11506554855070210     
   1.8080000238418350       -30.778301722886777       0.11505506178340058     
   1.8090000238418349       -30.788196291565733       0.11504457610023892     
   1.8100000238418348       -30.798092660673674       0.11503409735364427     
   1.8110000238418347       -30.807990828304099       0.11502362567517894     
   1.8120000238418346       -30.817890792554415       0.11501315501419580     
   1.8130000238418345       -30.827792551524219       0.11500269329137931     
   1.8140000238418343       -30.837696103315412       0.11499223267439983     
   1.8150000238418342       -30.847601446032680       0.11498177892522571     
   1.8160000238418341       -30.857508577783062       0.11497133221884032     
   1.8170000238418340       -30.867417496676875       0.11496088647356090     
   1.8180000238418339       -30.877328200825577       0.11495044967130569     
   1.8190000238418338       -30.887240688344452       0.11494001387373881     
   1.8200000238418337       -30.897154957350764       0.11492958695443074     
   1.8210000238418336       -30.907071005964390       0.11491916106633557     
   1.8220000238418335       -30.916988832308139       0.11490874400884289     
   1.8230000238418334       -30.926908434506245       0.11489832799245564     
   1.8240000238418332       -30.936829810686579       0.11488792077545994     
   1.8250000238418331       -30.946752958979108       0.11487751459310123     
   1.8260000238418330       -30.956677877516455       0.11486711719520708     
   1.8270000238418329       -30.966604564433034       0.11485672080939485     
   1.8280000238418328       -30.976533017867251       0.11484633320935372     
   1.8290000238418327       -30.986463235958549       0.11483594658249079     
   1.8300000238418326       -30.996395216849727       0.11482556875911011     
   1.8310000238418325       -31.006328958685664       0.11481519185354323     
   1.8320000238418324       -31.016264459613716       0.11480482378589324     
   1.8330000238418322       -31.026201717784410       0.11479445656383461     
   1.8340000238418321       -31.036140731349388       0.11478409823135768     
   1.8350000238418320       -31.046081498464762       0.11477374264664413     
   1.8360000238418319       -31.056024017286770       0.11476339002220270     
   1.8370000238418318       -31.065968285976361       0.11475304610788999     
   1.8380000238418317       -31.075914302695114       0.11474270307661705     
   1.8390000238418316       -31.085862065608538       0.11473236884238741     
   1.8400000238418315       -31.095811572883374       0.11472203734567578     
   1.8410000238418314       -31.105762822689961       0.11471170877938025     
   1.8420000238418313       -31.115715813200076       0.11470138887736346     
   1.8430000238418311       -31.125670542588551       0.11469106981341616     
   1.8440000238418310       -31.135627009032760       0.11468075953738523     
   1.8450000238418309       -31.145585210712301       0.11467045194575329     
   1.8460000238418308       -31.155545145808279       0.11466014721613517     
   1.8470000238418307       -31.165506812506266       0.11464985118563970     
   1.8480000238418306       -31.175470208992575       0.11463955785120430     
   1.8490000238418305       -31.185435333457136       0.11462926737836282     
