   2.5000000000000000       -27.159506560282765       0.11412235530714233     
   2.5009999999999999       -27.161563846998199       0.11446521677700883     
   2.5019999999999998       -27.163627313869224       0.11480903937697845     
   2.5029999999999997       -27.165696978207492       0.11515382524136013     
   2.5039999999999996       -27.167772857347579       0.11549957397101222     
   2.5049999999999994       -27.169854968646007       0.11584628673914933     
   2.5059999999999993       -27.171943329480264       0.11619396621915445     
   2.5069999999999992       -27.174037957247794       0.11654261275404804     
   2.5079999999999991       -27.176138869364905       0.11689222823991836     
   2.5089999999999990       -27.178246083265702       0.11724281196613015     
   2.5099999999999989       -27.180359616400956       0.11759436478583929     
   2.5109999999999988       -27.182479486236950       0.11794688912171195     
   2.5119999999999987       -27.184605710254299       0.11830038580926588     
   2.5129999999999986       -27.186738305946704       0.11865485395600597     
   2.5139999999999985       -27.188877290819711       0.11901029412796464     
   2.5149999999999983       -27.191022682389395       0.11936670841695642     
   2.5159999999999982       -27.193174498181072       0.11972409737734019     
   2.5169999999999981       -27.195332755727868       0.12008245985830827     
   2.5179999999999980       -27.197497472569371       0.12044179610779847     
   2.5189999999999979       -27.199668666250176       0.12080210789421097     
   2.5199999999999978       -27.201846354318363       0.12116339546013949     
   2.5209999999999977       -27.204030554324024       0.12152565732288302     
   2.5219999999999976       -27.206221283817705       0.12188889337836943     
   2.5229999999999975       -27.208418560348790       0.12225310507514021     
   2.5239999999999974       -27.210622401463851       0.12261829231225679     
   2.5249999999999972       -27.212832824705014       0.12298445242961448     
   2.5259999999999971       -27.215049847608217       0.12335158725063423     
   2.5269999999999970       -27.217273487701430       0.12371969638737149     
   2.5279999999999969       -27.219503762502931       0.12408877774517550     
   2.5289999999999968       -27.221740689519372       0.12445883052317870     
   2.5299999999999967       -27.223984286243990       0.12482985623577741     
   2.5309999999999966       -27.226234570154617       0.12520185179444035     
   2.5319999999999965       -27.228491558711760       0.12557481606899931     
   2.5329999999999964       -27.230755269356603       0.12594875018310769     
   2.5339999999999963       -27.233025719508930       0.12632365076530477     
   2.5349999999999961       -27.235302926565090       0.12669951633492557     
   2.5359999999999960       -27.237586907895825       0.12707634764305825     
   2.5369999999999959       -27.239877680844145       0.12745414097885166     
   2.5379999999999958       -27.242175262723123       0.12783289448990087     
   2.5389999999999957       -27.244479670813618       0.12821260857058953     
   2.5399999999999956       -27.246790922362045       0.12859327911709950     
   2.5409999999999955       -27.249109034578026       0.12897490388428323     
   2.5419999999999954       -27.251434024632026       0.12935748292530860     
   2.5429999999999953       -27.253765909652998       0.12974101094760457     
   2.5439999999999952       -27.256104706725914       0.13012548752426845     
   2.5449999999999950       -27.258450432889312       0.13051091015264527     
   2.5459999999999949       -27.260803105132815       0.13089727375216609     
   2.5469999999999948       -27.263162740394577       0.13128457832452589     
   2.5479999999999947       -27.265529355558726       0.13167281795827743     
   2.5489999999999946       -27.267902967452752       0.13206199218940362     
   2.5499999999999945       -27.270283592844926       0.13245209566881588     
   2.5509999999999944       -27.272671248441597       0.13284312472782384     
   2.5519999999999943       -27.275065950884493       0.13323507794553066     
   2.5529999999999942       -27.277467716748088       0.13362794861534261     
   2.5539999999999941       -27.279876562536810       0.13402173560611386     
   2.5549999999999939       -27.282292504682289       0.13441643200949024     
   2.5559999999999938       -27.284715559540569       0.13481203629527730     
   2.5569999999999937       -27.287145743389356       0.13520854132102367     
   2.5579999999999936       -27.289583072425145       0.13560594517939331     
   2.5589999999999935       -27.292027562760442       0.13600424046538187     
   2.5599999999999934       -27.294479230420858       0.13640342491449658     
   2.5609999999999933       -27.296938091342291       0.13680349083391541     
   2.5619999999999932       -27.299404161368038       0.13720443562084281     
   2.5629999999999931       -27.301877456245933       0.13760625127195658     
   2.5639999999999930       -27.304357991625437       0.13800893486446744     
   2.5649999999999928       -27.306845783054783       0.13841247806407253     
   2.5659999999999927       -27.309340845978042       0.13881687764618997     
   2.5669999999999926       -27.311843195732280       0.13922212492684452     
   2.5679999999999925       -27.314352847544612       0.13962821639826234     
   2.5689999999999924       -27.316869816529408       0.14003514300952957     
   2.5699999999999923       -27.319394117685320       0.14044290098901291     
   2.5709999999999922       -27.321925765892480       0.14085148157115021     
   2.5719999999999921       -27.324464775909604       0.14126087805603943     
   2.5729999999999920       -27.327011162371207       0.14167108534763742     
   2.5739999999999919       -27.329564939784717       0.14208209372003211     
   2.5749999999999917       -27.332126122527718       0.14249389852089805     
   2.5759999999999916       -27.334694724845143       0.14290649026953312     
   2.5769999999999915       -27.337270760846522       0.14331986146495346     
   2.5779999999999914       -27.339854244503236       0.14373400624169463     
   2.5789999999999913       -27.342445189645844       0.14414891474722180     
   2.5799999999999912       -27.345043609961365       0.14456457901602299     
   2.5809999999999911       -27.347649518990675       0.14498099269792097     
   2.5819999999999910       -27.350262930125876       0.14539814491644354     
   2.5829999999999909       -27.352883856607740       0.14581602915862896     
   2.5839999999999907       -27.355512311523157       0.14623463673946441     
   2.5849999999999906       -27.358148307802693       0.14665395764459593     
   2.5859999999999905       -27.360791858218068       0.14707398304202746     
   2.5869999999999904       -27.363442975379847       0.14749470575229820     
   2.5879999999999903       -27.366101671735002       0.14791611472214189     
   2.5889999999999902       -27.368767959564678       0.14833820072240980     
   2.5899999999999901       -27.371441850981881       0.14876095559704580     
   2.5909999999999900       -27.374123357929314       0.14918436978305782     
   2.5919999999999899       -27.376812492177237       0.14960843241164576     
   2.5929999999999898       -27.379509265321310       0.15003313376303157     
   2.5939999999999896       -27.382213688780659       0.15045846519135908     
   2.5949999999999895       -27.384925773795814       0.15088441669362418     
   2.5959999999999894       -27.387645531426841       0.15131097697355933     
   2.5969999999999893       -27.390372972551454       0.15173813587495844     
   2.5979999999999892       -27.393108107863249       0.15216588434018546     
   2.5989999999999891       -27.395850947869953       0.15259421137290935     
   2.5999999999999890       -27.398601502891751       0.15302310709259448     
   2.6009999999999889       -27.401359783059704       0.15345255976316186     
   2.6019999999999888       -27.404125798314197       0.15388255935396966     
   2.6029999999999887       -27.406899558403463       0.15431309457708392     
   2.6039999999999885       -27.409681072882190       0.15474415580469586     
   2.6049999999999884       -27.412470351110155       0.15517573158189096     
   2.6059999999999883       -27.415267402250969       0.15560781154487646     
   2.6069999999999882       -27.418072235270877       0.15604038354402616     
   2.6079999999999881       -27.420884858937590       0.15647343710472406     
   2.6089999999999880       -27.423705281819238       0.15690696054197151     
   2.6099999999999879       -27.426533512283353       0.15734094383432051     
   2.6109999999999878       -27.429369558495953       0.15777537517852153     
   2.6119999999999877       -27.432213428420624       0.15821024330702832     
   2.6129999999999876       -27.435065129817769       0.15864553746841420     
   2.6139999999999874       -27.437924670243820       0.15908124518394684     
   2.6149999999999873       -27.440792057050629       0.15951735563929126     
   2.6159999999999872       -27.443667297384774       0.15995385741725401     
   2.6169999999999871       -27.446550398187092       0.16039073907232204     
   2.6179999999999870       -27.449441366192165       0.16082798858910913     
   2.6189999999999869       -27.452340207927936       0.16126559557519118     
   2.6199999999999868       -27.455246929715280       0.16170354796629982     
   2.6209999999999867       -27.458161537667799       0.16214183423844622     
   2.6219999999999866       -27.461084037691574       0.16258044285651718     
   2.6229999999999865       -27.464014435484941       0.16301936281374851     
   2.6239999999999863       -27.466952736538438       0.16345858148214709     
   2.6249999999999862       -27.469898946134734       0.16389808785746496     
   2.6259999999999861       -27.472853069348616       0.16433787039249956     
   2.6269999999999860       -27.475815111047069       0.16477791754490498     
   2.6279999999999859       -27.478785075889348       0.16521821725098251     
   2.6289999999999858       -27.481762968327253       0.16565875905292404     
   2.6299999999999857       -27.484748792605210       0.16609953090355856     
   2.6309999999999856       -27.487742552760636       0.16654052130915131     
   2.6319999999999855       -27.490744252624211       0.16698171879517287     
   2.6329999999999854       -27.493753895820269       0.16742311190889309     
   2.6339999999999852       -27.496771485767233       0.16786468973565910     
   2.6349999999999851       -27.499797025678035       0.16830643983922489     
   2.6359999999999850       -27.502830518560636       0.16874835136904029     
   2.6369999999999849       -27.505871967218603       0.16919041298493984     
   2.6379999999999848       -27.508921374251685       0.16963261338090327     
   2.6389999999999847       -27.511978742056431       0.17007494078451227     
   2.6399999999999846       -27.515044072826889       0.17051738497807284     
   2.6409999999999845       -27.518117368555302       0.17095993426018696     
   2.6419999999999844       -27.521198631032888       0.17140257748293053     
   2.6429999999999843       -27.524287861850553       0.17184530403905984     
   2.6439999999999841       -27.527385062399794       0.17228810187080132     
   2.6449999999999840       -27.530490233873515       0.17273096047438946     
   2.6459999999999839       -27.533603377266907       0.17317386889127359     
   2.6469999999999838       -27.536724493378351       0.17361681572889881     
   2.6479999999999837       -27.539853582810416       0.17405979111455724     
   2.6489999999999836       -27.542990645970789       0.17450278375461664     
   2.6499999999999835       -27.546135683073263       0.17494578338826630     
   2.6509999999999834       -27.549288694138824       0.17538877835824709     
   2.6519999999999833       -27.552449678996659       0.17583175853067254     
   2.6529999999999831       -27.555618637285228       0.17627471286618343     
   2.6539999999999830       -27.558795568453387       0.17671763182105368     
   2.6549999999999829       -27.561980471761494       0.17716050446994541     
   2.6559999999999828       -27.565173346282563       0.17760332090145320     
   2.6569999999999827       -27.568374190903398       0.17804606986326280     
   2.6579999999999826       -27.571583004325824       0.17848874112158392     
   2.6589999999999825       -27.574799785067817       0.17893132543877835     
   2.6599999999999824       -27.578024531464791       0.17937381222826501     
   2.6609999999999823       -27.581257241670741       0.17981619189918180     
   2.6619999999999822       -27.584497913659597       0.18025845356590434     
   2.6629999999999820       -27.587746545226359       0.18070058734211869     
   2.6639999999999819       -27.591003133988487       0.18114258430392874     
   2.6649999999999818       -27.594267677387094       0.18158443467509194     
   2.6659999999999817       -27.597540172688298       0.18202612742096003     
   2.6669999999999816       -27.600820616984507       0.18246765429586534     
   2.6679999999999815       -27.604109007195724       0.18290900573927571     
   2.6689999999999814       -27.607405340070905       0.18335017138451548     
   2.6699999999999813       -27.610709612189247       0.18379114186039883     
   2.6709999999999812       -27.614021819961568       0.18423190873415149     
   2.6719999999999811       -27.617341959631659       0.18467246274096338     
   2.6729999999999809       -27.620670027277605       0.18511279341394063     
   2.6739999999999808       -27.624006018813176       0.18555289298073621     
   2.6749999999999807       -27.627349929989172       0.18599275240185240     
   2.6759999999999806       -27.630701756394835       0.18643236145485143     
   2.6769999999999805       -27.634061493459150       0.18687171300874550     
   2.6779999999999804       -27.637429136452319       0.18731079696431019     
   2.6789999999999803       -27.640804680487051       0.18774960463974891     
   2.6799999999999802       -27.644188120520027       0.18818812867300702     
   2.6809999999999801       -27.647579451353245       0.18862635922192317     
   2.6819999999999800       -27.650978667635407       0.18906428783714740     
   2.6829999999999798       -27.654385763863303       0.18950190735773509     
   2.6839999999999797       -27.657800734383247       0.18993920779333459     
   2.6849999999999796       -27.661223573392427       0.19037618257370476     
   2.6859999999999795       -27.664654274940339       0.19081282226322172     
   2.6869999999999794       -27.668092832930085       0.19124911880097947     
   2.6879999999999793       -27.671539241119888       0.19168506538564489     
   2.6889999999999792       -27.674993493124397       0.19212065245175819     
   2.6899999999999791       -27.678455582416113       0.19255587377317857     
   2.6909999999999790       -27.681925502326781       0.19299071993198658     
   2.6919999999999789       -27.685403246048736       0.19342518486143442     
   2.6929999999999787       -27.688888806636328       0.19385925969568449     
   2.6939999999999786       -27.692382177007289       0.19429293691437780     
   2.6949999999999785       -27.695883349944111       0.19472621021868394     
   2.6959999999999784       -27.699392318095427       0.19515907063101295     
   2.6969999999999783       -27.702909073977366       0.19559151240813366     
   2.6979999999999782       -27.706433609974972       0.19602352672469495     
   2.6989999999999781       -27.709965918343492       0.19645510798865978     
   2.6999999999999780       -27.713505991209828       0.19688624752736908     
   2.7009999999999779       -27.717053820573817       0.19731693989809362     
   2.7019999999999778       -27.720609398309648       0.19774717696693467     
   2.7029999999999776       -27.724172716167178       0.19817695189509760     
   2.7039999999999775       -27.727743765773290       0.19860625901553502     
   2.7049999999999774       -27.731322538633211       0.19903509009533998     
   2.7059999999999773       -27.734909026131920       0.19946344000008798     
   2.7069999999999772       -27.738503219535392       0.19989130064742114     
   2.7079999999999771       -27.742105109991989       0.20031866704828832     
   2.7089999999999770       -27.745714688533774       0.20074553126950107     
   2.7099999999999769       -27.749331946077795       0.20117188846672387     
   2.7109999999999768       -27.752956873427443       0.20159773085425303     
   2.7119999999999767       -27.756589461273734       0.20202305336236359     
   2.7129999999999765       -27.760229700196618       0.20244784982968719     
   2.7139999999999764       -27.763877580666303       0.20287211311194214     
   2.7149999999999763       -27.767533093044484       0.20329583867114198     
   2.7159999999999762       -27.771196227585698       0.20371901913469326     
   2.7169999999999761       -27.774866974438563       0.20414165010949026     
   2.7179999999999760       -27.778545323647098       0.20456372436141751     
   2.7189999999999759       -27.782231265151928       0.20498523728336429     
   2.7199999999999758       -27.785924788791618       0.20540618321515927     
   2.7209999999999757       -27.789625884303863       0.20582655553454815     
   2.7219999999999756       -27.793334541326821       0.20624635016208945     
   2.7229999999999754       -27.797050749400288       0.20666556024668858     
   2.7239999999999753       -27.800774497966984       0.20708418150391517     
   2.7249999999999752       -27.804505776373780       0.20750220862283791     
   2.7259999999999751       -27.808244573872898       0.20791963534065075     
   2.7269999999999750       -27.811990879623195       0.20833645755462032     
   2.7279999999999749       -27.815744682691303       0.20875267015988308     
   2.7289999999999748       -27.819505972052951       0.20916826711225195     
   2.7299999999999747       -27.823274736594051       0.20958324449421492     
   2.7309999999999746       -27.827050965111965       0.20999759740408452     
   2.7319999999999744       -27.830834646316703       0.21041132000648177     
   2.7329999999999743       -27.834625768832080       0.21082440857303067     
   2.7339999999999742       -27.838424321196932       0.21123685840236384     
   2.7349999999999741       -27.842230291866265       0.21164866419562373     
   2.7359999999999740       -27.846043669212456       0.21205982140387647     
   2.7369999999999739       -27.849864441526361       0.21247032620135914     
   2.7379999999999738       -27.853692597018558       0.21288017414965071     
   2.7389999999999737       -27.857528123820423       0.21328936021681244     
   2.7399999999999736       -27.861371009985326       0.21369788043594065     
   2.7409999999999735       -27.865221243489735       0.21410573024212365     
   2.7419999999999733       -27.869078812234392       0.21451290611329332     
   2.7429999999999732       -27.872943704045401       0.21491940360522624     
   2.7439999999999731       -27.876815906675375       0.21532521866594184     
   2.7449999999999730       -27.880695407804566       0.21573034762620699     
   2.7459999999999729       -27.884582195041943       0.21613478591325330     
   2.7469999999999728       -27.888476255926314       0.21653852998374742     
   2.7479999999999727       -27.892377577927427       0.21694157603137476     
   2.7489999999999726       -27.896286148447068       0.21734392031042615     
   2.7499999999999725       -27.900201954820137       0.21774555913549989     
   2.7509999999999724       -27.904124984315743       0.21814648888112045     
   2.7519999999999722       -27.908055224138266       0.21854670598147383     
   2.7529999999999721       -27.911992661428432       0.21894620661674058     
   2.7539999999999720       -27.915937283264412       0.21934498796475654     
   2.7549999999999719       -27.919889076662809       0.21974304632413022     
   2.7559999999999718       -27.923848028579769       0.22014037867366196     
   2.7569999999999717       -27.927814125912008       0.22053698112513723     
   2.7579999999999716       -27.931787355497882       0.22093285046440903     
   2.7589999999999715       -27.935767704118376       0.22132798414306468     
   2.7599999999999714       -27.939755158498144       0.22172237906384445     
   2.7609999999999713       -27.943749705306580       0.22211603127407825     
   2.7619999999999711       -27.947751331158802       0.22250893868722812     
   2.7629999999999710       -27.951760022616632       0.22290109838091490     
   2.7639999999999709       -27.955775766189682       0.22329250657169186     
   2.7649999999999708       -27.959798548336288       0.22368316164314983     
   2.7659999999999707       -27.963828355464535       0.22407305963295018     
   2.7669999999999706       -27.967865173933284       0.22446219902793615     
   2.7679999999999705       -27.971908990053059       0.22485057627304345     
   2.7689999999999704       -27.975959790087153       0.22523818878006724     
   2.7699999999999703       -27.980017560252470       0.22562503458911967     
   2.7709999999999702       -27.984082286720636       0.22601111120052839     
   2.7719999999999700       -27.988153955618841       0.22639641559263918     
   2.7729999999999699       -27.992232553030860       0.22678094567302998     
   2.7739999999999698       -27.996318064998000       0.22716469910832693     
   2.7749999999999697       -28.000410477520031       0.22754767361769199     
   2.7759999999999696       -28.004509776556148       0.22792986697245737     
   2.7769999999999695       -28.008615948025884       0.22831127671124068     
   2.7779999999999694       -28.012728977810060       0.22869190127571098     
   2.7789999999999693       -28.016848851751718       0.22907173859249216     
   2.7799999999999692       -28.020975555657014       0.22945078607608574     
   2.7809999999999691       -28.025109075296164       0.22982904174768665     
   2.7819999999999689       -28.029249396404339       0.23020650425932368     
   2.7829999999999688       -28.033396504682560       0.23058317172590298     
   2.7839999999999687       -28.037550385798617       0.23095904149577132     
   2.7849999999999686       -28.041711025387965       0.23133411263330642     
   2.7859999999999685       -28.045878409054584       0.23170838313459668     
   2.7869999999999684       -28.050052522371903       0.23208185132573783     
   2.7879999999999683       -28.054233350883646       0.23245451585537807     
   2.7889999999999682       -28.058420880104748       0.23282637460170447     
   2.7899999999999681       -28.062615095522137       0.23319742603383453     
   2.7909999999999680       -28.066815982595717       0.23356766948933483     
   2.7919999999999678       -28.071023526759127       0.23393710271662785     
   2.7929999999999677       -28.075237713420648       0.23430572433650287     
   2.7939999999999676       -28.079458527964029       0.23467353354619400     
   2.7949999999999675       -28.083685955749328       0.23504052905134032     
   2.7959999999999674       -28.087919982113768       0.23540670907209987     
   2.7969999999999673       -28.092160592372558       0.23577207267060782     
   2.7979999999999672       -28.096407771819727       0.23613661843544551     
