   1.6000000238418579       -33.444369016078859       0.46197896608253625       0.25187930300143968     
   1.6010000238418578       -33.452729127716360       0.46028030805871073       0.25182874906520580     
   1.6020000238418577       -33.461098115582026       0.45856115576319767       0.25177844757726764     
   1.6030000238418576       -33.469476024538153       0.45682085191446681       0.25172840283311526     
   1.6040000238418575       -33.477862900812532       0.45505869625619411       0.25167861921659651     
   1.6050000238418574       -33.486258792075731       0.45327394833777251       0.25162910131135940     
   1.6060000238418572       -33.494663747525493       0.45146582419942344       0.25157985391555937     
   1.6070000238418571       -33.503077817977385       0.44963349269700270       0.25153088205812768     
   1.6080000238418570       -33.511501055963940       0.44777607141661491       0.25148219101660696     
   1.6090000238418569       -33.519933515841686       0.44589261749098430       0.25143378627517826     
   1.6100000238418568       -33.528375253908536       0.44398214088667065       0.25138567379332333     
   1.6110000238418567       -33.536826328531291       0.44204356673686895       0.25133785959934635     
   1.6120000238418566       -33.545286800285858       0.44007576527994074       0.25129035030966390     
   1.6130000238418565       -33.553756732110777       0.43807750836548798       0.25124315267144681     
   1.6140000238418564       -33.562236189475918       0.43604749311336111       0.25119627401515110     
   1.6150000238418563       -33.570725240569082       0.43398431437368817       0.25114972206175057     
   1.6160000238418561       -33.579223956501941       0.43188645879090021       0.25110350501690631     
   1.6170000238418560       -33.587732411538852       0.42975228815096084       0.25105763157842731     
   1.6180000238418559       -33.596250683351691       0.42758004367525820       0.25101211118920563     
   1.6190000238418558       -33.604778853303856       0.42536779834928673       0.25096695375312061     
   1.6200000238418557       -33.613317006769563       0.42311347004556726       0.25092217005680095     
   1.6210000238418556       -33.621865233492372       0.42081478184453236       0.25087777165718639     
   1.6220000238418555       -33.630423627991064       0.41846923680575460       0.25083377099009535     
   1.6230000238418554       -33.638992290019949       0.41607410622050206       0.25079018165443179     
   1.6240000238418553       -33.647571325094290       0.41362636283775228       0.25074701825756524     
   1.6250000238418552       -33.656160845092188       0.41112266577659601       0.25070429682937889     
   1.6260000238418550       -33.664760968949736       0.40855930562442438       0.25066203496570405     
   1.6270000238418549       -33.673371823466603       0.40593213397233463       0.25062025198414178     
   1.6280000238418548       -33.681993544246836       0.40323648885309310       0.25057896921603517     
   1.6290000238418547       -33.690626276806874       0.40046711588024880       0.25053821044730351     
   1.6300000238418546       -33.699270177888266       0.39761803547127478       0.25049800221594970     
   1.6310000238418545       -33.707925417028818       0.39468241151211647       0.25045837443944291     
   1.6320000238418544       -33.716592178461383       0.39165236663722447       0.25041936107906904     
   1.6330000238418543       -33.725270663432354       0.38851872508150570       0.25038100090372623     
   1.6340000238418542       -33.733961093069020       0.38527072537995227       0.25034333876834119     
   1.6350000238418541       -33.742663711975482       0.38189558131033352       0.25030642700383038     
   1.6360000238418539       -33.751378792812375       0.37837790683041272       0.25027032745004557     
   1.6370000238418538       -33.760106642239563       0.37469892034128677       0.25023511430143786     
   1.6380000238418537       -33.768847608790942       0.37083527837977726       0.25020087806996433     
   1.6390000238418536       -33.777602093575872       0.36675736072693255       0.25016773149411853     
   1.6400000238418535       -33.786370565265841       0.36242661830883377       0.25013581856111267     
   1.6410000238418534       -33.795153581868078       0.35779125420164498       0.25010532894698217     
   1.6420000238418533       -33.803951823849204       0.35277881710992737       0.25007652271752845     
   1.6430000238418532       -33.812766147612685       0.34728240490733064       0.25004977581605176     
   1.6440000238418531       -33.821597679032152       0.34113212046950658       0.25002567325867087     
   1.6450000238418530       -33.830447996921976       0.33402619817388923       0.25000523171556160     
   1.6460000238418528       -33.839319564593552       0.32531766832561970       0.24999058150173242     
   1.6470000238418527       -33.848217178944871       0.31289682806140323       0.24998849553252012     
   1.6480000238418526       -33.858998749562424       0.10794883716217546       0.25069401700266120     
   1.6490000238418525       -33.868143444593805       0.10794225570779642       0.25067188720568384     
   1.6500000238418524       -33.877290547018241       0.10793582338244730       0.25064976828829505     
   1.6510000238418523       -33.886440053912040       0.10792939476725168       0.25062766584843693     
   1.6520000238418522       -33.895591962354523       0.10792297041509714       0.25060557337505601     
   1.6530000238418521       -33.904746269431136       0.10791654613319887       0.25058349735998686     
   1.6540000238418520       -33.913902972230680       0.10791012501909514       0.25056143279394760     
   1.6550000238418519       -33.923062067846509       0.10790370693624478       0.25053937982450591     
   1.6560000238418517       -33.932223553375991       0.10789728896840772       0.25051734307390650     
   1.6570000238418516       -33.941387425921448       0.10789087503566874       0.25049531618016002     
   1.6580000238418515       -33.950553682589643       0.10788446114344508       0.25047330551549485     
   1.6590000238418514       -33.959722320490904       0.10787805130181789       0.25045130454932085     
   1.6600000238418513       -33.968893336740749       0.10787164241976678       0.25042931821336339     
   1.6610000238418512       -33.978066728458607       0.10786523459068906       0.25040734630619915     
   1.6620000238418511       -33.987242492768125       0.10785883069829327       0.25038538408248612     
   1.6630000238418510       -33.996420626797729       0.10785242677866511       0.25036343792858257     
   1.6640000238418509       -34.005601127679540       0.10784602583872586       0.25034150289037704     
   1.6650000238418508       -34.014783992550754       0.10783962776299244       0.25031957908743308     
   1.6660000238418506       -34.023969218552047       0.10783322966240139       0.25029767119145202     
   1.6670000238418505       -34.033156802829183       0.10782683544286450       0.25027577274158985     
   1.6680000238418504       -34.042346742531848       0.10782044208132435       0.25025388863858566     
   1.6690000238418503       -34.051539034813750       0.10781404965646484       0.25023201870397166     
   1.6700000238418502       -34.060733676833415       0.10780766103651228       0.25021015814619130     
   1.6710000238418501       -34.069930665753489       0.10780127324504957       0.25018831181848961     
   1.6720000238418500       -34.079129998740171       0.10779488635524383       0.25016647955135796     
   1.6730000238418499       -34.088331672965239       0.10778850320716615       0.25014465657252322     
   1.6740000238418498       -34.097535685603731       0.10778212085237376       0.25012284771840432     
   1.6750000238418497       -34.106742033835275       0.10777573935907214       0.25010105282737249     
   1.6760000238418495       -34.115950714843883       0.10776936155720121       0.25007926711727962     
   1.6770000238418494       -34.125161725817641       0.10776298450788385       0.25005749543759470     
   1.6780000238418493       -34.134375063948625       0.10775660827499650       0.25003573763400716     
   1.6790000238418492       -34.143590726433381       0.10775023569558004       0.25001398888517695     
   1.6800000238418491       -34.152808710472883       0.10774386382258420       0.24999225408372705     
   1.6810000238418490       -34.162029013272317       0.10773749271583966       0.24997053308182129     
   1.6820000238418489       -34.171251632040416       0.10773112427384898       0.24994882261952622     
   1.6830000238418488       -34.180476563990787       0.10772475841332399       0.24992712277226825     
   1.6840000238418487       -34.189703806341022       0.10771839230049864       0.24990543828959463     
   1.6850000238418485       -34.198933356313077       0.10771202882375287       0.24988376421767711     
   1.6860000238418484       -34.208165211132666       0.10770566790341535       0.24986210062725903     
   1.6870000238418483       -34.217399368030129       0.10769930761871889       0.24984045073575484     
   1.6880000238418482       -34.226635824239793       0.10769294801916682       0.24981881441297560     
   1.6890000238418481       -34.235874577000132       0.10768659096965180       0.24979718841379281     
   1.6900000238418480       -34.245115623553659       0.10768023639752311       0.24977557279855528     
   1.6910000238418479       -34.254358961147503       0.10767388149255952       0.24975397234343599     
   1.6920000238418478       -34.263604587032312       0.10766752912307213       0.24973238206319939     
   1.6930000238418477       -34.272852498463138       0.10766117921940743       0.24971080201422857     
   1.6940000238418476       -34.282102692699873       0.10765482985606009       0.24968923546816735     
   1.6950000238418474       -34.291355167005136       0.10764848107422281       0.24966768230977754     
   1.6960000238418473       -34.300609918646650       0.10764213475876978       0.24964613921656331     
   1.6970000238418472       -34.309866944896370       0.10763579084599156       0.24962460623605973     
   1.6980000238418471       -34.319126243029430       0.10762944743414514       0.24960308662552202     
   1.6990000238418470       -34.328387810325964       0.10762310455912544       0.24958158027854299     
   1.7000000238418469       -34.337651644070149       0.10761676409053209       0.24956008387477235     
   1.7010000238418468       -34.346917741549859       0.10761042597021338       0.24953859745364529     
   1.7020000238418467       -34.356186100056988       0.10760408830447611       0.24951712428457690     
   1.7030000238418466       -34.365456716887806       0.10759775112462841       0.24949566426961317     
   1.7040000238418465       -34.374729589342678       0.10759141630026137       0.24947421406370621     
   1.7050000238418463       -34.384004714725890       0.10758508377817537       0.24945277369893704     
   1.7060000238418462       -34.393282090346013       0.10757875165767726       0.24943134648340001     
   1.7070000238418461       -34.402561713515198       0.10757242089369767       0.24940993067903383     
   1.7080000238418460       -34.411843581550265       0.10756609058732257       0.24938852783357290     
   1.7090000238418459       -34.421127691771645       0.10755976253879258       0.24936713469450078     
   1.7100000238418458       -34.430414041503795       0.10755343670174239       0.24934575128363701     
   1.7110000238418457       -34.439702628075459       0.10754711123778736       0.24932438083133487     
   1.7120000238418456       -34.448993448819415       0.10754078616789152       0.24930302325870501     
   1.7130000238418455       -34.458286501072180       0.10753446332311384       0.24928167523342223     
   1.7140000238418454       -34.467581782174584       0.10752814266141537       0.24926033677063447     
   1.7150000238418452       -34.476879289471100       0.10752182230625383       0.24923901119561848     
   1.7160000238418451       -34.486179020310395       0.10751550319994273       0.24921769676470593     
   1.7170000238418450       -34.495480972045669       0.10750918444494320       0.24919639505280339     
   1.7180000238418449       -34.504785142033043       0.10750286783864967       0.24917510275780744     
   1.7190000238418448       -34.514091527633560       0.10749655334489633       0.24915381988579080     
   1.7200000238418447       -34.523400126211548       0.10749023911389415       0.24913254974699248     
   1.7210000238418446       -34.532710935136052       0.10748392607404472       0.24911129060705328     
   1.7220000238418445       -34.542023951779136       0.10747761333563499       0.24909004404374788     
   1.7230000238418444       -34.551339173517761       0.10747130268044414       0.24906880675227455     
   1.7240000238418443       -34.560656597732347       0.10746499407781061       0.24904757873016356     
   1.7250000238418441       -34.569976221807167       0.10745868568621747       0.24902636330594780     
   1.7260000238418440       -34.579298043130940       0.10745237842981144       0.24900515873759377     
   1.7270000238418439       -34.588622059095655       0.10744607141749267       0.24898396662160691     
   1.7280000238418438       -34.597948267097799       0.10743976643373032       0.24896278361795302     
   1.7290000238418437       -34.607276664537594       0.10743346255075913       0.24894161138797935     
   1.7300000238418436       -34.616607248818880       0.10742716062388778       0.24892044829514448     
   1.7310000238418435       -34.625940017349755       0.10742085887529118       0.24889929758993676     
   1.7320000238418434       -34.635274967542458       0.10741455819666622       0.24887815757187892     
   1.7330000238418433       -34.644612096812359       0.10740825772207568       0.24885702981045782     
   1.7340000238418432       -34.653951402579771       0.10740195918473455       0.24883591102385635     
   1.7350000238418430       -34.663292882267513       0.10739566256528423       0.24881480119159624     
   1.7360000238418429       -34.672636533303688       0.10738936605648736       0.24879370365155429     
   1.7370000238418428       -34.681982353119437       0.10738307056497556       0.24877261666031469     
   1.7380000238418427       -34.691330339150198       0.10737677520568638       0.24875154183982071     
   1.7390000238418426       -34.700680488834379       0.10737048175084930       0.24873047580448254     
   1.7400000238418425       -34.710032799616023       0.10736418928083856       0.24870942023829798     
   1.7410000238418424       -34.719387268940935       0.10735789865628871       0.24868837346270489     
   1.7420000238418423       -34.728743894260447       0.10735160809251071       0.24866733881320530     
   1.7430000238418422       -34.738102673028877       0.10734531848455134       0.24864631454940256     
   1.7440000238418421       -34.747463602704421       0.10733902895301869       0.24862530230285007     
   1.7450000238418419       -34.756826680749576       0.10733274125882881       0.24860429867132897     
   1.7460000238418418       -34.766191904629828       0.10732645448924548       0.24858330534716144     
   1.7470000238418417       -34.775559271815240       0.10732016863439015       0.24856232230381858     
   1.7480000238418416       -34.784928779779761       0.10731388452315811       0.24854134790221125     
   1.7490000238418415       -34.794300426000461       0.10730760043747055       0.24852038539696183     
   1.7500000238418414       -34.803674207958323       0.10730131723858918       0.24849943309073647     
   1.7510000238418413       -34.813050123138957       0.10729503407402280       0.24847849258662658     
   1.7520000238418412       -34.822428169030587       0.10728875264996945       0.24845756054379312     
   1.7530000238418411       -34.831808343126355       0.10728247208271001       0.24843663862319859     
   1.7540000238418409       -34.841190642922179       0.10727619321205389       0.24841572514688209     
   1.7550000238418408       -34.850575065918271       0.10726991429943827       0.24839482344874833     
   1.7560000238418407       -34.859961609618857       0.10726363621643516       0.24837393179264819     
   1.7570000238418406       -34.869350271531232       0.10725735895369480       0.24835305015288578     
   1.7580000238418405       -34.878741049167175       0.10725108167370706       0.24833218012677627     
   1.7590000238418404       -34.888133940041257       0.10724480605264836       0.24831131838858539     
   1.7600000238418403       -34.897528941672874       0.10723853122314438       0.24829046659137319     
   1.7610000238418402       -34.906926051584399       0.10723225801609509       0.24826962305378697     
   1.7620000238418401       -34.916325267302391       0.10722598471307782       0.24824879111657502     
   1.7630000238418400       -34.925726586357015       0.10721971217541787       0.24822796904194394     
   1.7640000238418398       -34.935130006281831       0.10721344039419278       0.24820715680477523     
   1.7650000238418397       -34.944535524614473       0.10720716853517723       0.24818635601883310     
   1.7660000238418396       -34.953943138895966       0.10720089826795903       0.24816556332818665     
   1.7670000238418395       -34.963352846671597       0.10719462872954880       0.24814478040107668     
   1.7680000238418394       -34.972764645489704       0.10718835991114456       0.24812400721266523     
   1.7690000238418393       -34.982178532902857       0.10718209261796388       0.24810324210868989     
   1.7700000238418392       -34.991594506466740       0.10717582518599032       0.24808248837461080     
   1.7710000238418391       -35.001012563741028       0.10716955844911748       0.24806174430265779     
   1.7720000238418390       -35.010432702289641       0.10716329156527052       0.24804101154579231     
   1.7730000238418389       -35.019854919678764       0.10715702622011949       0.24802028667201062     
   1.7740000238418387       -35.029279213479469       0.10715076154348485       0.24799957138814099     
   1.7750000238418386       -35.038705581266193       0.10714449752682915       0.24797886566979152     
   1.7760000238418385       -35.048134020616786       0.10713823498981893       0.24795816781282706     
   1.7770000238418384       -35.057564529112732       0.10713197224114029       0.24793748120400641     
   1.7780000238418383       -35.066997104339357       0.10712571012849069       0.24791680408575928     
   1.7790000238418382       -35.076431743885820       0.10711944864360091       0.24789613643403052     
   1.7800000238418381       -35.085868445344218       0.10711318695269245       0.24787547991240874     
   1.7810000238418380       -35.095307206310856       0.10710692672507655       0.24785483107075321     
   1.7820000238418379       -35.104748024385543       0.10710066709991625       0.24783419162493509     
   1.7830000238418378       -35.114190897171568       0.10709440806910081       0.24781356155119305     
   1.7840000238418376       -35.123635822275560       0.10708814962465057       0.24779294082575254     
   1.7850000238418375       -35.133082797308873       0.10708189255912139       0.24777232777245553     
   1.7860000238418374       -35.142531819884816       0.10707563523833127       0.24775172572119697     
   1.7870000238418373       -35.151982887621642       0.10706937848114564       0.24773113294526697     
   1.7880000238418372       -35.161435998140320       0.10706312227960607       0.24771054942136597     
   1.7890000238418371       -35.170891149066065       0.10705686582126413       0.24768997679957452     
   1.7900000238418370       -35.180348338027024       0.10705061073263217       0.24766941166067966     
   1.7910000238418369       -35.189807562655275       0.10704435617564401       0.24764885570494341     
   1.7920000238418368       -35.199268820586710       0.10703810214271102       0.24762830890909907     
   1.7930000238418367       -35.208732109460087       0.10703184862620303       0.24760777125000100     
   1.7940000238418365       -35.218197426918117       0.10702559640603559       0.24758724105095820     
   1.7950000238418364       -35.227664770607134       0.10701934387575393       0.24756672164340246     
   1.7960000238418363       -35.237134138177076       0.10701309184018409       0.24754621130172488     
   1.7970000238418362       -35.246605527280494       0.10700684029188177       0.24752571000327381     
   1.7980000238418361       -35.256078935574905       0.10700058842542824       0.24750521941375986     
