   2.5000000000000000       -36.796794113421051        9.1315838211766994E-010
   2.4990000000000001       -36.785908300792883        5.0886599243016115E-010
   2.4980000000000002       -36.775023398613143        2.8357411652493446E-010
   2.4970000000000003       -36.764139407658973        1.5802843532814537E-010
   2.4960000000000004       -36.753256328706819        8.8065670844150721E-011
   2.4950000000000006       -36.742374162535633        4.9078330933058935E-011
   2.4940000000000007       -36.731492909922466        2.7351186545090427E-011
   2.4930000000000008       -36.720612571649873        1.5243180053702337E-011
   2.4920000000000009       -36.709733148496134        8.4953430793557964E-012
   2.4910000000000010       -36.698854641244004        4.7338916575870673E-012
   2.4900000000000011       -36.687977050675237        2.6384972355247970E-012
   2.4890000000000012       -36.677100377573289        1.4707671775783106E-012
   2.4880000000000013       -36.666224622723256        8.1938143802979536E-013
   2.4870000000000014       -36.655349786909007        4.5673724474617169E-013
   2.4860000000000015       -36.644475870917027        2.5474602414230622E-013
   2.4850000000000017       -36.633602875533605        1.4108051378648240E-013
   2.4840000000000018       -36.622730801547348        7.8548283940646544E-014
   2.4830000000000019       -36.611859649746656        4.3575477878285542E-014
   2.4820000000000020       -36.600989420920499        2.4030843364561976E-014
   2.4810000000000021       -36.590120115859122        1.3573815365407989E-014
   2.4800000000000022       -36.579251735354383        7.6414402556520138E-015
   2.4790000000000023       -36.568384280199396        4.2604709608575969E-015
   2.4780000000000024       -36.557517751185046        2.4060973316732827E-015
   2.4770000000000025       -36.546652149106357        1.2689047282227482E-015
   2.4760000000000026       -36.535787474758813        7.4056714141492256E-016
   2.4750000000000028       -36.524923728936031        4.4182894636226094E-016
   2.4740000000000029       -36.514060912438083        2.5945535326011188E-016
   2.4730000000000030       -36.503199026060230        1.0138930302780166E-016
   2.4720000000000031       -36.492338070601342        6.3302321887584034E-017
   2.4710000000000032       -36.481478046859841        4.4082839747388607E-017
   2.4700000000000033       -36.470618955638948        2.7906513159797658E-017
   2.4690000000000034       -36.459760797735250        8.5353632074230660E-018
   2.4680000000000035       -36.448903573954837        1.3449638684751092E-017
   2.4670000000000036       -36.438047285099110        9.7852908108710891E-018
   2.4660000000000037       -36.427191931971016        9.1225623420295034E-019
   2.4650000000000039       -36.416337515378345        1.1410839517017254E-018
   2.4640000000000040       -36.405484036124292       -8.0799256135278172E-019
   2.4630000000000041       -36.394631495014821       -2.8559518372547370E-018
   2.4620000000000042       -36.383779892861185        1.1584210741002202E-018
   2.4610000000000043       -36.372929230468678       -2.5051335298848116E-017
   2.4600000000000044       -36.362079508645706        5.3467458059500551E-018
   2.4590000000000045       -36.351230728206588        4.7232242394390874E-018
   2.4580000000000046       -36.340382889958342        3.9462582445771386E-018
   2.4570000000000047       -36.329535994716252        4.2262955883087624E-018
   2.4560000000000048       -36.318690043291724        7.4042945828851449E-019
   2.4550000000000050       -36.307845036499671        2.9081790255172012E-018
   2.4540000000000051       -36.297000975153615        4.5288169248346947E-018
   2.4530000000000052       -36.286157860070524        2.6031738674095858E-018
   2.4520000000000053       -36.275315692067174        1.7048420039873522E-018
   2.4510000000000054       -36.264474471960085        2.2288579790521432E-018
   2.4500000000000055       -36.253634200570687        1.3658431391402410E-018
   2.4490000000000056       -36.242794878714911        4.7990026965234796E-019
   2.4480000000000057       -36.231956507216317       -1.1776125945713091E-018
   2.4470000000000058       -36.221119086894213       -6.3037764792030196E-019
   2.4460000000000059       -36.210282618571796        1.4806251435751551E-018
   2.4450000000000061       -36.199447103072522        1.4105682868915711E-018
   2.4440000000000062       -36.188612541220287       -2.7568926940363889E-018
   2.4430000000000063       -36.177778933840358       -2.4117519035823646E-018
   2.4420000000000064       -36.166946281758889       -1.6270313038354838E-018
   2.4410000000000065       -36.156114585803294       -7.2838798402107761E-019
   2.4400000000000066       -36.145283846800716       -8.3382493269161266E-019
   2.4390000000000067       -36.134454065580179        1.5502012702410740E-018
   2.4380000000000068       -36.123625242973176        2.8532927162488625E-018
   2.4370000000000069       -36.112797379807226        7.1533332162987819E-019
   2.4360000000000070       -36.101970476918204        2.7868662388268647E-018
   2.4350000000000072       -36.091144535136706       -1.2281103560592561E-018
   2.4340000000000073       -36.080319555295112        2.1409397805707156E-018
   2.4330000000000074       -36.069495538231202        4.0430097806483195E-018
   2.4320000000000075       -36.058672484778974        9.2623479482547703E-019
   2.4310000000000076       -36.047850395774162       -7.1516418227706029E-019
   2.4300000000000077       -36.037029272054433       -1.6926102427634253E-018
   2.4290000000000078       -36.026209114459100        8.0972511010037316E-019
   2.4280000000000079       -36.015389923828273        5.1775426361999808E-019
   2.4270000000000080       -36.004571701000920        1.1618348158379558E-018
   2.4260000000000081       -35.993754446819132        4.2159457283121026E-018
   2.4250000000000083       -35.982938162124540        5.6610027983407876E-018
   2.4240000000000084       -35.972122847761113        5.7598609775918847E-018
   2.4230000000000085       -35.961308504572067        1.3205908081335047E-018
   2.4220000000000086       -35.950495133405141       -8.6370018460642679E-019
   2.4210000000000087       -35.939682735103162        4.4619527750206765E-019
   2.4200000000000088       -35.928871310515341        5.5676509945160740E-019
   2.4190000000000089       -35.918060860488289        8.1227013367494887E-019
   2.4180000000000090       -35.907251385874424        6.7115383643069101E-019
   2.4170000000000091       -35.896442887520713        2.3514810543208912E-019
   2.4160000000000093       -35.885635366278407        5.8179253534275366E-020
   2.4150000000000094       -35.874828822999959        2.9514480725151705E-018
   2.4140000000000095       -35.864023258538246        2.8864468027280813E-018
   2.4130000000000096       -35.853218673748621        4.9156010963722076E-018
   2.4120000000000097       -35.842415069484773        3.6298770934747810E-018
   2.4110000000000098       -35.831612446602946        3.0886701835172094E-018
   2.4100000000000099       -35.820810805959184       -5.9202584857412514E-019
   2.4090000000000100       -35.810010148413838        1.9361026746222276E-018
   2.4080000000000101       -35.799210474823475        1.0029186946435841E-018
   2.4070000000000102       -35.788411786048087        3.1701707727553483E-018
   2.4060000000000104       -35.777614082950080        9.5675975714596449E-019
   2.4050000000000105       -35.766817366390988        5.0857190361206657E-018
   2.4040000000000106       -35.756021637231186        6.4626615202832505E-019
   2.4030000000000107       -35.745226896337677       -3.3953596630376436E-019
   2.4020000000000108       -35.734433144575426       -2.9492598109877019E-018
   2.4010000000000109       -35.723640382807375       -3.9079631090146836E-018
   2.4000000000000110       -35.712848611902587       -2.7378828888538203E-018
   2.3990000000000111       -35.702057832728975        1.3526962899353636E-019
   2.3980000000000112       -35.691268046154455        1.2291747150546409E-018
   2.3970000000000113       -35.680479253048766        6.8526587348385376E-019
   2.3960000000000115       -35.669691454284447        2.6494141748439415E-018
   2.3950000000000116       -35.658904650732147        5.4043271249796185E-019
   2.3940000000000117       -35.648118843263937        5.2381118905066585E-019
   2.3930000000000118       -35.637334032755113        2.1486983617610160E-018
   2.3920000000000119       -35.626550220078983        7.6307093883366223E-019
   2.3910000000000120       -35.615767406113854        1.6390588432236927E-018
   2.3900000000000121       -35.604985591735328        2.7655251527048024E-019
   2.3890000000000122       -35.594204777820686        1.4839384882419923E-018
   2.3880000000000123       -35.583424965250330        1.5068278129836635E-018
   2.3870000000000124       -35.572646154903218        5.2195038970332572E-018
   2.3860000000000126       -35.561868347660358        5.2501915187786231E-018
   2.3850000000000127       -35.551091544404692        3.5859940983819472E-018
   2.3840000000000128       -35.540315746016411        1.0283022921889077E-018
   2.3830000000000129       -35.529540953384711        6.5503070988814713E-020
   2.3820000000000130       -35.518767167389775       -8.5785391237068162E-019
   2.3810000000000131       -35.507994388920999       -6.4798779633125564E-020
   2.3800000000000132       -35.497222618864427        5.6393832715137302E-019
   2.3790000000000133       -35.486451858106193       -5.8592855788768178E-019
   2.3780000000000134       -35.475682107538638       -3.7270539008407097E-018
   2.3770000000000135       -35.464913368051427       -1.2184996449631428E-018
   2.3760000000000137       -35.454145640532865       -1.2391294416594161E-018
   2.3750000000000138       -35.443378925879472       -4.6030508999862822E-018
   2.3740000000000139       -35.432613224981942       -1.7069010855239383E-018
   2.3730000000000140       -35.421848538735318       -1.7616688309557783E-018
   2.3720000000000141       -35.411084868036021       -6.5136900034291219E-019
   2.3710000000000142       -35.400322213777940       -1.8945244310677897E-018
   2.3700000000000143       -35.389560576861115       -1.2954880305217293E-018
   2.3690000000000144       -35.378799958182192        1.4272716100466833E-018
   2.3680000000000145       -35.368040358643519       -1.5810271217117677E-018
   2.3670000000000146       -35.357281779142760       -2.6982341325726041E-020
   2.3660000000000148       -35.346524220582815       -1.7490498836221748E-018
   2.3650000000000149       -35.335767683866976       -6.7126949307743000E-019
   2.3640000000000150       -35.325012169897882       -1.3983525882661556E-018
   2.3630000000000151       -35.314257679581146        2.4149708521325086E-018
   2.3620000000000152       -35.303504213822940        2.2654513958523895E-018
   2.3610000000000153       -35.292751773529162       -8.4374978841420112E-019
   2.3600000000000154       -35.282000359609057       -1.4882953640679692E-018
   2.3590000000000155       -35.271249972971489       -2.1293235778172599E-018
   2.3580000000000156       -35.260500614525903       -1.0695378397943698E-018
   2.3570000000000157       -35.249752285183369       -1.1049881057320973E-018
   2.3560000000000159       -35.239004985856219       -3.2024022627644351E-018
   2.3550000000000160       -35.228258717459425       -2.0307891116135151E-018
   2.3540000000000161       -35.217513480905573        2.2463126652319019E-018
   2.3530000000000162       -35.206769277110425        8.7541932797609808E-019
   2.3520000000000163       -35.196026106991688        1.1921167435876412E-018
   2.3510000000000164       -35.185283971465935       -1.7721033451064086E-019
   2.3500000000000165       -35.174542871452026       -7.0550972527403564E-021
   2.3490000000000166       -35.163802807869672       -1.1963686117053458E-018
   2.3480000000000167       -35.153063781639595       -2.0868755459488694E-018
   2.3470000000000169       -35.142325793683447       -5.4902570868106996E-019
   2.3460000000000170       -35.131588844925808       -1.3064264878295123E-018
   2.3450000000000171       -35.120852936289722       -2.3482603755018052E-018
   2.3440000000000172       -35.110118068699258       -1.4355503882852091E-018
   2.3430000000000173       -35.099384243082582       -1.2682759437567025E-018
   2.3420000000000174       -35.088651460365604       -7.0479353803444349E-019
   2.3410000000000175       -35.077919721478118       -2.6944382726734142E-018
   2.3400000000000176       -35.067189027347162       -2.1403847752957701E-018
   2.3390000000000177       -35.056459378906737       -1.2448259805078742E-018
   2.3380000000000178       -35.045730777085524        2.7686448419721242E-019
   2.3370000000000180       -35.035003222818460       -1.7335218924352541E-018
   2.3360000000000181       -35.024276717038312        6.2470864735327929E-019
   2.3350000000000182       -35.013551260680202        1.7220777865148939E-018
   2.3340000000000183       -35.002826854680436        1.5063499322614455E-018
   2.3330000000000184       -34.992103499976025        1.7092166659459694E-018
   2.3320000000000185       -34.981381197505243        1.1211361106669920E-019
   2.3310000000000186       -34.970659948207860        6.6632793504144229E-019
   2.3300000000000187       -34.959939753024209       -3.0305819571046353E-019
   2.3290000000000188       -34.949220612894791       -7.6837931248326567E-019
   2.3280000000000189       -34.938502528764346       -1.4913015380837970E-018
   2.3270000000000191       -34.927785501575592       -1.8927073773001982E-018
   2.3260000000000192       -34.917069532273743       -1.5990923109804269E-018
   2.3250000000000193       -34.906354621803636       -3.3119131748938669E-018
   2.3240000000000194       -34.895640771114920       -3.0755933171688316E-018
   2.3230000000000195       -34.884927981153695       -1.2976271159967276E-018
   2.3220000000000196       -34.874216252869495        1.8804908348871114E-018
   2.3210000000000197       -34.863505587214263        1.1985127303292824E-018
   2.3200000000000198       -34.852795985137753        1.0587800021575512E-018
   2.3190000000000199       -34.842087447594551       -1.2106077536324445E-018
   2.3180000000000200       -34.831379975537693       -3.1853945059945567E-018
   2.3170000000000202       -34.820673569923201        2.8164838424732603E-019
   2.3160000000000203       -34.809968231705142       -9.3784505997942742E-019
   2.3150000000000204       -34.799263961841937        2.3964028528919726E-018
   2.3140000000000205       -34.788560761292480        2.1042546243078493E-018
   2.3130000000000206       -34.777858631016571       -6.0117029269250990E-019
   2.3120000000000207       -34.767157571972866       -1.7046010173297149E-018
   2.3110000000000208       -34.756457585125446       -5.1709596169828562E-019
   2.3100000000000209       -34.745758671435539        3.5419317863454957E-019
   2.3090000000000210       -34.735060831868900       -6.4496170785743173E-019
   2.3080000000000211       -34.724364067390034       -2.3286130404385268E-018
   2.3070000000000213       -34.713668378964783       -3.7822296920425144E-018
   2.3060000000000214       -34.702973767560962       -4.7109819265871190E-018
   2.3050000000000215       -34.692280234147077       -5.8675705656930637E-018
   2.3040000000000216       -34.681587779693324       -2.0369807652798515E-018
   2.3030000000000217       -34.670896405171447       -5.1441980581742764E-018
   2.3020000000000218       -34.660206111552071       -3.0848622840985592E-018
   2.3010000000000219       -34.649516899809790       -9.2196299757470872E-019
   2.3000000000000220       -34.638828770918032       -2.9044055749358096E-018
   2.2990000000000221       -34.628141725851442       -7.6937317053075319E-019
   2.2980000000000222       -34.617455765590307       -7.5837534791523392E-019
   2.2970000000000224       -34.606770891108873       -4.5509125816233486E-019
   2.2960000000000225       -34.596087103389166       -4.1477961179538801E-019
   2.2950000000000226       -34.585404403408617       -2.9552722511355542E-018
   2.2940000000000227       -34.574722792149437       -3.0747022876156616E-018
   2.2930000000000228       -34.564042270595515        5.5202346207879407E-019
   2.2920000000000229       -34.553362839730077       -2.5442730393742021E-019
   2.2910000000000230       -34.542684500537995        5.6763243005512850E-019
   2.2900000000000231       -34.532007254004952       -2.2797829620680881E-018
   2.2890000000000232       -34.521331101117745       -2.6652417574334674E-018
   2.2880000000000233       -34.510656042865712       -1.8149805666637788E-018
   2.2870000000000235       -34.499982080237977       -3.9518602647173229E-018
   2.2860000000000236       -34.489309214226161        3.1829258982314303E-019
   2.2850000000000237       -34.478637445821299        1.1213353411389440E-018
   2.2840000000000238       -34.467966776016716        1.2452412430392707E-018
   2.2830000000000239       -34.457297205807215        1.9711226829058862E-018
   2.2820000000000240       -34.446628736188238        2.4394137178426450E-018
   2.2810000000000241       -34.435961368156022       -3.9703469407370115E-018
   2.2800000000000242       -34.425295102708823       -4.5195672804946521E-018
   2.2790000000000243       -34.414629940845515       -4.0256647927751105E-018
   2.2780000000000244       -34.403965883567096       -1.5224194656732279E-018
   2.2770000000000246       -34.393302931874047        6.3615478942043405E-019
   2.2760000000000247       -34.382641086770555       -3.5076281431270876E-019
   2.2750000000000248       -34.371980349257676       -5.7511024262134073E-019
   2.2740000000000249       -34.361320720344459       -2.3575803610177403E-018
   2.2730000000000250       -34.350662201034403       -5.7737871315258674E-019
   2.2720000000000251       -34.340004792335577       -2.3732753428363511E-018
   2.2710000000000252       -34.329348495256262       -3.5691131967194237E-018
   2.2700000000000253       -34.318693310807340       -1.8808527014468648E-018
   2.2690000000000254       -34.308039239999999       -1.7978148584986253E-018
   2.2680000000000256       -34.297386283845405        1.5090711981075925E-018
   2.2670000000000257       -34.286734443358498        2.8064157320335241E-018
   2.2660000000000258       -34.276083719553036        6.9383161088087959E-019
   2.2650000000000259       -34.265434113445487        1.1700190199895261E-018
   2.2640000000000260       -34.254785626052318        1.1064099312391059E-018
   2.2630000000000261       -34.244138258393470        9.1669095911410452E-019
   2.2620000000000262       -34.233492011486753        6.1906596906251251E-020
   2.2610000000000263       -34.222846886354475        2.2928990179772896E-018
   2.2600000000000264       -34.212202884018495        4.3060530234142857E-018
   2.2590000000000265       -34.201560005500653       -2.3112229642653425E-019
   2.2580000000000267       -34.190918251828570        1.7948999036313790E-018
   2.2570000000000268       -34.180277624024995        3.5699673313768754E-018
   2.2560000000000269       -34.169638123118965        9.9898185001451932E-019
   2.2550000000000270       -34.158999750138079        1.5091958721124606E-019
   2.2540000000000271       -34.148362506109912        2.6547895889821597E-018
   2.2530000000000272       -34.137726392068245        6.9962481207931357E-019
   2.2520000000000273       -34.127091409043317        4.1919402960016826E-018
   2.2510000000000274       -34.116457558068852       -1.6429869042321255E-018
   2.2500000000000275       -34.105824840180389        6.7370537514561562E-019
   2.2490000000000276       -34.095193256411044        5.2991502261913292E-019
   2.2480000000000278       -34.084562807799422       -3.4808434979256035E-018
   2.2470000000000279       -34.073933495385127       -2.8365103349557156E-018
   2.2460000000000280       -34.063305320204961       -7.8554867184424394E-019
   2.2450000000000281       -34.052678283301475       -2.9648379233694721E-018
   2.2440000000000282       -34.042052385714982       -3.8346874697219916E-018
   2.2430000000000283       -34.031427628490434       -2.9096308895603151E-018
   2.2420000000000284       -34.020804012671583       -2.8803750597238105E-018
   2.2410000000000285       -34.010181539304661        1.3131159533320468E-018
   2.2400000000000286       -33.999560209434385        2.8146095490538513E-019
   2.2390000000000287       -33.988940024112068        4.6473521963995645E-019
   2.2380000000000289       -33.978320984385476       -2.1770207447273607E-018
   2.2370000000000290       -33.967703091307278       -1.6793110331490846E-018
   2.2360000000000291       -33.957086345927920       -3.6984685091739610E-019
   2.2350000000000292       -33.946470749300993       -1.2249460795487632E-018
   2.2340000000000293       -33.935856302480836        3.1312215023823721E-018
   2.2330000000000294       -33.925243006523985        3.3055462813906078E-018
   2.2320000000000295       -33.914630862489474        2.0846957220818951E-018
   2.2310000000000296       -33.904019871431501        3.9128533238479482E-018
   2.2300000000000297       -33.893410034413058        3.0836842481827094E-018
   2.2290000000000298       -33.882801352494056       -2.4375674144280299E-018
   2.2280000000000300       -33.872193826738396        5.3369241978256771E-018
   2.2270000000000301       -33.861587458207566        2.6940296717532614E-018
   2.2260000000000302       -33.850982247966911       -5.6272615483764035E-019
   2.2250000000000303       -33.840378197083879       -2.1265698955502204E-018
   2.2240000000000304       -33.829775306624782       -9.8152389009531259E-019
   2.2230000000000305       -33.819173577658418        1.9203516524499610E-019
   2.2220000000000306       -33.808573011256073       -9.3790198943065980E-019
   2.2210000000000307       -33.797973608489158       -1.5172101161966310E-018
   2.2200000000000308       -33.787375370428450       -6.1640989318888640E-019
   2.2190000000000309       -33.776778298150042       -2.5740747437805798E-018
   2.2180000000000311       -33.766182392726805       -8.1718210306242749E-019
   2.2170000000000312       -33.755587655237157        1.9880922009345256E-019
   2.2160000000000313       -33.744994086760350        4.3206385124635969E-019
   2.2150000000000314       -33.734401688373211       -5.2248026861699276E-020
   2.2140000000000315       -33.723810461158038        6.8697404145928684E-019
   2.2130000000000316       -33.713220406194068       -4.8699791919947472E-018
   2.2120000000000317       -33.702631524568481       -7.1878789339711658E-019
   2.2110000000000318       -33.692043817362091        3.7484283243042301E-020
   2.2100000000000319       -33.681457285662425        2.4962992805154574E-018
   2.2090000000000320       -33.670871930557304        3.1567132669641714E-018
   2.2080000000000322       -33.660287753134035       -2.9167074612698264E-018
   2.2070000000000323       -33.649704754482869       -1.6249785723748144E-018
   2.2060000000000324       -33.639122935695617       -2.3199229393149102E-018
   2.2050000000000325       -33.628542297863184       -4.9411233086018183E-019
   2.2040000000000326       -33.617962842080168        7.5587712853517476E-019
   2.2030000000000327       -33.607384569444235        1.0869735815001072E-018
   2.2020000000000328       -33.596807481046604        4.3488779189760394E-018
   2.2010000000000329       -33.586231577989544       -1.9156035035749873E-018
   2.2000000000000330       -33.575656861370582        2.1508298745312772E-018
   2.1990000000000332       -33.565083332291088        3.2015289131382973E-018
   2.1980000000000333       -33.554510991851380        1.2451463988492272E-018
   2.1970000000000334       -33.543939841156948        2.9545852157310256E-018
   2.1960000000000335       -33.533369881309945        9.9450510619595225E-019
   2.1950000000000336       -33.522801113417295       -2.9322897591158218E-018
   2.1940000000000337       -33.512233538587147       -2.3811400875589403E-018
   2.1930000000000338       -33.501667157927415       -2.6936337228114306E-018
   2.1920000000000339       -33.491101972548336        6.5256919868727543E-019
   2.1910000000000340       -33.480537983559991       -1.5822740121482556E-019
   2.1900000000000341       -33.469975192076454       -1.8352479828830847E-018
   2.1890000000000343       -33.459413599212262        1.7135260441595751E-018
   2.1880000000000344       -33.448853206082049        2.0596466154779816E-018
   2.1870000000000345       -33.438294013803208        2.9062857312353438E-018
   2.1860000000000346       -33.427736023491917       -2.9602184049830738E-018
   2.1850000000000347       -33.417179236270805       -1.4639615756246481E-018
   2.1840000000000348       -33.406623653259160       -4.1318409003935386E-018
   2.1830000000000349       -33.396069275580196       -2.3521678086787215E-019
   2.1820000000000350       -33.385516104357109       -2.3666597511945687E-018
   2.1810000000000351       -33.374964140713423       -1.5479392528834588E-019
   2.1800000000000352       -33.364413385778406       -2.2225220769961227E-018
   2.1790000000000354       -33.353863840677846        2.0723931195922121E-018
   2.1780000000000355       -33.343315506542552        8.4578012986033231E-019
   2.1770000000000356       -33.332768384501534       -1.0358785531026823E-018
   2.1760000000000357       -33.322222475689060       -2.3550917929973833E-018
   2.1750000000000358       -33.311677781237414       -2.1638970745267577E-018
   2.1740000000000359       -33.301134302280524       -2.5856289447291564E-018
   2.1730000000000360       -33.290592039955740       -3.8634802239296041E-018
   2.1720000000000361       -33.280050995400337       -2.6741485043424471E-018
   2.1710000000000362       -33.269511169753855       -1.9929220979516484E-018
   2.1700000000000363       -33.258972564156046        1.0152157778408223E-019
   2.1690000000000365       -33.248435179748839       -8.3572355100716430E-019
   2.1680000000000366       -33.237899017676199        3.4619442353621047E-018
   2.1670000000000367       -33.227364079082214        1.5794587051800303E-018
   2.1660000000000368       -33.216830365112848        3.5031985880812226E-018
   2.1650000000000369       -33.206297876916679        4.5431982070414072E-019
   2.1640000000000370       -33.195766615640920       -6.5177853427527888E-019
   2.1630000000000371       -33.185236582438435        2.2234375988829374E-018
   2.1620000000000372       -33.174707778458668       -5.1573891671949645E-019
   2.1610000000000373       -33.164180204855313       -2.2454029961569533E-018
   2.1600000000000374       -33.153653862784438       -3.6969916614870611E-019
   2.1590000000000376       -33.143128753400099       -1.0259047465468649E-018
   2.1580000000000377       -33.132604877861759       -5.5088087307590180E-019
   2.1570000000000378       -33.122082237326673       -1.1441767959526906E-019
   2.1560000000000379       -33.111560832956208       -2.8899521270049983E-018
   2.1550000000000380       -33.101040665911590       -2.6531618762391832E-018
   2.1540000000000381       -33.090521737357058       -2.2117843843377698E-018
   2.1530000000000382       -33.080004048456480       -2.4192796924715880E-018
   2.1520000000000383       -33.069487600376171       -1.5138706027026631E-018
   2.1510000000000384       -33.058972394284325       -6.1686179449134498E-019
   2.1500000000000385       -33.048458431348791        4.4002931905028756E-019
   2.1490000000000387       -33.037945712740402        1.0390468501928085E-018
   2.1480000000000388       -33.027434239632001        1.4277536574866248E-018
   2.1470000000000389       -33.016924013197183        6.9621498827717634E-021
   2.1460000000000390       -33.006415034609169       -1.1903883699545134E-018
   2.1450000000000391       -32.995907305045137       -1.5909485202792550E-018
   2.1440000000000392       -32.985400825683904        2.4888268167393511E-018
   2.1430000000000393       -32.974895597703565        7.9071993348641193E-019
   2.1420000000000394       -32.964391622285547        2.8539822503849574E-018
   2.1410000000000395       -32.953888900611318        3.6942203755252341E-018
   2.1400000000000396       -32.943387433864771        5.5742610125714506E-019
   2.1390000000000398       -32.932887223230971       -3.3044041612460173E-019
   2.1380000000000399       -32.922388269897276       -1.2738258553423714E-019
   2.1370000000000400       -32.911890575051181        2.6953643285619831E-019
   2.1360000000000401       -32.901394139882278        2.0382395131626437E-019
   2.1350000000000402       -32.890898965582402       -6.8040335478126932E-019
   2.1340000000000403       -32.880405053343395       -6.7288753899517934E-019
   2.1330000000000404       -32.869912404360079        3.4578399051924276E-018
   2.1320000000000405       -32.859421019825838        1.5400892467312732E-018
   2.1310000000000406       -32.848930900940495       -3.2711948544854826E-018
   2.1300000000000407       -32.838442048901918       -2.1941563278198826E-018
   2.1290000000000409       -32.827954464909617       -3.6442469415575006E-018
   2.1280000000000410       -32.817468150163684       -2.0243989241152640E-018
   2.1270000000000411       -32.806983105870046       -3.3322354721554036E-018
   2.1260000000000412       -32.796499333231353       -1.1363053707551082E-018
   2.1250000000000413       -32.786016833454752       -4.8409950047483171E-018
   2.1240000000000414       -32.775535607747358       -3.3650748436637640E-018
   2.1230000000000415       -32.765055657318378       -2.6290521563309931E-019
   2.1220000000000416       -32.754576983376388        5.8382023549624620E-018
   2.1210000000000417       -32.744099587137462        5.7381162818256430E-018
   2.1200000000000419       -32.733623469812763        1.3892978491135275E-018
   2.1190000000000420       -32.723148632617651        1.5979042995664592E-019
   2.1180000000000421       -32.712675076769166        6.8242417042748169E-019
   2.1170000000000422       -32.702202803485115        2.3092748371767171E-018
   2.1160000000000423       -32.691731813986202        1.5707815885668782E-018
   2.1150000000000424       -32.681262109493353        2.1762757912375170E-018
   2.1140000000000425       -32.670793691228084       -4.9970957562737527E-019
   2.1130000000000426       -32.660326560416088        9.1811005301048831E-020
   2.1120000000000427       -32.649860718282959        8.1499639156582973E-019
   2.1110000000000428       -32.639396166057303       -5.0218020582263647E-019
   2.1100000000000430       -32.628932904966028        2.1968833567799902E-019
   2.1090000000000431       -32.618470936240392       -1.8822176036338895E-018
   2.1080000000000432       -32.608010261112689       -1.1625860372730087E-018
   2.1070000000000433       -32.597550880816236       -2.4278416680249551E-018
   2.1060000000000434       -32.587092796587619       -2.8701928892429173E-018
   2.1050000000000435       -32.576636009662153       -1.5988533853640705E-019
   2.1040000000000436       -32.566180521277779       -1.2417711211100262E-018
   2.1030000000000437       -32.555726332676350       -3.7696781363894899E-018
   2.1020000000000438       -32.545273445097045       -2.3475723258671728E-018
   2.1010000000000439       -32.534821859783790       -2.4432443721479604E-018
   2.1000000000000441       -32.524371577981732       -4.8331868704769819E-018
   2.0990000000000442       -32.513922600936645       -1.5371183923637807E-018
   2.0980000000000443       -32.503474929895610       -5.9846263872955355E-020
   2.0970000000000444       -32.493028566108393        9.8962965754638219E-020
   2.0960000000000445       -32.482583510825641       -3.0422934908956235E-018
   2.0950000000000446       -32.472139765299964       -2.5818785553092612E-018
   2.0940000000000447       -32.461697330785441       -2.3088644253107551E-018
   2.0930000000000448       -32.451256208539071        8.8528369320508423E-019
   2.0920000000000449       -32.440816399814899       -3.5093950042434724E-020
   2.0910000000000450       -32.430377905874359       -1.2680919374256119E-018
   2.0900000000000452       -32.419940727976915       -1.8918367296531726E-018
   2.0890000000000453       -32.409504867384818        4.7658332414056160E-019
   2.0880000000000454       -32.399070325361343        1.0698308676199330E-018
   2.0870000000000455       -32.388637103171590       -2.8418020557979195E-019
   2.0860000000000456       -32.378205202082363       -4.2110095936123354E-019
   2.0850000000000457       -32.367774623362720       -4.2096992354616741E-018
   2.0840000000000458       -32.357345368282260       -5.3705435385305339E-018
   2.0830000000000459       -32.346917438112158       -2.0634074208603935E-018
   2.0820000000000460       -32.336490834126060        1.1997828089458166E-018
   2.0810000000000461       -32.326065557599314        1.8415691189765799E-018
   2.0800000000000463       -32.315641609807621        4.7173973965677495E-019
   2.0790000000000464       -32.305218992029381        1.5505385056656256E-019
   2.0780000000000465       -32.294797705544049       -2.6353882900749589E-018
   2.0770000000000466       -32.284377751633954       -2.1916614004444595E-018
   2.0760000000000467       -32.273959131580469       -9.9141837105332876E-019
   2.0750000000000468       -32.263541846669668        9.1030647363299792E-019
   2.0740000000000469       -32.253125898187307        4.7113130947387301E-019
   2.0730000000000470       -32.242711287420413        4.0169823616503590E-018
   2.0720000000000471       -32.232298015659786        1.8120568176752736E-018
   2.0710000000000472       -32.221886084195788        1.7886175220801341E-018
   2.0700000000000474       -32.211475494322002       -2.5006320633064068E-019
   2.0690000000000475       -32.201066247332385       -1.1795955742808193E-018
   2.0680000000000476       -32.190658344522589        2.0162208070418946E-018
   2.0670000000000477       -32.180251787191338        1.0700802844716477E-018
   2.0660000000000478       -32.169846576636580       -2.4418098737198116E-018
   2.0650000000000479       -32.159442714161578        1.4916782544960805E-019
   2.0640000000000480       -32.149040201068082       -1.9111719795920109E-018
   2.0630000000000481       -32.138639038658759       -1.1224005066558435E-018
   2.0620000000000482       -32.128239228241696        5.4028528550501519E-018
   2.0610000000000483       -32.117840771125671        2.9352548157229770E-018
   2.0600000000000485       -32.107443668617250        1.5217650985408514E-018
   2.0590000000000486       -32.097047922028686        3.0177670289885461E-018
   2.0580000000000487       -32.086653532673360        3.2005259804946592E-018
   2.0570000000000488       -32.076260501864802        2.3451118058631496E-018
   2.0560000000000489       -32.065868830919946       -1.3451488729235327E-018
   2.0550000000000490       -32.055478521156338        1.7783907746952040E-019
   2.0540000000000491       -32.045089573892973        9.8159157064075076E-020
   2.0530000000000492       -32.034701990452071        4.5361887662649894E-018
   2.0520000000000493       -32.024315772155369        9.8901964325176436E-019
   2.0510000000000495       -32.013930920328228        1.2290917541512015E-018
   2.0500000000000496       -32.003547436297019       -1.2038231238095673E-018
   2.0490000000000497       -31.993165321388812       -9.2401062453398453E-019
   2.0480000000000498       -31.982784576934044        4.8227761726609172E-019
   2.0470000000000499       -31.972405204264003        4.3725586833765659E-019
   2.0460000000000500       -31.962027204711280       -4.7327009405701597E-018
   2.0450000000000501       -31.951650579611915       -1.5625291163211133E-018
   2.0440000000000502       -31.941275330301689       -2.7872247976126174E-018
   2.0430000000000503       -31.930901458119042       -3.0173271661684063E-018
   2.0420000000000504       -31.920528964402880       -5.0411194310926415E-018
   2.0410000000000506       -31.910157850495963       -7.5305867188301355E-018
   2.0400000000000507       -31.899788117741526       -4.9223631040079905E-018
   2.0390000000000508       -31.889419767484977       -2.9012852047898472E-019
   2.0380000000000509       -31.879052801072348       -3.5714096901774686E-018
   2.0370000000000510       -31.868687219854099       -1.3459490223407287E-018
   2.0360000000000511       -31.858323025177960       -3.5859737424983882E-018
   2.0350000000000512       -31.847960218398061       -1.5760841634726041E-018
   2.0340000000000513       -31.837598800867706        4.5275822444786026E-018
   2.0330000000000514       -31.827238773941495        2.1140742806220886E-018
   2.0320000000000515       -31.816880138979567        5.8013675848561585E-018
   2.0310000000000517       -31.806522897337416        1.3667257907154713E-018
   2.0300000000000518       -31.796167050376791        1.8869506891931765E-018
   2.0290000000000519       -31.785812599462758        3.2167629681594596E-019
   2.0280000000000520       -31.775459545956224        1.7391638116409147E-020
   2.0270000000000521       -31.765107891226545        6.5457651337482116E-019
   2.0260000000000522       -31.754757636639464        4.0668876278203499E-018
   2.0250000000000523       -31.744408783565007        1.0259482045354117E-018
   2.0240000000000524       -31.734061333375507        2.2773244368586815E-019
   2.0230000000000525       -31.723715287442992       -2.6169473700539624E-018
   2.0220000000000526       -31.713370647143019       -2.5911239818794570E-018
   2.0210000000000528       -31.703027413852869        2.1495280107754269E-018
   2.0200000000000529       -31.692685588949995        1.4189562157743678E-018
   2.0190000000000530       -31.682345173815698        2.2933223967454924E-018
   2.0180000000000531       -31.672006169830407        2.4632665299276136E-018
   2.0170000000000532       -31.661668578380471        6.0864434412990533E-019
   2.0160000000000533       -31.651332400850055        4.7921156642609559E-019
   2.0150000000000534       -31.640997638627386       -3.9313845697631522E-019
   2.0140000000000535       -31.630664293100779        6.2145098234251928E-019
   2.0130000000000536       -31.620332365662275       -1.2385964142759773E-018
   2.0120000000000537       -31.610001857703786       -2.0354610179445355E-018
   2.0110000000000539       -31.599672770621915       -8.3526535200917080E-019
   2.0100000000000540       -31.589345105811041       -3.6981036708336432E-019
   2.0090000000000541       -31.579018864669916       -5.1475378081100799E-019
   2.0080000000000542       -31.568694048600687        1.0349071327218140E-018
   2.0070000000000543       -31.558370659003003        4.5900253716333620E-019
   2.0060000000000544       -31.548048697281551       -3.0510476129519680E-018
   2.0050000000000545       -31.537728164843180       -1.6385293961512805E-018
   2.0040000000000546       -31.527409063093160        1.2824381485345239E-018
   2.0030000000000547       -31.517091393441831        3.0603115385250465E-018
   2.0020000000000548       -31.506775157300378        5.5451875750553006E-018
   2.0010000000000550       -31.496460356082345        1.5526467101077208E-018
   2.0000000000000551       -31.486146991201121       -1.6252652734046015E-018
   1.9990000000000552       -31.475835064073937        2.8904176449308971E-018
   1.9980000000000553       -31.465524576120163       -4.0045707972249157E-019
   1.9970000000000554       -31.455215528759243       -2.2669652780314003E-018
   1.9960000000000555       -31.444907923413378       -6.9196275950166122E-019
   1.9950000000000556       -31.434601761508080       -2.1875588275808696E-018
   1.9940000000000557       -31.424297044467732        4.6246750442778802E-018
   1.9930000000000558       -31.413993773720517        4.5971902461838725E-018
   1.9920000000000559       -31.403691950695958        2.8878228815219348E-018
   1.9910000000000561       -31.393391576825877        1.6458121795964934E-018
   1.9900000000000562       -31.383092653543606        1.8734286090786169E-018
   1.9890000000000563       -31.372795182283863        1.3716701124523780E-018
   1.9880000000000564       -31.362499164485818       -2.4636800941250023E-018
   1.9870000000000565       -31.352204601586710       -3.3734969874998073E-018
   1.9860000000000566       -31.341911495026970       -3.7936536574447133E-018
   1.9850000000000567       -31.331619846250408        5.9186951827905326E-020
   1.9840000000000568       -31.321329656701803       -1.7386124328063274E-018
   1.9830000000000569       -31.311040927828078       -5.2746108143444460E-018
   1.9820000000000570       -31.300753661076474       -2.2344115050480209E-019
   1.9810000000000572       -31.290467857897475        1.2840042577785511E-018
   1.9800000000000573       -31.280183519745037        1.8067863610096826E-018
   1.9790000000000574       -31.269900648072234        7.0108839082415693E-019
   1.9780000000000575       -31.259619244335099       -1.1024051392178545E-018
   1.9770000000000576       -31.249339309992354       -4.6009910001188824E-018
   1.9760000000000577       -31.239060846502650       -5.3331547040494520E-018
   1.9750000000000578       -31.228783855329205       -4.6617366056914457E-018
   1.9740000000000579       -31.218508337934910       -5.7713999713092367E-018
   1.9730000000000580       -31.208234295785790       -2.0805791481955893E-018
   1.9720000000000582       -31.197961730350688        1.0495497566974958E-018
   1.9710000000000583       -31.187690643096929       -1.8690637695507565E-018
   1.9700000000000584       -31.177421035497080       -1.3605349822733277E-018
   1.9690000000000585       -31.167152909024487        1.2398916413415767E-019
   1.9680000000000586       -31.156886265154540        2.7181821532882400E-018
   1.9670000000000587       -31.146621105364538        1.1451357642274634E-018
   1.9660000000000588       -31.136357431134641        6.4230714763997771E-019
   1.9650000000000589       -31.126095243944444        3.7469109912200293E-020
   1.9640000000000590       -31.115834545279071        2.2774766730030443E-018
   1.9630000000000591       -31.105575336622021        5.6912374630660774E-018
   1.9620000000000593       -31.095317619460630        6.7165661083084435E-018
   1.9610000000000594       -31.085061395284431        3.4645735148815003E-018
   1.9600000000000595       -31.074806665584436        1.8668939980167215E-018
   1.9590000000000596       -31.064553431853152        6.9924184238843844E-019
   1.9580000000000597       -31.054301695587043        1.7238559897948287E-018
   1.9570000000000598       -31.044051458280197       -3.1934884843335534E-019
   1.9560000000000599       -31.033802721435048        5.4677723018182966E-019
   1.9550000000000600       -31.023555486550261       -1.0770466305485667E-018
   1.9540000000000601       -31.013309755127960       -1.9512518209342538E-018
   1.9530000000000602       -31.003065528675766       -2.7447204050276884E-018
   1.9520000000000604       -30.992822808698548       -1.1268484194831216E-018
   1.9510000000000605       -30.982581596705220       -1.9601910323733485E-018
   1.9500000000000606       -30.972341894207933       -2.1220467007859370E-018
   1.9490000000000607       -30.962103702718235       -6.9344231619119097E-019
   1.9480000000000608       -30.951867023751550       -1.3896382789397828E-018
   1.9470000000000609       -30.941631858824817        9.7831731289490861E-019
   1.9460000000000610       -30.931398209457512        2.0691378130675432E-018
   1.9450000000000611       -30.921166077168888        1.6450524466287789E-018
   1.9440000000000612       -30.910935463483600        6.6206123051701528E-018
   1.9430000000000613       -30.900706369925601        4.7126434676554428E-018
   1.9420000000000615       -30.890478798021984        3.6153312568751293E-018
   1.9410000000000616       -30.880252749302471        1.7856468782082611E-018
   1.9400000000000617       -30.870028225297752        1.1979132881085192E-018
   1.9390000000000618       -30.859805227541415       -1.1960485521212089E-018
   1.9380000000000619       -30.849583757567260       -1.6675078085755196E-019
   1.9370000000000620       -30.839363816912524        2.8723295609016792E-018
   1.9360000000000621       -30.829145407118418        3.7575295993509309E-018
   1.9350000000000622       -30.818928529724108        3.0925296999408591E-018
   1.9340000000000623       -30.808713186273263        3.8603518960351287E-018
   1.9330000000000624       -30.798499378312510       -4.7880613441477362E-019
   1.9320000000000626       -30.788287107388975       -1.9359275359450229E-018
   1.9310000000000627       -30.778076375050730       -1.4240812390095451E-018
   1.9300000000000628       -30.767867182850381       -1.2318098341681892E-018
   1.9290000000000629       -30.757659532342050       -7.6405330206756009E-019
   1.9280000000000630       -30.747453425080156        1.8019724862100770E-018
   1.9270000000000631       -30.737248862622934        1.3665270001729690E-018
   1.9260000000000632       -30.727045846531468       -1.6504672501406682E-018
   1.9250000000000633       -30.716844378366588       -2.2987922242243127E-018
   1.9240000000000634       -30.706644459691965        2.5661423348068124E-019
   1.9230000000000635       -30.696446092074453        1.3430273464459735E-018
   1.9220000000000637       -30.686249277082361        9.6645169071871871E-019
   1.9210000000000638       -30.676054016285679        8.7919254445637448E-019
   1.9200000000000639       -30.665860311256807        1.8064781068357740E-018
   1.9190000000000640       -30.655668163570937       -3.4261908246838838E-018
   1.9180000000000641       -30.645477574803564       -3.5797568083641144E-018
   1.9170000000000642       -30.635288546534131       -2.3544577208136475E-018
   1.9160000000000643       -30.625101080343590       -1.8480305865855885E-018
   1.9150000000000644       -30.614915177815405       -1.0211575626762613E-018
   1.9140000000000645       -30.604730840532326       -1.4447592805708103E-018
   1.9130000000000646       -30.594548070084638       -5.9997837184362177E-019
   1.9120000000000648       -30.584366868059760        1.0117855118171323E-018
   1.9110000000000649       -30.574187236049699       -3.7843721588869449E-019
   1.9100000000000650       -30.564009175648835       -2.5207417265164383E-018
   1.9090000000000651       -30.553832688451795        6.5787304692743857E-019
   1.9080000000000652       -30.543657776057337       -1.7993610432880492E-018
   1.9070000000000653       -30.533484440064996       -4.7861637091856945E-019
   1.9060000000000654       -30.523312682077723       -3.0126207288347347E-018
   1.9050000000000655       -30.513142503698649        5.2455416320144019E-018
   1.9040000000000656       -30.502973906535541        4.5876646181578284E-018
   1.9030000000000658       -30.492806892196189       -9.2986302140626419E-020
   1.9020000000000659       -30.482641462292182       -1.1149173119027118E-018
   1.9010000000000660       -30.472477618435857       -1.1329964715581725E-018
   1.9000000000000661       -30.462315362242897        2.7122408858989015E-018
   1.8990000000000662       -30.452154695331220        3.6121232723144340E-019
   1.8980000000000663       -30.441995619318121       -2.8302476423326105E-018
   1.8970000000000664       -30.431838135828759       -5.3751145228651871E-018
   1.8960000000000665       -30.421682246484131       -4.9397172695694994E-018
   1.8950000000000666       -30.411527952912348       -3.9060310741614702E-018
   1.8940000000000667       -30.401375256740053       -3.9645192931272300E-018
   1.8930000000000669       -30.391224159598305       -1.0830416176430613E-018
   1.8920000000000670       -30.381074663121744        2.8212238162453048E-018
   1.8910000000000671       -30.370926768942201        1.6095095703664258E-018
   1.8900000000000672       -30.360780478698292       -4.1302093188831173E-018
   1.8890000000000673       -30.350635794030470       -5.3795743658273845E-018
   1.8880000000000674       -30.340492716578421       -2.6876401214490024E-018
   1.8870000000000675       -30.330351247986453        1.4517061947630852E-018
   1.8860000000000676       -30.320211389900656        9.9128962774288587E-019
   1.8850000000000677       -30.310073143970129        4.1228471055069325E-019
   1.8840000000000678       -30.299936511844521        1.7709369342974600E-018
   1.8830000000000680       -30.289801495175986       -3.1758978388221239E-018
   1.8820000000000681       -30.279668095620561       -4.3244960801855263E-018
   1.8810000000000682       -30.269536314834525       -1.9989892282246778E-018
   1.8800000000000683       -30.259406154478928       -7.7178804420139809E-019
   1.8790000000000684       -30.249277616212616        1.1059344359142217E-018
   1.8780000000000685       -30.239150701702282       -1.4930864747539572E-018
   1.8770000000000686       -30.229025412613346        1.7474208305557284E-018
   1.8760000000000687       -30.218901750612947       -2.3447873615899099E-018
   1.8750000000000688       -30.208779717373467        4.5583807230036869E-019
   1.8740000000000689       -30.198659314567394       -1.8939680101886188E-018
   1.8730000000000691       -30.188540543870179        1.3561132277460194E-018
   1.8720000000000692       -30.178423406958874        5.5932529445073032E-019
   1.8710000000000693       -30.168307905513174        3.1421617209322737E-019
   1.8700000000000694       -30.158194041215669        1.6766133897007585E-018
   1.8690000000000695       -30.148081815750569       -5.1508831264343236E-019
   1.8680000000000696       -30.137971230804883       -3.3765410932974973E-019
   1.8670000000000697       -30.127862288067114       -5.0135525254301047E-018
   1.8660000000000698       -30.117754989229258       -3.1181328564999837E-018
   1.8650000000000699       -30.107649335983830       -1.1345567560131713E-018
   1.8640000000000700       -30.097545330027863        4.0816094801969542E-018
   1.8630000000000702       -30.087442973058756        3.0849096752085813E-018
   1.8620000000000703       -30.077342266777205        1.1884526801147926E-018
   1.8610000000000704       -30.067243212886595       -6.2434007341176027E-019
   1.8600000000000705       -30.057145813091886        2.2698480715672088E-019
   1.8590000000000706       -30.047050069099857        8.9657692196735892E-019
   1.8580000000000707       -30.036955982621805       -3.5251622261961467E-018
   1.8570000000000708       -30.026863555368603       -1.3294017946305209E-018
   1.8560000000000709       -30.016772789054706       -3.7974038590395849E-018
   1.8550000000000710       -30.006683685397881        1.1540541793594499E-018
   1.8540000000000711       -29.996596246117527       -6.6373456398638824E-018
   1.8530000000000713       -29.986510472933556       -7.7085122510939608E-019
   1.8520000000000714       -29.976426367571605       -2.1025329604938168E-018
   1.8510000000000715       -29.966343931756981        1.8021414752479822E-018
   1.8500000000000716       -29.956263167218466        1.6937689577190794E-018
   1.8490000000000717       -29.946184075687658        2.5098676928216748E-018
   1.8480000000000718       -29.936106658898336        1.6937109782208476E-018
   1.8470000000000719       -29.926030918583546        1.8654321021454246E-018
   1.8460000000000720       -29.915956856484772        1.3693215547388171E-019
   1.8450000000000721       -29.905884474340091       -9.6926765488994618E-019
   1.8440000000000722       -29.895813773893721       -1.5710391378036954E-018
   1.8430000000000724       -29.885744756890322       -8.0299723237887054E-019
   1.8420000000000725       -29.875677425077640        1.9723601344051029E-018
   1.8410000000000726       -29.865611780207306        2.1776859687106876E-018
   1.8400000000000727       -29.855547824030385        2.0357912768125107E-019
   1.8390000000000728       -29.845485558299679        2.7764169961613669E-018
   1.8380000000000729       -29.835424984776843        1.7206181416425191E-018
   1.8370000000000730       -29.825366105219025        2.8008196502095632E-018
   1.8360000000000731       -29.815308921388606       -2.1140535878804420E-018
   1.8350000000000732       -29.805253435050840       -1.5759133004206275E-018
   1.8340000000000733       -29.795199647972662       -1.0590885489457697E-018
   1.8330000000000735       -29.785147561921793       -2.5892758317168794E-018
   1.8320000000000736       -29.775097178672041       -9.8699968197316412E-019
   1.8310000000000737       -29.765048499997263       -1.9223015705577403E-018
   1.8300000000000738       -29.755001527674541        1.4575117737689553E-018
   1.8290000000000739       -29.744956263481328        1.5548405243177902E-019
   1.8280000000000740       -29.734912709202774        3.2923312421016973E-019
   1.8270000000000741       -29.724870866619558        3.0321463531940258E-018
   1.8260000000000742       -29.714830737519559        3.1072743650633494E-019
   1.8250000000000743       -29.704792323691350        2.3859304708587597E-018
   1.8240000000000745       -29.694755626928210        4.4110866272887630E-018
   1.8230000000000746       -29.684720649022598        2.6672320975605818E-018
   1.8220000000000747       -29.674687391770551        8.5128519993766344E-019
   1.8210000000000748       -29.664655856972153        3.9344790310383690E-018
   1.8200000000000749       -29.654626046428092        2.1834628443788985E-018
   1.8190000000000750       -29.644597961943347        1.7522379893803769E-019
   1.8180000000000751       -29.634571605323643        1.0321451745408391E-018
   1.8170000000000752       -29.624546978376845       -2.0722421028462960E-018
   1.8160000000000753       -29.614524082916223       -7.6338571520660948E-019
   1.8150000000000754       -29.604502920754971        1.9330426521762322E-018
   1.8140000000000756       -29.594483493709440        7.8507056706873638E-020
   1.8130000000000757       -29.584465803598086       -1.3646764594849581E-018
   1.8120000000000758       -29.574449852243756       -1.4555362168672063E-018
   1.8110000000000759       -29.564435641469618       -2.2287373759207563E-018
   1.8100000000000760       -29.554423173102030       -2.8742282873107455E-018
   1.8090000000000761       -29.544412448971130       -3.3353612723563685E-018
   1.8080000000000762       -29.534403470907627       -3.8546289818645616E-018
   1.8070000000000763       -29.524396240744593       -2.5903137783783011E-019
   1.8060000000000764       -29.514390760321003       -2.5540715013068373E-018
   1.8050000000000765       -29.504387031475499       -2.3537068294265629E-018
   1.8040000000000767       -29.494385056049577       -2.7120740828744877E-018
   1.8030000000000768       -29.484384835885990       -4.0842655203368763E-018
   1.8020000000000769       -29.474386372835195       -6.6009720379034408E-019
   1.8010000000000770       -29.464389668743785       -2.9265661144033321E-018
   1.8000000000000771       -29.454394725465217       -1.0615524931586027E-018
   1.7990000000000772       -29.444401544852866       -1.7546973261812573E-018
   1.7980000000000773       -29.434410128766256        1.9097040482033149E-019
   1.7970000000000774       -29.424420479062864       -3.1663174887689026E-019
   1.7960000000000775       -29.414432597607092        1.3045016977162940E-019
   1.7950000000000776       -29.404446486261708        1.0559194690560006E-018
   1.7940000000000778       -29.394462146896839       -8.0379961107016433E-019
   1.7930000000000779       -29.384479581380653       -4.0639244507629211E-019
   1.7920000000000780       -29.374498791586525        2.8949390669142859E-018
   1.7910000000000781       -29.364519779391127       -3.9409736618267712E-018
   1.7900000000000782       -29.354542546670814       -1.3461690088097903E-018
   1.7890000000000783       -29.344567095306797       -2.1709961619247701E-018
   1.7880000000000784       -29.334593427183542       -5.0373827283867914E-018
   1.7870000000000785       -29.324621544185636       -2.4804348517060464E-018
   1.7860000000000786       -29.314651448202358       -3.5935469143315953E-020
   1.7850000000000787       -29.304683141124144       -6.2392851720224300E-019
   1.7840000000000789       -29.294716624845826       -1.1546777034616674E-018
   1.7830000000000790       -29.284751901262965       -6.0475623055399920E-019
   1.7820000000000791       -29.274788972275406       -9.9309189374819486E-019
   1.7810000000000792       -29.264827839784768       -1.4863161037177210E-018
   1.7800000000000793       -29.254868505696212        6.1265991045932760E-019
   1.7790000000000794       -29.244910971915282       -1.8732274164113042E-018
   1.7780000000000795       -29.234955240352910        1.1653718947711039E-019
   1.7770000000000796       -29.225001312922181       -6.5847791515626259E-019
   1.7760000000000797       -29.215049191537361        2.3486535424228114E-018
   1.7750000000000798       -29.205098878116619        1.4372971527528707E-018
   1.7740000000000800       -29.195150374579505        1.9270375744195512E-018
   1.7730000000000801       -29.185203682851018        3.0210983805992248E-019
   1.7720000000000802       -29.175258804856146        5.7029746393010974E-018
   1.7710000000000803       -29.165315742523152        1.6564394087981440E-018
   1.7700000000000804       -29.155374497784670       -2.1938273301170867E-019
   1.7690000000000805       -29.145435072572944       -5.5382183068629130E-019
   1.7680000000000806       -29.135497468826657       -5.7740343304953746E-018
   1.7670000000000807       -29.125561688484353       -1.0802531367774346E-018
   1.7660000000000808       -29.115627733489184       -9.3698782077775339E-019
   1.7650000000000809       -29.105695605783811       -1.2441887770466165E-018
   1.7640000000000811       -29.095765307319098       -5.5234128262358273E-019
   1.7630000000000812       -29.085836840043015       -7.6716975438513304E-018
   1.7620000000000813       -29.075910205909725       -3.6276564888914456E-018
   1.7610000000000814       -29.065985406875729       -8.1502243054409018E-018
   1.7600000000000815       -29.056062444898483       -6.6062510656249436E-018
   1.7590000000000816       -29.046141321940947       -5.3842053661656720E-018
   1.7580000000000817       -29.036222039965253       -3.9751364691252480E-018
   1.7570000000000818       -29.026304600940247       -3.4214265140400581E-018
   1.7560000000000819       -29.016389006835208       -1.3471301383132000E-018
   1.7550000000000820       -29.006475259622846       -1.1752093325382135E-019
   1.7540000000000822       -28.996563361278923        3.7329621169153585E-018
   1.7530000000000823       -28.986653313779435       -6.4259754424017701E-019
   1.7520000000000824       -28.976745119107463        1.3954701224296955E-018
   1.7510000000000825       -28.966838779245897        2.0097082983905375E-018
   1.7500000000000826       -28.956934296182066        3.0968081015516131E-018
   1.7490000000000827       -28.947031671903911        3.8172170138814576E-018
   1.7480000000000828       -28.937130908403965       -2.1894092583711529E-018
   1.7470000000000829       -28.927232007678757        1.0060371221776716E-018
   1.7460000000000830       -28.917334971724244        3.9645996348318419E-019
   1.7450000000000832       -28.907439802541504        1.6656786172614058E-018
   1.7440000000000833       -28.897546502134091        1.2930249075471479E-018
   1.7430000000000834       -28.887655072508181        1.8059052690075360E-018
   1.7420000000000835       -28.877765515673520        2.0476449246129276E-018
   1.7410000000000836       -28.867877833641547        6.3816621648975488E-019
   1.7400000000000837       -28.857992028426018       -6.5412017834551332E-019
   1.7390000000000838       -28.848108102047131       -1.9600286903415941E-019
   1.7380000000000839       -28.838226056523478        2.3047866950115302E-018
   1.7370000000000840       -28.828345893878453        3.1244620455618463E-018
   1.7360000000000841       -28.818467616139685        3.3735350404643170E-018
   1.7350000000000843       -28.808591225335032        4.0294210015279150E-018
   1.7340000000000844       -28.798716723496966        2.0439475773341225E-018
   1.7330000000000845       -28.788844112660481        7.2550261540225830E-019
   1.7320000000000846       -28.778973394863360       -1.4699334811545330E-018
   1.7310000000000847       -28.769104572145800       -1.7246984153729832E-018
   1.7300000000000848       -28.759237646551593        1.3560099870106181E-019
   1.7290000000000849       -28.749372620128614        1.2768862869032751E-018
   1.7280000000000850       -28.739509494924597       -1.7524731618000464E-019
   1.7270000000000851       -28.729648272992701        2.1041020800262881E-018
   1.7260000000000852       -28.719788956387823       -1.2530879616649278E-018
   1.7250000000000854       -28.709931547168427       -4.5496709064560781E-018
   1.7240000000000855       -28.700076047394447       -5.2920580438097735E-018
   1.7230000000000856       -28.690222459132372       -3.1063727641222543E-018
   1.7220000000000857       -28.680370784446360       -3.2004065015531641E-018
   1.7210000000000858       -28.670521025408512       -7.8182820988849584E-018
   1.7200000000000859       -28.660673184090996       -6.4076423310882214E-018
   1.7190000000000860       -28.650827262569141       -5.4508791602928191E-018
   1.7180000000000861       -28.640983262921939       -1.0481425402190177E-017
   1.7170000000000862       -28.631141187231826       -3.8890055174860305E-018
   1.7160000000000863       -28.621301037583361       -2.8338783237280856E-018
   1.7150000000000865       -28.611462816063469       -2.9266350105063829E-018
   1.7140000000000866       -28.601626524763564       -3.3695856259914253E-018
   1.7130000000000867       -28.591792165776997       -5.0907382156255322E-019
   1.7120000000000868       -28.581959741200976       -2.8204596938257039E-018
   1.7110000000000869       -28.572129253134168       -3.2287360719473225E-018
   1.7100000000000870       -28.562300703679931       -7.6101631577345494E-019
   1.7090000000000871       -28.552474094944394       -2.2159376141593211E-018
   1.7080000000000872       -28.542649429035023        4.5523392005574923E-018
   1.7070000000000873       -28.532826708064544        1.1503586578846106E-018
   1.7060000000000874       -28.523005934147616        2.9523853867894086E-018
   1.7050000000000876       -28.513187109400597        7.3802463616014287E-019
   1.7040000000000877       -28.503370235946036       -7.0037428661976745E-019
   1.7030000000000878       -28.493555315907098       -7.1419940802063641E-019
   1.7020000000000879       -28.483742351410612        1.0458623675723003E-018
   1.7010000000000880       -28.473931344586461        2.5329424747423023E-018
   1.7000000000000881       -28.464122297567549       -6.1956690781852231E-019
   1.6990000000000882       -28.454315212491018        2.1193589451134690E-019
   1.6980000000000883       -28.444510091493534       -2.6836894578513120E-018
   1.6970000000000884       -28.434706936719191       -7.9804318385518983E-019
   1.6960000000000885       -28.424905750313116        2.1549015982211160E-018
   1.6950000000000887       -28.415106534423305       -3.7865681429212056E-018
   1.6940000000000888       -28.405309291200407       -4.3913446633513094E-018
   1.6930000000000889       -28.395514022799365       -3.4721673678512934E-018
   1.6920000000000890       -28.385720731378360       -8.7258351749262084E-019
   1.6910000000000891       -28.375929419097812        6.7057729529724141E-019
   1.6900000000000892       -28.366140088121004        2.5310675321680009E-018
   1.6890000000000893       -28.356352740615556        1.5669712550400654E-018
   1.6880000000000894       -28.346567378750887        2.4783283008143491E-018
   1.6870000000000895       -28.336784004700849        3.1037445541846783E-018
   1.6860000000000896       -28.327002620640759        2.4770562584452177E-018
   1.6850000000000898       -28.317223228750866       -2.8616618144973502E-018
   1.6840000000000899       -28.307445831213041       -3.5792180204149800E-019
   1.6830000000000900       -28.297670430213049        5.8937662865951951E-018
   1.6820000000000901       -28.287897027940236        3.9574139749291033E-018
   1.6810000000000902       -28.278125626585968        1.5415125961041813E-018
   1.6800000000000903       -28.268356228346441       -1.0908211059056282E-018
   1.6790000000000904       -28.258588835418493       -3.6311846861986184E-018
   1.6780000000000905       -28.248823450004483       -3.7092884515126331E-018
   1.6770000000000906       -28.239060074309108        6.5160336578256230E-018
   1.6760000000000908       -28.229298710539730        4.3821078348405132E-018
   1.6750000000000909       -28.219539360908406        3.4719334869460212E-018
   1.6740000000000910       -28.209782027628158        2.6386134664513492E-018
   1.6730000000000911       -28.200026712916053        3.2550501798731750E-018
   1.6720000000000912       -28.190273418994174       -2.5071106975964505E-018
   1.6710000000000913       -28.180522148084634       -2.4866983185797157E-018
   1.6700000000000914       -28.170772902417095       -1.3871155471338026E-018
   1.6690000000000915       -28.161025684218380        2.0646684093792480E-019
   1.6680000000000916       -28.151280495724922        2.1588636381267256E-018
   1.6670000000000917       -28.141537339171492       -1.8147034231285434E-019
   1.6660000000000919       -28.131796216799923        1.6040855761524167E-019
   1.6650000000000920       -28.122057130851626       -1.7851130870220953E-018
   1.6640000000000921       -28.112320083573348       -4.0386269276867595E-018
   1.6630000000000922       -28.102585077215497       -1.9961771013548781E-018
   1.6620000000000923       -28.092852114030649       -9.3446334244827055E-019
   1.6610000000000924       -28.083121196274703       -3.1001741381878746E-018
   1.6600000000000925       -28.073392326208115       -2.1219486631376852E-018
   1.6590000000000926       -28.063665506091859        2.7783367394589848E-019
   1.6580000000000927       -28.053940738193866        2.7502885578890123E-019
   1.6570000000000928       -28.044218024781852        2.1158236823302611E-018
   1.6560000000000930       -28.034497368129717        4.6353105460720019E-018
   1.6550000000000931       -28.024778770512558        7.8946216992276519E-019
   1.6540000000000932       -28.015062234209744       -9.8750633362985317E-019
   1.6530000000000933       -28.005347761504424       -3.4054941416982312E-019
   1.6520000000000934       -27.995635354680804       -7.2991256512263654E-019
   1.6510000000000935       -27.985925016030208       -6.5254440359798506E-019
   1.6500000000000936       -27.976216747843321       -3.1816253854312921E-018
   1.6490000000000937       -27.966510552416793        2.6193828039756797E-019
   1.6480000000000938       -27.956806432048722        5.1220767592572481E-019
   1.6470000000000939       -27.947104389043737        2.4353531781429013E-019
   1.6460000000000941       -27.937404425705036       -8.5509559280239631E-019
   1.6450000000000942       -27.927706544343614        1.6657753106997118E-018
   1.6440000000000943       -27.918010747271602        2.6824011276378805E-018
   1.6430000000000944       -27.908317036804476       -7.3461758440093849E-019
   1.6420000000000945       -27.898625415261399       -1.3514879652599524E-018
   1.6410000000000946       -27.888935884966155       -1.7106487421396080E-018
   1.6400000000000947       -27.879248448243469        4.4230631949386326E-019
   1.6390000000000948       -27.869563107423321       -3.7482828509663950E-018
   1.6380000000000949       -27.859879864838941       -3.8977834292186617E-019
   1.6370000000000950       -27.850198722825844       -4.2273846899226647E-020
   1.6360000000000952       -27.840519683723617       -4.5434835177257453E-019
   1.6350000000000953       -27.830842749874854       -4.1237371835016225E-019
   1.6340000000000954       -27.821167923627446       -1.0256555732306487E-018
   1.6330000000000955       -27.811495207329813        9.4683236601731659E-019
   1.6320000000000956       -27.801824603336549       -1.0954033178823673E-018
   1.6310000000000957       -27.792156114003241        3.2207177175564485E-018
   1.6300000000000958       -27.782489741690611        2.9191801987486991E-018
   1.6290000000000959       -27.772825488761807        2.5543811416077768E-021
   1.6280000000000960       -27.763163357584226       -2.5767791169247291E-018
   1.6270000000000961       -27.753503350527986       -5.6062250003273495E-019
   1.6260000000000963       -27.743845469967699       -4.1914851867195991E-018
   1.6250000000000964       -27.734189718280287       -2.9137109110881454E-018
   1.6240000000000965       -27.724536097846723       -2.7292899971628414E-018
   1.6230000000000966       -27.714884611051492        9.6695624512290685E-019
   1.6220000000000967       -27.705235260282663        4.5214707293897934E-018
   1.6210000000000968       -27.695588047931341        3.6583407347109664E-018
   1.6200000000000969       -27.685942976391559        5.1621209895285804E-018
   1.6190000000000970       -27.676300048062913        3.9264218649621734E-018
   1.6180000000000971       -27.666659265347988        2.2373601635031003E-018
   1.6170000000000972       -27.657020630649995        4.6665426478776773E-019
   1.6160000000000974       -27.647384146378204       -4.9641270208458755E-018
   1.6150000000000975       -27.637749814946886       -1.9311121351187944E-018
   1.6140000000000976       -27.628117638770302       -2.6111959701854035E-018
   1.6130000000000977       -27.618487620267782       -1.4521167638852358E-018
   1.6120000000000978       -27.608859761863929       -3.7659263611252311E-019
   1.6110000000000979       -27.599234065984227       -1.6257952314005390E-018
   1.6100000000000980       -27.589610535059261       -7.6755811334416518E-019
   1.6090000000000981       -27.579989171521714        1.6858929466409584E-018
   1.6080000000000982       -27.570369977809765       -3.3794409258686268E-019
   1.6070000000000983       -27.560752956364858       -1.1965005358518379E-018
   1.6060000000000985       -27.551138109629839       -2.8492187949709730E-018
   1.6050000000000986       -27.541525440054649        2.6358022250048154E-018
   1.6040000000000987       -27.531914950088876        1.5459694809867733E-018
   1.6030000000000988       -27.522306642189154       -3.2340578757486259E-018
   1.6020000000000989       -27.512700518813588        1.9015312117403151E-018
   1.6010000000000990       -27.503096582425314       -1.0432390674657955E-018
   1.6000000000000991       -27.493494835488608       -3.5221982020740308E-018
   1.5990000000000992       -27.483895280475153       -8.2476033868657727E-020
   1.5980000000000993       -27.474297919856713        4.1377959084850962E-018
   1.5970000000000995       -27.464702756112064        7.6810390330823400E-018
   1.5960000000000996       -27.455109791720133       -1.0461751562743666E-018
   1.5950000000000997       -27.445519029165510       -2.4126987905484409E-018
   1.5940000000000998       -27.435930470935826       -4.2113211488785438E-018
   1.5930000000000999       -27.426344119522966       -1.4146924224390505E-018
   1.5920000000001000       -27.416759977422341       -8.5597291482186110E-019
   1.5910000000001001       -27.407178047131989       -3.9180103817585993E-018
   1.5900000000001002       -27.397598331155120        3.8740938298207101E-018
   1.5890000000001003       -27.388020831997412        6.7217024869317046E-018
   1.5880000000001004       -27.378445552169019        4.7042345293653311E-018
   1.5870000000001006       -27.368872494183734        4.3837042827628893E-018
   1.5860000000001007       -27.359301660558469        5.3637433334048043E-019
   1.5850000000001008       -27.349733053814766        1.4687020838866435E-018
   1.5840000000001009       -27.340166676476411        1.2290381219402633E-019
   1.5830000000001010       -27.330602531071612        1.2364188796625056E-018
   1.5820000000001011       -27.321040620134021        2.4332792566950969E-018
   1.5810000000001012       -27.311480946198596        1.0682429553656342E-019
   1.5800000000001013       -27.301923511804265       -7.8459456075114439E-019
   1.5790000000001014       -27.292368319496152       -1.2506310442912906E-018
   1.5780000000001015       -27.282815371819844        9.6454119927471926E-019
   1.5770000000001017       -27.273264671326356        8.0682611583622948E-020
   1.5760000000001018       -27.263716220570629       -1.8436983236906086E-019
   1.5750000000001019       -27.254170022110973        7.5536633572522043E-019
   1.5740000000001020       -27.244626078510251       -3.7643947444380457E-018
   1.5730000000001021       -27.235084392332645       -2.1672321208621058E-018
   1.5720000000001022       -27.225544966149492       -2.4097864094393668E-018
   1.5710000000001023       -27.216007802533273       -1.4223190984733388E-019
   1.5700000000001024       -27.206472904061911        4.2297230223521394E-019
   1.5690000000001025       -27.196940273316912        5.7479856046254007E-018
   1.5680000000001026       -27.187409912881662        7.1384900813127974E-018
   1.5670000000001028       -27.177881825346439        4.1534378824616654E-018
   1.5660000000001029       -27.168356013302475        4.8405895952527449E-020
   1.5650000000001030       -27.158832479347982       -1.0729962096901178E-018
   1.5640000000001031       -27.149311226080684       -6.7541100005554450E-019
   1.5630000000001032       -27.139792256106787        1.8121255080663774E-018
   1.5620000000001033       -27.130275572033000        7.7390910122847776E-019
   1.5610000000001034       -27.120761176471731        1.7906474102961500E-018
   1.5600000000001035       -27.111249072038220        4.9943372240328580E-018
   1.5590000000001036       -27.101739261352328        5.7989196305364992E-018
   1.5580000000001037       -27.092231747037090        6.4288808510485440E-018
   1.5570000000001039       -27.082726531720009        4.7342905666582518E-019
   1.5560000000001040       -27.073223618031879       -2.0141024749145012E-018
   1.5550000000001041       -27.063723008607290       -1.9095832900219227E-018
   1.5540000000001042       -27.054224706086863       -1.6176770663265127E-018
   1.5530000000001043       -27.044728713111024       -2.7434782383632311E-018
   1.5520000000001044       -27.035235032328274       -1.6598718952271651E-018
   1.5510000000001045       -27.025743666388571       -1.6381513249945871E-018
   1.5500000000001046       -27.016254617946515       -3.3754383778022147E-018
   1.5490000000001047       -27.006767889660836       -1.3571831919600913E-018
   1.5480000000001048       -26.997283484193957       -2.3689513268039740E-018
   1.5470000000001050       -26.987801404212149       -5.9766446977910086E-018
   1.5460000000001051       -26.978321652385681        1.3308094829188153E-018
   1.5450000000001052       -26.968844231388218        3.9189720624339764E-019
   1.5440000000001053       -26.959369143899170        7.3806364977133741E-019
   1.5430000000001054       -26.949896392600486        8.6936097354590039E-019
   1.5420000000001055       -26.940425980176727       -2.1780907864789469E-018
   1.5410000000001056       -26.930957909320252       -8.7453685249177784E-019
   1.5400000000001057       -26.921492182723817        1.3496318559472386E-018
   1.5390000000001058       -26.912028803085871       -2.1674284600289014E-018
   1.5380000000001059       -26.902567773109141       -2.2108059296520091E-018
   1.5370000000001061       -26.893109095498911       -4.9900295099989151E-018
   1.5360000000001062       -26.883652772965398       -3.3990848085382909E-018
   1.5350000000001063       -26.874198808222612        3.0215225273279793E-018
   1.5340000000001064       -26.864747203989953       -9.2028090758983167E-019
   1.5330000000001065       -26.855297962988139        7.6468990342248219E-019
   1.5320000000001066       -26.845851087944315       -1.6702993407133437E-018
   1.5310000000001067       -26.836406581587969       -2.3533224271082777E-018
   1.5300000000001068       -26.826964446653786        1.2944073711902691E-018
   1.5290000000001069       -26.817524685880997       -6.3570781190632945E-019
   1.5280000000001071       -26.808087302010687       -2.8744454564864159E-018
   1.5270000000001072       -26.798652297790312        8.3828665589248771E-019
   1.5260000000001073       -26.789219675970031        1.4102302069305048E-018
   1.5250000000001074       -26.779789439304288       -2.1407387366369082E-018
   1.5240000000001075       -26.770361590552536        3.7423983432812712E-018
   1.5230000000001076       -26.760936132477507        4.5535300334732707E-018
   1.5220000000001077       -26.751513067845085        4.9013319157023861E-018
   1.5210000000001078       -26.742092399427047        8.6312249222675632E-019
   1.5200000000001079       -26.732674129998884        1.7824815172198153E-018
   1.5190000000001080       -26.723258262339847       -1.1941652351115279E-018
   1.5180000000001082       -26.713844799232888       -9.4105778745238227E-020
   1.5170000000001083       -26.704433743465383        2.2286781611206120E-018
   1.5160000000001084       -26.695025097829944       -8.9703262661918687E-019
   1.5150000000001085       -26.685618865120905       -2.1252822140059531E-019
   1.5140000000001086       -26.676215048139099        3.2671584645395688E-018
   1.5130000000001087       -26.666813649689757        6.2788508867999105E-018
   1.5120000000001088       -26.657414672578962        3.4773678255628133E-018
   1.5110000000001089       -26.648018119620616        3.6855104586030607E-018
   1.5100000000001090       -26.638623993630961        3.1045201488881861E-018
   1.5090000000001091       -26.629232297430903        2.9525914003380140E-019
   1.5080000000001093       -26.619843033844180       -4.7291295494705199E-019
   1.5070000000001094       -26.610456205702782       -1.2441989756241614E-018
   1.5060000000001095       -26.601071815836921       -2.1883294615664787E-018
   1.5050000000001096       -26.591689867087261       -2.1529533344309080E-018
   1.5040000000001097       -26.582310362293072        8.6040627485438217E-019
   1.5030000000001098       -26.572933304301106        1.0663021870741116E-018
   1.5020000000001099       -26.563558695962634        4.4725876580739330E-018
   1.5010000000001100       -26.554186540130992        3.1736407606107222E-018
