   1.6000000238418579       -43.020561965249769       0.75370481802996303       0.40923668362779508     
   1.6010000238418578       -43.026229144463997       0.75283495943791690       0.40913801594306498     
   1.6020000238418577       -43.031907634774441       0.75196042262032692       0.40903941878787481     
   1.6030000238418576       -43.037597465217097       0.75108115132635611       0.40894089203830419     
   1.6040000238418575       -43.043298665097240       0.75019709644906074       0.40884243606979809     
   1.6050000238418574       -43.049011263994821       0.74930819985989272       0.40874405076167991     
   1.6060000238418572       -43.054735291770378       0.74841440488130506       0.40864573614553890     
   1.6070000238418571       -43.060470778570533       0.74751565367629325       0.40854749224560272     
   1.6080000238418570       -43.066217754833758       0.74661188721486560       0.40844931907847426     
   1.6090000238418569       -43.071976251296817       0.74570304222570982       0.40835121647410805     
   1.6100000238418568       -43.077746299000957       0.74478906295718117       0.40825318477652150     
   1.6110000238418567       -43.083527929298249       0.74386988380210950       0.40815522381172636     
   1.6120000238418566       -43.089321173858309       0.74294544058938805       0.40805733356269180     
   1.6130000238418565       -43.095126064675263       0.74201566776400352       0.40795951400312663     
   1.6140000238418564       -43.100942634074613       0.74108049525049735       0.40786176491856163     
   1.6150000238418563       -43.106770914720869       0.74013986051498848       0.40776408660595148     
   1.6160000238418561       -43.112610939624929       0.73919369073966912       0.40766647884375945     
   1.6170000238418560       -43.118462742151742       0.73824191438704068       0.40756894156487927     
   1.6180000238418559       -43.124326356028533       0.73728445530834152       0.40747147452227384     
   1.6190000238418558       -43.130201815353104       0.73632124440411850       0.40737407794931307     
   1.6200000238418557       -43.136089154602239       0.73535220238022014       0.40727675158801663     
   1.6210000238418556       -43.141988408640856       0.73437725091122907       0.40717949532348746     
   1.6220000238418555       -43.147899612730889       0.73339630983290427       0.40708230902765169     
   1.6230000238418554       -43.153822802540844       0.73240929383996756       0.40698519238150022     
   1.6240000238418553       -43.159758014155713       0.73141612508150111       0.40688814556793784     
   1.6250000238418552       -43.165705284087053       0.73041671452743584       0.40679116825268391     
   1.6260000238418550       -43.171664649283329       0.72941097400912958       0.40669426024903993     
   1.6270000238418549       -43.177636147141030       0.72839880989334849       0.40659742117886249     
   1.6280000238418548       -43.183619815515755       0.72738013583898897       0.40650065115705103     
   1.6290000238418547       -43.189615692733810       0.72635485390941235       0.40640394978511502     
   1.6300000238418546       -43.195623817604655       0.72532286364560739       0.40630731664470049     
   1.6310000238418545       -43.201644229433008       0.72428407107993109       0.40621075177003374     
   1.6320000238418544       -43.207676968032047       0.72323837092228782       0.40611425471696522     
   1.6330000238418543       -43.213722073736804       0.72218565800732060       0.40601782516892371     
   1.6340000238418542       -43.219779587418486       0.72112582108881773       0.40592146262018020     
   1.6350000238418541       -43.225849550498459       0.72005875552249832       0.40582516702763405     
   1.6360000238418539       -43.231932004963873       0.71898434443825721       0.40572893785290387     
   1.6370000238418538       -43.238026993383087       0.71790246759528165       0.40563277452484953     
   1.6380000238418537       -43.244134558922113       0.71681301078663440       0.40553667691121720     
   1.6390000238418536       -43.250254745361502       0.71571584742255367       0.40544064440109812     
   1.6400000238418535       -43.256387597114042       0.71461085028974258       0.40534467650076433     
   1.6410000238418534       -43.262533159243489       0.71349788495906119       0.40524877251403330     
   1.6420000238418533       -43.268691477482960       0.71237682342100073       0.40515293221195720     
   1.6430000238418532       -43.274862598255936       0.71124752377918787       0.40505715484893434     
   1.6440000238418531       -43.281046568696432       0.71010983958108320       0.40496143962969211     
   1.6450000238418530       -43.287243436670622       0.70896363043115074       0.40486578621774882     
   1.6460000238418528       -43.293453250800312       0.70780873804603639       0.40477019360227051     
   1.6470000238418527       -43.299676060485822       0.70664501227100118       0.40467466133881669     
   1.6480000238418526       -43.305911915931105       0.70547228874380019       0.40457918850341273     
   1.6490000238418525       -43.312160868169727       0.70429039744156574       0.40448377410819686     
   1.6500000238418524       -43.318422969091891       0.70309917301320413       0.40438841758089805     
   1.6510000238418523       -43.324698271472684       0.70189843476465041       0.40429311785247596     
   1.6520000238418522       -43.330986829001844       0.70068799548976579       0.40419787377884275     
   1.6530000238418521       -43.337288696315127       0.69946767251120412       0.40410268464267962     
   1.6540000238418520       -43.343603929026479       0.69823726274372788       0.40400754904460218     
   1.6550000238418519       -43.349932583762758       0.69699656994061288       0.40391246613111581     
   1.6560000238418517       -43.356274718199515       0.69574537726007413       0.40381743439029871     
   1.6570000238418516       -43.362630391098619       0.69448347361032814       0.40372245282266228     
   1.6580000238418515       -43.368999662348436       0.69321063032272290       0.40362751993320867     
   1.6590000238418514       -43.375382593005249       0.69192660960143038       0.40353263411977564     
   1.6600000238418513       -43.381779245337583       0.69063117614609759       0.40343779417751485     
   1.6610000238418512       -43.388189682872593       0.68932407070403778       0.40334299819049124     
   1.6620000238418511       -43.394613970444851       0.68800503902214871       0.40324824477098231     
   1.6630000238418510       -43.401052174248171       0.68667380178905191       0.40315353181690960     
   1.6640000238418509       -43.407504361890467       0.68533008372310056       0.40305885773870820     
   1.6650000238418508       -43.413970602451073       0.68397358303939138       0.40296422022015066     
   1.6660000238418506       -43.420450966542234       0.68260399731008570       0.40286961729857224     
   1.6670000238418505       -43.426945526373714       0.68122101064557061       0.40277504685757354     
   1.6680000238418504       -43.433454355821382       0.67982428306855480       0.40268050623260476     
   1.6690000238418503       -43.439977530500435       0.67841347448089118       0.40258599318667060     
   1.6700000238418502       -43.446515127842495       0.67698821464698156       0.40249150475159740     
   1.6710000238418501       -43.453067227178224       0.67554812830376609       0.40239703824156681     
   1.6720000238418500       -43.459633909824944       0.67409282245712665       0.40230259078049868     
   1.6730000238418499       -43.466215259180302       0.67262187451602218       0.40220815888780193     
   1.6740000238418498       -43.472811360821922       0.67113485330889844       0.40211373931273020     
   1.6750000238418497       -43.479422302614282       0.66963130635673196       0.40201932858104905     
   1.6760000238418495       -43.486048174822827       0.66811074707447604       0.40192492256607443     
   1.6770000238418494       -43.492689070236089       0.66657267616369120       0.40183051732326081     
   1.6780000238418493       -43.499345084297097       0.66501656427700928       0.40173610849322977     
   1.6790000238418492       -43.506016315244523       0.66344185401419731       0.40164169142728678     
   1.6800000238418491       -43.512702864263929       0.66184796162863568       0.40154726129866414     
   1.6810000238418490       -43.519404835651883       0.66023425920451284       0.40145281253286741     
   1.6820000238418489       -43.526122336992074       0.65860009536945374       0.40135833960046940     
   1.6830000238418488       -43.532855479346260       0.65694477677786656       0.40126383643236480     
   1.6840000238418487       -43.539604377461146       0.65526756886318926       0.40116929652383138     
   1.6850000238418485       -43.546369149992735       0.65356769229972345       0.40107471289486329     
   1.6860000238418484       -43.553149919750233       0.65184431906260398       0.40098007804588787     
   1.6870000238418483       -43.559946813962341       0.65009656802954396       0.40088538390820239     
   1.6880000238418482       -43.566759964566991       0.64832349598705563       0.40079062165751339     
   1.6890000238418481       -43.573589508529537       0.64652410823156203       0.40069578217141438     
   1.6900000238418480       -43.580435588191392       0.64469732835396110       0.40060085518265548     
   1.6910000238418479       -43.587298351652997       0.64284200709169548       0.40050582971415749     
   1.6920000238418478       -43.594177953197082       0.64095690616640100       0.40041069372944649     
   1.6930000238418477       -43.601074553755929       0.63904070588788875       0.40031543454148388     
   1.6940000238418476       -43.607988321429588       0.63709196595195938       0.40022003780767218     
   1.6950000238418474       -43.614919432063367       0.63510914632844151       0.40012448839116466     
   1.6960000238418473       -43.621868069891228       0.63309056076891068       0.40002876921559694     
   1.6970000238418472       -43.628834428257711       0.63103438989966709       0.39993286194445443     
   1.6980000238418471       -43.635818710428879       0.62893864612412032       0.39983674626958898     
   1.6990000238418470       -43.642821130508437       0.62680115636849576       0.39974039978762543     
   1.7000000238418469       -43.649841914476987       0.62461953680809479       0.39964379770443403     
   1.7010000238418468       -43.656881301375499       0.62239116298347996       0.39954691248480312     
   1.7020000238418467       -43.663939544661417       0.62011313423428760       0.39944971343438757     
   1.7030000238418466       -43.671016913769044       0.61778222660755544       0.39935216607978075     
   1.7040000238418465       -43.678113695918491       0.61539485883116818       0.39925423202191163     
   1.7050000238418463       -43.685230198223181       0.61294699907588701       0.39915586738702086     
   1.7060000238418462       -43.692366750165114       0.61043411412636062       0.39905702260583326     
   1.7070000238418461       -43.699523706522811       0.60785107355580636       0.39895764125159267     
   1.7080000238418460       -43.706701450866177       0.60519200357302083       0.39885765795466432     
   1.7090000238418459       -43.713900399765095       0.60245016481232438       0.39875699733478887     
   1.7100000238418458       -43.721121007913773       0.59961773858938328       0.39865557120902245     
   1.7110000238418457       -43.728363774442158       0.59668556967374808       0.39855327549897707     
   1.7120000238418456       -43.735629250793274       0.59364283358911141       0.39844998631626294     
   1.7130000238418455       -43.742918050706670       0.59047657313272550       0.39834555433920010     
   1.7140000238418454       -43.750230863089790       0.58717104182503588       0.39823979670254073     
   1.7150000238418452       -43.757568468951732       0.58370680187681101       0.39813248615431468     
   1.7160000238418451       -43.764931764214715       0.58005937563477372       0.39802333454381711     
   1.7170000238418450       -43.772321791319840       0.57619718904935524       0.39791196757248470     
   1.7180000238418449       -43.779739784543487       0.57207834086340470       0.39779788536405697     
   1.7190000238418448       -43.787187237784764       0.56764507539756537       0.39768039411180872     
   1.7200000238418447       -43.794666011611689       0.56281391101860556       0.39755848454540677     
   1.7210000238418446       -43.802178514875621       0.55745592145590961       0.39743058769047646     
   1.7220000238418445       -43.809728045348081       0.55135208550254644       0.39729402104218386     
   1.7230000238418444       -43.817319533767758       0.54406844711629199       0.39714343484948877     
   1.7240000238418443       -43.824961673890499       0.53444382559067172       0.39696441757934170     
   1.7250000238418441       -43.866430031830433       0.17077619719862930       0.39576486748248352     
   1.7260000238418440       -43.875095880975550       0.17077233222444216       0.39574207763066749     
   1.7270000238418439       -43.883764002657784       0.17076847641728843       0.39571928058048006     
   1.7280000238418438       -43.892434394038766       0.17076460481057407       0.39569647212607129     
   1.7290000238418437       -43.901107052284935       0.17076071670115456       0.39567365401941296     
   1.7300000238418436       -43.909781974567196       0.17075681212822943       0.39565082628274556     
   1.7310000238418435       -43.918459158061268       0.17075289113096703       0.39562798893813611     
   1.7320000238418434       -43.927138599947590       0.17074895374845639       0.39560514200743990     
   1.7330000238418433       -43.935820297411311       0.17074500001974216       0.39558228551263225     
   1.7340000238418432       -43.944504247642001       0.17074102998371693       0.39555941947558032     
   1.7350000238418430       -43.953190447834160       0.17073704367916898       0.39553654391806875     
   1.7360000238418429       -43.961878895186814       0.17073304183959795       0.39551365714475967     
   1.7370000238418428       -43.970569586903267       0.17072902309943849       0.39549076264418676     
   1.7380000238418427       -43.979262520192492       0.17072498820701701       0.39546785868740952     
   1.7390000238418426       -43.987957692266761       0.17072093720068912       0.39544494529645591     
   1.7400000238418425       -43.996655100343951       0.17071687011881495       0.39542202249280195     
   1.7410000238418424       -44.005354741646087       0.17071278699952849       0.39539909029804432     
   1.7420000238418423       -44.014056613400072       0.17070868788100829       0.39537614873363841     
   1.7430000238418422       -44.022760712837126       0.17070457280136223       0.39535319782108558     
   1.7440000238418421       -44.031467037193053       0.17070044179847990       0.39533023758182301     
   1.7450000238418419       -44.040175583708454       0.17069629491024566       0.39530726803714550     
   1.7460000238418418       -44.048886349628411       0.17069213149329690       0.39528429092902034     
   1.7470000238418417       -44.057599332202656       0.17068795296132644       0.39526130280625671     
   1.7480000238418416       -44.066314528685282       0.17068375865679497       0.39523830544231708     
   1.7490000238418415       -44.075031936335030       0.17067954861705259       0.39521529885855355     
   1.7500000238418414       -44.083751552415428       0.17067532287955869       0.39519228307603194     
   1.7510000238418413       -44.092473374194000       0.17067108148163002       0.39516925811592762     
   1.7520000238418412       -44.101197398943299       0.17066682446042991       0.39514622399917559     
   1.7530000238418411       -44.109923623940055       0.17066255185311141       0.39512318074681374     
   1.7540000238418409       -44.118652046465797       0.17065826369669390       0.39510012837970554     
   1.7550000238418408       -44.127382663806166       0.17065396002810521       0.39507706691885569     
   1.7560000238418407       -44.136115473252211       0.17064964088425416       0.39505399638491229     
   1.7570000238418406       -44.144850472098049       0.17064530696282165       0.39503091508794363     
   1.7580000238418405       -44.153587657643335       0.17064095696533782       0.39500782650091604     
   1.7590000238418404       -44.162327027191807       0.17063659160286912       0.39498472890245284     
   1.7600000238418403       -44.171068578052257       0.17063221091183742       0.39496162231333182     
   1.7610000238418402       -44.179812307536871       0.17062781492861381       0.39493850675433273     
   1.7620000238418401       -44.188558212963187       0.17062340368949319       0.39491538224590833     
   1.7630000238418400       -44.197306291652872       0.17061897723075281       0.39489224880868035     
   1.7640000238418398       -44.206056540931868       0.17061453558841103       0.39486910646313766     
   1.7650000238418397       -44.214808958131087       0.17061007879854959       0.39484595522967408     
   1.7660000238418396       -44.223563540585090       0.17060560689711737       0.39482279512879931     
   1.7670000238418395       -44.232320285633548       0.17060111991995916       0.39479962618078113     
   1.7680000238418394       -44.241079190619914       0.17059661725458330       0.39477645012512075     
   1.7690000238418393       -44.249840252892916       0.17059210024558119       0.39475326351460610     
   1.7700000238418392       -44.258603469804868       0.17058756826766330       0.39473006811816547     
   1.7710000238418391       -44.267368838712670       0.17058302135634498       0.39470686395616794     
   1.7720000238418390       -44.276136356977929       0.17057845954693576       0.39468365104872721     
   1.7730000238418389       -44.284906021966364       0.17057388287481343       0.39466042941594648     
   1.7740000238418387       -44.293677831047617       0.17056929137527752       0.39463719907798978     
   1.7750000238418386       -44.302451781596716       0.17056468508338216       0.39461396005469462     
   1.7760000238418385       -44.311227870992461       0.17056006403424492       0.39459071236608589     
   1.7770000238418384       -44.320006096617462       0.17055542826287037       0.39456745603214283     
   1.7780000238418383       -44.328786455859941       0.17055077780409589       0.39454419107263694     
   1.7790000238418382       -44.337568946111460       0.17054611333542125       0.39452091576129594     
   1.7800000238418381       -44.346353564767909       0.17054143359414345       0.39449763363940993     
   1.7810000238418380       -44.355140309230180       0.17053673926993326       0.39447434295068817     
   1.7820000238418379       -44.363929176902914       0.17053203039726950       0.39445104371507445     
   1.7830000238418378       -44.372720165194920       0.17052730701065733       0.39442773595231778     
   1.7840000238418376       -44.381513271519850       0.17052256914444719       0.39440441968195961     
   1.7850000238418375       -44.390308493295564       0.17051781683292275       0.39438109492355061     
   1.7860000238418374       -44.399105827943359       0.17051305011028964       0.39435776169679032     
   1.7870000238418373       -44.407905272890112       0.17050826901064189       0.39433442002106978     
   1.7880000238418372       -44.416706825566166       0.17050347356804130       0.39431106991589115     
   1.7890000238418371       -44.425510483405894       0.17049866381647380       0.39428771140069430     
   1.7900000238418370       -44.434316243848592       0.17049383978976942       0.39426434449486125     
   1.7910000238418369       -44.443124104337770       0.17048900152167004       0.39424096921769408     
   1.7920000238418368       -44.451934062320248       0.17048414842559576       0.39421758732336126     
   1.7930000238418367       -44.460746115248121       0.17047928178703822       0.39419419533393174     
   1.7940000238418365       -44.469560260577168       0.17047440100787004       0.39417079503128227     
   1.7950000238418364       -44.478376495767563       0.17046950612143005       0.39414738643477976     
   1.7960000238418363       -44.487194818284159       0.17046459716104609       0.39412396956348883     
   1.7970000238418362       -44.496015225594491       0.17045967416010221       0.39410054443664078     
   1.7980000238418361       -44.504837715172158       0.17045473715175147       0.39407711107312110     
