   1.6000000238418579       -43.764715621556789       0.76448726468822237       0.41755191082963250     
   1.6010000238418578       -43.770208991288783       0.76363606774270842       0.41745759600319432     
   1.6020000238418577       -43.775713800049004       0.76278035976546854       0.41736335290452969     
   1.6030000238418576       -43.781230077080743       0.76192008975787162       0.41726918164352700     
   1.6040000238418575       -43.786757851887131       0.76105520691078454       0.41717508239374879     
   1.6050000238418574       -43.792297154236230       0.76018565659142567       0.41708105516356414     
   1.6060000238418572       -43.797848014166348       0.75931139142423032       0.41698710042818121     
   1.6070000238418571       -43.803410461991255       0.75843235492379135       0.41689321819830971     
   1.6080000238418570       -43.808984528305686       0.75754849215234243       0.41679940862988180     
   1.6090000238418569       -43.814570243991078       0.75665974706607253       0.41670567187396207     
   1.6100000238418568       -43.820167640221555       0.75576605970957156       0.41661200792307024     
   1.6110000238418567       -43.825776748469522       0.75486737704641094       0.41651841721308447     
   1.6120000238418566       -43.831397600512084       0.75396363695768454       0.41642489973678193     
   1.6130000238418565       -43.837030228437477       0.75305477864342996       0.41633145562362966     
   1.6140000238418564       -43.842674664651526       0.75214074002602027       0.41623808499721915     
   1.6150000238418563       -43.848330941884285       0.75122145771167359       0.41614478797490390     
   1.6160000238418561       -43.853999093197373       0.75029686391764117       0.41605156450578012     
   1.6170000238418560       -43.859679151990584       0.74936689829916558       0.41595841500477682     
   1.6180000238418559       -43.865371152009722       0.74843149047469382       0.41586533941911263     
   1.6190000238418558       -43.871075127354075       0.74749057136796204       0.41577233783863288     
   1.6200000238418557       -43.876791112484298       0.74654406748245705       0.41567941019490395     
   1.6210000238418556       -43.882519142230464       0.74559191214507647       0.41558655685083173     
   1.6220000238418555       -43.888259251800676       0.74463402888107133       0.41549377773319018     
   1.6230000238418554       -43.894011476789458       0.74367034218144590       0.41540107289916484     
   1.6240000238418553       -43.899775853186810       0.74270077479706653       0.41530844239691700     
   1.6250000238418552       -43.905552417387554       0.74172524460911005       0.41521588610989846     
   1.6260000238418550       -43.911341206200611       0.74074367657427820       0.41512340436414530     
   1.6270000238418549       -43.917142256859243       0.73975598505434581       0.41503099703519003     
   1.6280000238418548       -43.922955607030957       0.73876208523830145       0.41493866413074249     
   1.6290000238418547       -43.928781294828383       0.73776188719283953       0.41484640549610585     
   1.6300000238418546       -43.934619358819745       0.73675530777303999       0.41475422140508583     
   1.6310000238418545       -43.940469838040755       0.73574225298726503       0.41466211169119022     
   1.6320000238418544       -43.946332772005910       0.73472262936784483       0.41457007631401188     
   1.6330000238418543       -43.952208200720847       0.73369633795314093       0.41447811506920446     
   1.6340000238418542       -43.958096164694936       0.73266328643444090       0.41438622817610504     
   1.6350000238418541       -43.963996704954248       0.73162337115209142       0.41429441541414413     
   1.6360000238418539       -43.969909863055221       0.73057648867318359       0.41420267668525190     
   1.6370000238418538       -43.975835681098594       0.72952252956240871       0.41411101172214049     
   1.6380000238418537       -43.981774201744273       0.72846139105478869       0.41401942068553299     
   1.6390000238418536       -43.987725468225960       0.72739295825103567       0.41392790328668005     
   1.6400000238418535       -43.993689524367497       0.72631711300420676       0.41383645921299600     
   1.6410000238418534       -43.999666414598877       0.72523374318244116       0.41374508855387032     
   1.6420000238418533       -44.005656183973308       0.72414272447452344       0.41365379096965676     
   1.6430000238418532       -44.011658878185052       0.72304393201409445       0.41356256623160575     
   1.6440000238418531       -44.017674543587631       0.72193723390786568       0.41347141393443970     
   1.6450000238418530       -44.023703227213346       0.72082250456426444       0.41338033409600805     
   1.6460000238418528       -44.029744976792806       0.71969960485011342       0.41328932627661669     
   1.6470000238418527       -44.035799840776193       0.71856839124932270       0.41319838999895880     
   1.6480000238418526       -44.041867868354807       0.71742872609998265       0.41310752519722549     
   1.6490000238418525       -44.047949109483596       0.71628045765571580       0.41301673135201022     
   1.6500000238418524       -44.054043614905069       0.71512342917174776       0.41292600789929829     
   1.6510000238418523       -44.060151436173697       0.71395748940270021       0.41283535468176835     
   1.6520000238418522       -44.066272625682060       0.71278246889742725       0.41274477094530670     
   1.6530000238418521       -44.072407236687724       0.71159820573749488       0.41265425643907722     
   1.6540000238418520       -44.078555323341249       0.71040452335147797       0.41256381048675200     
   1.6550000238418519       -44.084716940716078       0.70920123892585751       0.41247343235431067     
   1.6560000238418517       -44.090892144839295       0.70798817375507161       0.41238312168042707     
   1.6570000238418516       -44.097080992724067       0.70676513317151446       0.41229287765996564     
   1.6580000238418515       -44.103283542403830       0.70553191529928538       0.41220269941944665     
   1.6590000238418514       -44.109499852967822       0.70428832221115600       0.41211258647114085     
   1.6600000238418513       -44.115729984598723       0.70303413467554832       0.41202253771209013     
   1.6610000238418512       -44.121973998611978       0.70176913971663224       0.41193255253416061     
   1.6620000238418511       -44.128231957497093       0.70049310269038578       0.41184262973229241     
   1.6630000238418510       -44.134503924961578       0.69920579409482142       0.41175276856855492     
   1.6640000238418509       -44.140789965976680       0.69790696211709269       0.41166296771816574     
   1.6650000238418508       -44.147090146825740       0.69659635902736206       0.41157322630169074     
   1.6660000238418506       -44.153404535155204       0.69527371385192416       0.41148354285531968     
   1.6670000238418505       -44.159733200028768       0.69393875867116372       0.41139391634382161     
   1.6680000238418504       -44.166076211984169       0.69259120107588446       0.41130434514243963     
   1.6690000238418503       -44.172433643093257       0.69123075069049722       0.41121482804313569     
   1.6700000238418502       -44.178805567026060       0.68985709105792326       0.41112536323538051     
   1.6710000238418501       -44.185192059118116       0.68846990672054076       0.41103594931787207     
   1.6720000238418500       -44.191593196442156       0.68706885415501828       0.41094658426580338     
   1.6730000238418499       -44.198009057884036       0.68565358976843749       0.41085726646037707     
   1.6740000238418498       -44.204439724223676       0.68422373946252657       0.41076799362931993     
   1.6750000238418497       -44.210885278220729       0.68277892406812457       0.41067876377394008     
   1.6760000238418495       -44.217345804706660       0.68131874643640722       0.41058957473653263     
   1.6770000238418494       -44.223821390681579       0.67984277956490780       0.41050042382863128     
   1.6780000238418493       -44.230312125419061       0.67835058769377932       0.41041130858679736     
   1.6790000238418492       -44.236818100576990       0.67684171346452437       0.41032222636180826     
   1.6800000238418491       -44.243339410316963       0.67531566517599528       0.41023317393632652     
   1.6810000238418490       -44.249876151431920       0.67377193809873992       0.41014414827513151     
   1.6820000238418489       -44.256428423482987       0.67220999713917196       0.41005514598997411     
   1.6830000238418488       -44.262996328946606       0.67062927880574086       0.40996616345380260     
   1.6840000238418487       -44.269579973373368       0.66902919282428841       0.40987719690005925     
   1.6850000238418485       -44.276179465558343       0.66740910451572033       0.40978824192009033     
   1.6860000238418484       -44.282794917725539       0.66576835513458810       0.40969929416615758     
   1.6870000238418483       -44.289426445727308       0.66410624352347647       0.40961034883490771     
   1.6880000238418482       -44.296074169260379       0.66242202676762041       0.40952140076118460     
   1.6890000238418481       -44.302738212100550       0.66071491660209913       0.40943244438459270     
   1.6900000238418480       -44.309418702357057       0.65898407541171766       0.40934347371233032     
   1.6910000238418479       -44.316115772751445       0.65722861176336600       0.40925448227717864     
   1.6920000238418478       -44.322829560920127       0.65544757540515997       0.40916546309078844     
   1.6930000238418477       -44.329560209747463       0.65363994757062138       0.40907640847471438     
   1.6940000238418476       -44.336307867730120       0.65180465078583438       0.40898731046035802     
   1.6950000238418474       -44.343072689378047       0.64994051775324935       0.40889816003625334     
   1.6960000238418473       -44.349854835657112       0.64804629908939126       0.40880894752496094     
   1.6970000238418472       -44.356654474478319       0.64612064580708151       0.40871966226436018     
   1.6980000238418471       -44.363471781241095       0.64416211585774519       0.40863029296933606     
   1.6990000238418470       -44.370306939436986       0.64216913244910212       0.40854082681534498     
   1.7000000238418469       -44.377160141324936       0.64013999965223201       0.40845125009975325     
   1.7010000238418468       -44.384031588687392       0.63807287332055318       0.40836154773187755     
   1.7020000238418467       -44.390921493680885       0.63596573025817049       0.40827170274717950     
   1.7030000238418466       -44.397830079797338       0.63381637107887845       0.40818169673152493     
   1.7040000238418465       -44.404757582954396       0.63162237771472141       0.40809150913800502     
   1.7050000238418463       -44.411704252738481       0.62938108710893326       0.40800111709690035     
   1.7060000238418462       -44.418670353829164       0.62708955044717007       0.40791049495343851     
   1.7070000238418461       -44.425656167640213       0.62474450689020444       0.40781961424997515     
   1.7080000238418460       -44.432661994221469       0.62234230064044049       0.40772844248637835     
   1.7090000238418459       -44.439688154477899       0.61987884681555605       0.40763694319393012     
   1.7100000238418458       -44.446734992776619       0.61734953511033219       0.40754507473966306     
   1.7110000238418457       -44.453802880033948       0.61474913596400094       0.40745278944833418     
   1.7120000238418456       -44.460892217402716       0.61207167248705840       0.40736003226507489     
   1.7130000238418455       -44.468003440718093       0.60931027686455996       0.40726673946571268     
   1.7140000238418454       -44.475137025916204       0.60645697448006641       0.40717283631968976     
   1.7150000238418452       -44.482293495716029       0.60350241846137598       0.40707823440854241     
   1.7160000238418451       -44.489473427972548       0.60043554539592292       0.40698282822483978     
   1.7170000238418450       -44.496677466278896       0.59724309480964599       0.40688649026417323     
   1.7180000238418449       -44.503906333661931       0.59390892747828750       0.40678906392898256     
   1.7190000238418448       -44.511160850640586       0.59041308502037060       0.40669035401282255     
   1.7200000238418447       -44.518441959614506       0.58673038012876599       0.40659011215175700     
   1.7210000238418446       -44.525750758762520       0.58282824296292057       0.40648801456363909     
   1.7220000238418445       -44.533088550832176       0.57866328722687121       0.40638362653761206     
   1.7230000238418444       -44.540456916477417       0.57417549185448258       0.40627634203727370     
   1.7240000238418443       -44.547857830798492       0.56927758355167690       0.40616527302026717     
   1.7250000238418441       -44.555293862757303       0.56383371493948964       0.40604902654071368     
   1.7260000238418440       -44.562768553856777       0.55761030144136958       0.40592518940530392     
   1.7270000238418439       -44.570287261952807       0.55013476992717025       0.40578884198765347     
   1.7280000238418438       -44.577859676696214       0.54007987608088959       0.40562605745786584     
   1.7290000238418437       -44.621486799248785       0.17469238186291886       0.40474907823574457     
   1.7300000238418436       -44.630120680910082       0.17468868145275832       0.40472630119304315     
   1.7310000238418435       -44.638756804960430       0.17468498887709216       0.40470351382034209     
   1.7320000238418434       -44.647395168622630       0.17468127853448906       0.40468071517298987     
   1.7330000238418433       -44.656035769125012       0.17467755044123912       0.40465790527656248     
   1.7340000238418432       -44.664678603699699       0.17467380464050322       0.40463508415670257     
   1.7350000238418430       -44.673323669583610       0.17467004117502785       0.40461225183891236     
   1.7360000238418429       -44.681970964018497       0.17466626008771488       0.40458940834855828     
   1.7370000238418428       -44.690620484250296       0.17466246142124323       0.40456655371106015     
   1.7380000238418427       -44.699272227529711       0.17465864521819890       0.40454368795174545     
   1.7390000238418426       -44.707926191111767       0.17465481152104248       0.40452081109585925     
   1.7400000238418425       -44.716582372256305       0.17465095970798009       0.40449792490950132     
   1.7410000238418424       -44.725240768227380       0.17464709116327062       0.40447502590418766     
   1.7420000238418423       -44.733901376293794       0.17464320525101756       0.40445211587825997     
   1.7430000238418422       -44.742564193728690       0.17463930201326242       0.40442919485695394     
   1.7440000238418421       -44.751229217809829       0.17463538149190186       0.40440626286527787     
   1.7450000238418419       -44.759896445819372       0.17463144372882455       0.40438331992816301     
   1.7460000238418418       -44.768565875044132       0.17462748876572748       0.40436036607049552     
   1.7470000238418417       -44.777237502774916       0.17462351664428372       0.40433740131717882     
   1.7480000238418416       -44.785911326307797       0.17461952740597883       0.40431442569291431     
   1.7490000238418415       -44.794587342942499       0.17461552109228573       0.40429143922251382     
   1.7500000238418414       -44.803265549983905       0.17461149774447382       0.40426844193058620     
   1.7510000238418413       -44.811945944740650       0.17460745804682817       0.40424543211515818     
   1.7520000238418412       -44.820628524526427       0.17460340074139960       0.40422241328511416     
   1.7530000238418411       -44.829313286658987       0.17459932652553681       0.40419938370662190     
   1.7540000238418409       -44.838000228461020       0.17459523544000116       0.40417634340421665     
   1.7550000238418408       -44.846689347258277       0.17459112752571407       0.40415329240254694     
   1.7560000238418407       -44.855380640382876       0.17458700282329309       0.40413023072573395     
   1.7570000238418406       -44.864074105169799       0.17458286137329879       0.40410715839827255     
   1.7580000238418405       -44.872769738958979       0.17457870321622632       0.40408407544449382     
   1.7590000238418404       -44.881467539095084       0.17457452839247548       0.40406098188844752     
   1.7600000238418403       -44.890167502926545       0.17457033694226964       0.40403787775443356     
   1.7610000238418402       -44.898869627806391       0.17456612826424978       0.40401476482793292     
   1.7620000238418401       -44.907573911092186       0.17456190369410202       0.40399163957995105     
   1.7630000238418400       -44.916280350145556       0.17455766261759187       0.40396850382659916     
   1.7640000238418398       -44.924988942333009       0.17455340507448935       0.40394535759202271     
   1.7650000238418397       -44.933699685024536       0.17454913110461134       0.40392220090015551     
   1.7660000238418396       -44.942412575595590       0.17454484074756454       0.40389903377481073     
   1.7670000238418395       -44.951127611424965       0.17454053404297859       0.40387585623984329     
   1.7680000238418394       -44.959844789896067       0.17453621103031802       0.40385266831905942     
   1.7690000238418393       -44.968564108396961       0.17453187174894039       0.40382947003611902     
   1.7700000238418392       -44.977285564319786       0.17452751623812190       0.40380626141469461     
   1.7710000238418391       -44.986009155060806       0.17452314453701590       0.40378304247847219     
   1.7720000238418390       -44.994734878020793       0.17451875668471095       0.40375981325095484     
   1.7730000238418389       -45.003462730604845       0.17451435334251991       0.40373657200144275     
   1.7740000238418387       -45.012192710222379       0.17450993329279876       0.40371332229144324     
   1.7750000238418386       -45.020924814286658       0.17450549720879421       0.40369006235994676     
   1.7760000238418385       -45.029659040215932       0.17450104512912923       0.40366679223040947     
   1.7770000238418384       -45.038395385431777       0.17449657709239755       0.40364351192628511     
   1.7780000238418383       -45.047133847361110       0.17449209313701647       0.40362022147076060     
   1.7790000238418382       -45.055874423434432       0.17448759330138300       0.40359692088706356     
   1.7800000238418381       -45.064617111086449       0.17448307762384369       0.40357361019844928     
   1.7810000238418380       -45.073361907756265       0.17447854614251396       0.40355028942802090     
   1.7820000238418379       -45.082108810887384       0.17447399889550075       0.40352695859888965     
   1.7830000238418378       -45.090857817927116       0.17446943592081324       0.40350361773407073     
   1.7840000238418376       -45.099608926327285       0.17446485725632666       0.40348026685661209     
   1.7850000238418375       -45.108362133544077       0.17446026232940884       0.40345690775653253     
   1.7860000238418374       -45.117117437037493       0.17445565240979516       0.40343353689399697     
   1.7870000238418373       -45.125874834271684       0.17445102691338257       0.40341015608782849     
   1.7880000238418372       -45.134634322715257       0.17444638587758488       0.40338676536097989     
   1.7890000238418371       -45.143395899841181       0.17444172933983712       0.40336336473617007     
   1.7900000238418370       -45.152159563126247       0.17443705733743761       0.40333995423608765     
   1.7910000238418369       -45.160925310051390       0.17443236990768055       0.40331653388342825     
   1.7920000238418368       -45.169693138102119       0.17442766708762533       0.40329310370075860     
   1.7930000238418367       -45.178463044767227       0.17442294891440885       0.40326966371069933     
   1.7940000238418365       -45.187235027540723       0.17441821542490707       0.40324621393570537     
   1.7950000238418364       -45.196009083919989       0.17441346665603161       0.40322275439826388     
   1.7960000238418363       -45.204785211407007       0.17440870264448796       0.40319928512080822     
   1.7970000238418362       -45.213563407507387       0.17440392342694680       0.40317580612568243     
   1.7980000238418361       -45.222343669731316       0.17439912963505749       0.40315231566222282     
