   1.6000000238418579       -40.881530414500574       0.71493300879792387       0.38258234517061118     
   1.6010000238418578       -40.887755450713030       0.71398358179373211       0.38247566357327334     
   1.6020000238418577       -40.893991427804174       0.71302859483682157       0.38236904752879436     
   1.6030000238418576       -40.900238375674178       0.71206798281016981       0.38226249718461219     
   1.6040000238418575       -40.906496324556109       0.71110166781106665       0.38215601192408510     
   1.6050000238418574       -40.912765305022972       0.71012957321502435       0.38204959131488825     
   1.6060000238418572       -40.919045347996637       0.70915161728887766       0.38194323468816260     
   1.6070000238418571       -40.925336484755675       0.70816772607199185       0.38183694198749368     
   1.6080000238418570       -40.931638746943975       0.70717781432415394       0.38173071251954060     
   1.6090000238418569       -40.937952166580082       0.70618179785217550       0.38162454576917215     
   1.6100000238418568       -40.944276776066111       0.70517958699908512       0.38151844098097532     
   1.6110000238418567       -40.950612608197076       0.70417109988149507       0.38141239800956217     
   1.6120000238418566       -40.956959696171552       0.70315624279765576       0.38130641606845583     
   1.6130000238418565       -40.963318073601130       0.70213491961409724       0.38120049434076408     
   1.6140000238418564       -40.969687774521567       0.70110704130936086       0.38109463257936904     
   1.6150000238418563       -40.976068833403730       0.70007250721530212       0.38098882992948202     
   1.6160000238418561       -40.982461285164931       0.69903121709768345       0.38088308569543483     
   1.6170000238418560       -40.988865165181011       0.69798306459282089       0.38077739893770945     
   1.6180000238418559       -40.995280509298439       0.69692795072599323       0.38067176930626029     
   1.6190000238418558       -41.001707353847365       0.69586576386460619       0.38056619581501777     
   1.6200000238418557       -41.008145735654743       0.69479638914054342       0.38046067743131529     
   1.6210000238418556       -41.014595692058265       0.69371971864144066       0.38035521369015007     
   1.6220000238418555       -41.021057260921005       0.69263563155877306       0.38024980350334942     
   1.6230000238418554       -41.027530480645673       0.69154400342431144       0.38014444572838302     
   1.6240000238418553       -41.034015390191144       0.69044471639698279       0.38003913977654946     
   1.6250000238418552       -41.040512029087907       0.68933763929208780       0.37993388443960568     
   1.6260000238418550       -41.047020437455501       0.68822263677429119       0.37982867844572188     
   1.6270000238418549       -41.053540656019869       0.68709957990341275       0.37972352107191082     
   1.6280000238418548       -41.060072726131793       0.68596832572485378       0.37961841096885485     
   1.6290000238418547       -41.066616689786088       0.68482872655958371       0.37951334671341619     
   1.6300000238418546       -41.073172589641629       0.68368064098697390       0.37940832743398967     
   1.6310000238418545       -41.079740469042285       0.68252391265129531       0.37930335161626755     
   1.6320000238418544       -41.086320372038671       0.68135837979631575       0.37919841765971174     
   1.6330000238418543       -41.092912343411136       0.68018388688597042       0.37909352452704043     
   1.6340000238418542       -41.099516428693462       0.67900025849317458       0.37898867030573985     
   1.6350000238418541       -41.106132674198058       0.67780732797714882       0.37888385380137773     
   1.6360000238418539       -41.112761127042269       0.67660490886416413       0.37877907297963265     
   1.6370000238418538       -41.119401835175381       0.67539282245162535       0.37867432647982902     
   1.6380000238418537       -41.126054847407751       0.67417087359898753       0.37856961231511788     
   1.6390000238418536       -41.132720213441175       0.67293885973940448       0.37846492837889911     
   1.6400000238418535       -41.139397983900253       0.67169658284469613       0.37836027308440023     
   1.6410000238418534       -41.146088210366017       0.67044382245266254       0.37825564395646705     
   1.6420000238418533       -41.152790945410601       0.66918036540147885       0.37815103920591203     
   1.6430000238418532       -41.159506242634656       0.66790597537529151       0.37804645615922983     
   1.6440000238418531       -41.166234156705983       0.66662042254743170       0.37794189280659068     
   1.6450000238418530       -41.172974743400147       0.66532345294105810       0.37783734624777054     
   1.6460000238418528       -41.179728059644312       0.66401481830604225       0.37773281423064375     
   1.6470000238418527       -41.186494163561910       0.66269424494420959       0.37762829359634559     
   1.6480000238418526       -41.193273114521872       0.66136146033224519       0.37752378163699901     
   1.6490000238418525       -41.200064973188788       0.66001618016284058       0.37741927546218101     
   1.6500000238418524       -41.206869801576900       0.65865809746562443       0.37731477149657044     
   1.6510000238418523       -41.213687663107315       0.65728690751309093       0.37721026671866809     
   1.6520000238418522       -41.220518622668578       0.65590227703358450       0.37710575719342304     
   1.6530000238418521       -41.227362746680633       0.65450387029039725       0.37700123935838525     
   1.6540000238418520       -41.234220103163281       0.65309133622512583       0.37689670942826414     
   1.6550000238418519       -41.241090761808728       0.65166429640698242       0.37679216286777695     
   1.6560000238418517       -41.247974794058628       0.65022236700035507       0.37668759545598957     
   1.6570000238418516       -41.254872273186784       0.64876514591710210       0.37658300271307332     
   1.6580000238418515       -41.261783274386644       0.64729219991816467       0.37647837935605799     
   1.6590000238418514       -41.268707874865584       0.64580308702791156       0.37637372036488331     
   1.6600000238418513       -41.275646153944919       0.64429733904815734       0.37626902022667735     
   1.6610000238418512       -41.282598193167971       0.64277446404026384       0.37616427309941464     
   1.6620000238418511       -41.289564076415026       0.64123394854806648       0.37605947295860109     
   1.6630000238418510       -41.296543890027721       0.63967523980989982       0.37595461287686976     
   1.6640000238418509       -41.303537722942082       0.63809776763218040       0.37584968604019842     
   1.6650000238418508       -41.310545666832411       0.63650092602212027       0.37574468501018887     
   1.6660000238418506       -41.317567816266461       0.63488407470636765       0.37563960186463419     
   1.6670000238418505       -41.324604268872733       0.63324653633662809       0.37553442815613197     
   1.6680000238418504       -41.331655125522275       0.63158759339405313       0.37542915486634265     
   1.6690000238418503       -41.338720490525773       0.62990648475385980       0.37532377235498210     
   1.6700000238418502       -41.345800471847241       0.62820240186184639       0.37521827030302135     
   1.6710000238418501       -41.352895181337587       0.62647448024035568       0.37511263748103341     
   1.6720000238418500       -41.360004734988728       0.62472181145930783       0.37500686234547270     
   1.6730000238418499       -41.367129253212639       0.62294341288244348       0.37490093196325702     
   1.6740000238418498       -41.374268861145978       0.62113823811521385       0.37479483258172208     
   1.6750000238418497       -41.381423688986196       0.61930516165909222       0.37468854919265970     
   1.6760000238418495       -41.388593872361483       0.61744298867875502       0.37458206608315930     
   1.6770000238418494       -41.395779552739157       0.61555041597440052       0.37447536555013061     
   1.6780000238418493       -41.402980877879145       0.61362605640646584       0.37436842905127415     
   1.6790000238418492       -41.410198002338070       0.61166839288277453       0.37426123573961967     
   1.6800000238418491       -41.417431088030725       0.60967579563925089       0.37415376339403361     
   1.6810000238418490       -41.424680304860118       0.60764648939540222       0.37404598753489782     
   1.6820000238418489       -41.431945831424038       0.60557854011197487       0.37393788132027739     
   1.6830000238418488       -41.439227855813442       0.60346983430654610       0.37382941522955304     
   1.6840000238418487       -41.446526576516064       0.60131805477127998       0.37372055669157744     
   1.6850000238418485       -41.453842203445703       0.59912065189362274       0.37361126964445229     
   1.6860000238418484       -41.461174959120100       0.59687480490461409       0.37350151385676189     
   1.6870000238418483       -41.468525080014636       0.59457739482131478       0.37339124475848062     
   1.6880000238418482       -41.475892818129701       0.59222494142273463       0.37328041221517883     
   1.6890000238418481       -41.483278442814921       0.58981354809171471       0.37316895976129294     
   1.6900000238418480       -41.490682242908370       0.58733882837900475       0.37305682346096170     
   1.6910000238418479       -41.498104529263131       0.58479581047037621       0.37294393035414297     
   1.6920000238418478       -41.505545637758139       0.58217884105737538       0.37283019723078986     
   1.6930000238418477       -41.513005932917402       0.57948140490033928       0.37271552727417867     
   1.6940000238418476       -41.520485812306653       0.57669598939109712       0.37259980867727904     
   1.6950000238418474       -41.527985711937092       0.57381378742833811       0.37248290919788402     
   1.6960000238418473       -41.535506112991413       0.57082442780743781       0.37236467262895478     
   1.6970000238418472       -41.543047550322612       0.56771550926727143       0.37224491101583540     
   1.6980000238418471       -41.550610623373146       0.56447200709837431       0.37212339537775613     
   1.6990000238418470       -41.558196010483755       0.56107542960823642       0.37199984243034889     
   1.7000000238418469       -41.565804488075841       0.55750259137589808       0.37187389525708608     
   1.7010000238418468       -41.573436957080155       0.55372372902072509       0.37174509323925137     
   1.7020000238418467       -41.581094480565191       0.54969954608992011       0.37161282502855897     
   1.7030000238418466       -41.588778339539161       0.54537631830579592       0.37147625067920731     
   1.7040000238418465       -41.596490120081555       0.54067715429602115       0.37133416205601211     
   1.7050000238418463       -41.604231858947571       0.53548495793327566       0.37118470997283409     
   1.7060000238418462       -41.612006310796467       0.52960492468591192       0.37102480280994643     
   1.7070000238418461       -41.619817512177704       0.52266454909917881       0.37084849898645822     
   1.7080000238418460       -41.627672292349850       0.51374124953699585       0.37064100689186574     
   1.7090000238418459       -41.635587698975272       0.49746616019690115       0.37031570362030686     
   1.7100000238418458       -41.671223060732785       0.15908005822649202       0.36888935462143491     
   1.7110000238418457       -41.679977578006770       0.15907559695235224       0.36886639563671836     
   1.7120000238418456       -41.688734450529630       0.15907115683360898       0.36884343289302363     
   1.7130000238418455       -41.697493675300692       0.15906670425677560       0.36882046555958986     
   1.7140000238418454       -41.706255249323704       0.15906223919728063       0.36879749364719594     
   1.7150000238418452       -41.715019169607842       0.15905776168209382       0.36877451716647891     
   1.7160000238418451       -41.723785433167251       0.15905327096560537       0.36875153774335423     
   1.7170000238418450       -41.732554037020911       0.15904876863746223       0.36872855212390676     
   1.7180000238418449       -41.741324978193049       0.15904425393372182       0.36870556196845339     
   1.7190000238418448       -41.750098253712579       0.15903972688111487       0.36868256728759313     
   1.7200000238418447       -41.758873860613512       0.15903518750634971       0.36865956809184447     
   1.7210000238418446       -41.767651795935009       0.15903063583606442       0.36863656439162118     
   1.7220000238418445       -41.776432056721013       0.15902607189678519       0.36861355619739405     
   1.7230000238418444       -41.785214640020456       0.15902149571508450       0.36859054351950071     
   1.7240000238418443       -41.793999542887114       0.15901690807961191       0.36856752474621718     
   1.7250000238418441       -41.802786762379995       0.15901230747502962       0.36854450316549264     
   1.7260000238418440       -41.811576295562809       0.15900769470779416       0.36852147713116928     
   1.7270000238418439       -41.820368139503614       0.15900306980407711       0.36849844665394671     
   1.7280000238418438       -41.829162291277029       0.15899843279006909       0.36847541174384918     
   1.7290000238418437       -41.837958747960727       0.15899378369200765       0.36845237241128409     
   1.7300000238418436       -41.846757506638397       0.15898912253600583       0.36842932866642375     
   1.7310000238418435       -41.855558564398351       0.15898444934818359       0.36840628051944457     
   1.7320000238418434       -41.864361918333294       0.15897976339679779       0.36838322962171904     
   1.7330000238418433       -41.873167565541848       0.15897506623990165       0.36836017266852678     
   1.7340000238418432       -41.881975503126284       0.15897035712877752       0.36833711134420827     
   1.7350000238418430       -41.890785728194814       0.15896563608918715       0.36831404565897596     
   1.7360000238418429       -41.899598237860026       0.15896090314694827       0.36829097562282942     
   1.7370000238418428       -41.908413029238901       0.15895615832781276       0.36826790124593128     
   1.7380000238418427       -41.917230099454059       0.15895140165752009       0.36824482253817270     
   1.7390000238418426       -41.926049445632245       0.15894663316171959       0.36822173950963949     
   1.7400000238418425       -41.934871064905693       0.15894185286598803       0.36819865217016046     
   1.7410000238418424       -41.943694954410887       0.15893706153895248       0.36817555888833159     
   1.7420000238418423       -41.952521111289329       0.15893225770392092       0.36815246298876669     
   1.7430000238418422       -41.961349532687329       0.15892744214589741       0.36812936280726744     
   1.7440000238418421       -41.970180215756123       0.15892261489017348       0.36810625835373656     
   1.7450000238418419       -41.979013157651245       0.15891777596205608       0.36808314963815869     
   1.7460000238418418       -41.987848355533416       0.15891292538684637       0.36806003667028736     
   1.7470000238418417       -41.996685806567996       0.15890806318973597       0.36803691945992334     
   1.7480000238418416       -42.005525507925078       0.15890318939590514       0.36801379801684325     
   1.7490000238418415       -42.014367456779752       0.15889830403047323       0.36799067235074151     
   1.7500000238418414       -42.023211650311239       0.15889340638369059       0.36796754412691279     
   1.7510000238418413       -42.032058085703923       0.15888849796553289       0.36794441001309902     
   1.7520000238418412       -42.040906760146939       0.15888357805048831       0.36792127170586070     
   1.7530000238418411       -42.049757670834296       0.15887864666342233       0.36789812921491061     
   1.7540000238418409       -42.058610814963792       0.15887370382922150       0.36787498255003381     
   1.7550000238418408       -42.067466189739015       0.15886874957269465       0.36785183172075503     
   1.7560000238418407       -42.076323792367781       0.15886378391856285       0.36782867673659153     
   1.7570000238418406       -42.085183620062466       0.15885880689154108       0.36780551760717806     
   1.7580000238418405       -42.094045670040309       0.15885381851624439       0.36778235434195017     
   1.7590000238418404       -42.102909939523073       0.15884881881731155       0.36775918695049675     
   1.7600000238418403       -42.111776425737268       0.15884380853746022       0.36773601378840548     
   1.7610000238418402       -42.120645125913995       0.15883878625008074       0.36771283820322087     
   1.7620000238418401       -42.129516037289100       0.15883375271291969       0.36768965851937041     
   1.7630000238418400       -42.138389157103049       0.15882870795026968       0.36766647474642777     
   1.7640000238418398       -42.147264482600704       0.15882365198647336       0.36764328689393250     
   1.7650000238418397       -42.156142011031598       0.15881858484580960       0.36762009497117104     
   1.7660000238418396       -42.165021739650363       0.15881350655249954       0.36759689898747200     
   1.7670000238418395       -42.173903665715763       0.15880841713072361       0.36757369895218639     
   1.7680000238418394       -42.182787786490891       0.15880331660460248       0.36755049487463143     
   1.7690000238418393       -42.191674099244047       0.15879820499821273       0.36752728676412122     
   1.7700000238418392       -42.200562601247555       0.15879308162717326       0.36750407629754400     
   1.7710000238418391       -42.209453289778736       0.15878794794625550       0.36748086011955455     
   1.7720000238418390       -42.218346162119516       0.15878280325675009       0.36745763993669817     
   1.7730000238418389       -42.227241215556035       0.15877764758250443       0.36743441575832891     
   1.7740000238418387       -42.236138447378828       0.15877248094730992       0.36741118759371555     
   1.7750000238418386       -42.245037854883712       0.15876730337493031       0.36738795545191161     
   1.7760000238418385       -42.253939435370128       0.15876211488913150       0.36736471934209752     
   1.7770000238418384       -42.262843186142625       0.15875691551357463       0.36734147927337313     
   1.7780000238418383       -42.271749104510178       0.15875170527183136       0.36731823525481211     
   1.7790000238418382       -42.280657187786097       0.15874648418756243       0.36729498729550886     
   1.7800000238418381       -42.289567433288468       0.15874125228419894       0.36727173540445718     
   1.7810000238418380       -42.298479838339489       0.15873601027726955       0.36724847792206700     
   1.7820000238418379       -42.307394400266055       0.15873075679274193       0.36722521822351734     
   1.7830000238418378       -42.316311116399525       0.15872549255981977       0.36720195461959459     
   1.7840000238418376       -42.325229984075762       0.15872021760162616       0.36717868711943091     
   1.7850000238418375       -42.334151000635060       0.15871493194155387       0.36715541573198596     
   1.7860000238418374       -42.343074163421896       0.15870963560275531       0.36713214046625697     
   1.7870000238418373       -42.351999469785909       0.15870432860841469       0.36710886133106224     
   1.7880000238418372       -42.360926917080150       0.15869901098165426       0.36708557833535410     
   1.7890000238418371       -42.369856502663012       0.15869368274555434       0.36706229148799352     
   1.7900000238418370       -42.378788223896926       0.15868834392308268       0.36703900079782847     
   1.7910000238418369       -42.387722078148457       0.15868299453725671       0.36701570627373231     
   1.7920000238418368       -42.396658062788958       0.15867763392829709       0.36699240961103929     
   1.7930000238418367       -42.405596175194326       0.15867226349720603       0.36696910741754762     
   1.7940000238418365       -42.414536412744219       0.15866688257124439       0.36694580141683486     
   1.7950000238418364       -42.423478772823373       0.15866149117304007       0.36692249161774360     
   1.7960000238418363       -42.432423252820470       0.15865608932535366       0.36689917802906125     
   1.7970000238418362       -42.441369850128488       0.15865067705087565       0.36687586065953109     
   1.7980000238418361       -42.450318562145227       0.15864525437224045       0.36685253951772534     
