   3.0000000000000000       -30.012377635428585       0.49990179813377000     
   2.9990000000000001       -30.003379414883440       0.49990048175465024     
   2.9980000000000002       -29.994381218191783       0.49989914771207822     
   2.9970000000000003       -29.985383045672950       0.49989779582844385     
   2.9960000000000004       -29.976384897650540       0.49989642584786143     
   2.9950000000000006       -29.967386774452457       0.49989503752873277     
   2.9940000000000007       -29.958388676411005       0.49989363062625131     
   2.9930000000000008       -29.949390603862895       0.49989220489236075     
   2.9920000000000009       -29.940392557149369       0.49989076007571193     
   2.9910000000000010       -29.931394536616200       0.49988929592161951     
   2.9900000000000011       -29.922396542613768       0.49988781217201872     
   2.9890000000000012       -29.913398575497141       0.49988630856542088     
   2.9880000000000013       -29.904400635626139       0.49988478483686805     
   2.9870000000000014       -29.895402723365354       0.49988324071788764     
   2.9860000000000015       -29.886404839084264       0.49988167593644761     
   2.9850000000000017       -29.877406983157265       0.49988009021690716     
   2.9840000000000018       -29.868409155963750       0.49987848327997231     
   2.9830000000000019       -29.859411357888185       0.49987685484264660     
   2.9820000000000020       -29.850413589320141       0.49987520461818286     
   2.9810000000000021       -29.841415850654386       0.49987353231603354     
   2.9800000000000022       -29.832418142290987       0.49987183764180237     
   2.9790000000000023       -29.823420464635305       0.49987012029719285     
   2.9780000000000024       -29.814422818098112       0.49986837997995792     
   2.9770000000000025       -29.805425203095684       0.49986661638384766     
   2.9760000000000026       -29.796427620049826       0.49986482919855785     
   2.9750000000000028       -29.787430069387955       0.49986301810967670     
   2.9740000000000029       -29.778432551543201       0.49986118279863018     
   2.9730000000000030       -29.769435066954461       0.49985932294263002     
   2.9720000000000031       -29.760437616066490       0.49985743821461626     
   2.9710000000000032       -29.751440199329952       0.49985552828320301     
   2.9700000000000033       -29.742442817201518       0.49985359281262220     
   2.9690000000000034       -29.733445470143955       0.49985163146266509     
   2.9680000000000035       -29.724448158626192       0.49984964388862640     
   2.9670000000000036       -29.715450883123399       0.49984762974124358     
   2.9660000000000037       -29.706453644117058       0.49984558866663953     
   2.9650000000000039       -29.697456442095095       0.49984352030626117     
   2.9640000000000040       -29.688459277551914       0.49984142429681921     
   2.9630000000000041       -29.679462150988499       0.49983930027022655     
   2.9620000000000042       -29.670465062912506       0.49983714785353606     
   2.9610000000000043       -29.661468013838359       0.49983496666887700     
   2.9600000000000044       -29.652471004287314       0.49983275633339147     
   2.9590000000000045       -29.643474034787570       0.49983051645916948     
   2.9580000000000046       -29.634477105874350       0.49982824665318404     
   2.9570000000000047       -29.625480218090008       0.49982594651722412     
   2.9560000000000048       -29.616483371984110       0.49982361564782718     
   2.9550000000000050       -29.607486568113515       0.49982125363621210     
   2.9540000000000051       -29.598489807042515       0.49981886006820997     
   2.9530000000000052       -29.589493089342888       0.49981643452419383     
   2.9520000000000053       -29.580496415594020       0.49981397657900867     
   2.9510000000000054       -29.571499786383008       0.49981148580190016     
   2.9500000000000055       -29.562503202304732       0.49980896175644102     
   2.9490000000000056       -29.553506663961997       0.49980640400045967     
   2.9480000000000057       -29.544510171965626       0.49980381208596408     
   2.9470000000000058       -29.535513726934539       0.49980118555906827     
   2.9460000000000059       -29.526517329495892       0.49979852395991498     
   2.9450000000000061       -29.517520980285166       0.49979582682259988     
   2.9440000000000062       -29.508524679946291       0.49979309367509273     
   2.9430000000000063       -29.499528429131747       0.49979032403915952     
   2.9420000000000064       -29.490532228502669       0.49978751743028105     
   2.9410000000000065       -29.481536078728983       0.49978467335757337     
   2.9400000000000066       -29.472539980489504       0.49978179132370593     
   2.9390000000000067       -29.463543934472057       0.49977887082481764     
   2.9380000000000068       -29.454547941373598       0.49977591135043448     
   2.9370000000000069       -29.445552001900328       0.49977291238338345     
   2.9360000000000070       -29.436556116767825       0.49976987339970713     
   2.9350000000000072       -29.427560286701148       0.49976679386857664     
   2.9340000000000073       -29.418564512434987       0.49976367325220356     
   2.9330000000000074       -29.409568794713763       0.49976051100575081     
   2.9320000000000075       -29.400573134291783       0.49975730657724249     
   2.9310000000000076       -29.391577531933336       0.49975405940747236     
   2.9300000000000077       -29.382581988412859       0.49975076892991166     
   2.9290000000000078       -29.373586504515046       0.49974743457061543     
   2.9280000000000079       -29.364591081034987       0.49974405574812802     
   2.9270000000000080       -29.355595718778314       0.49974063187338708     
   2.9260000000000081       -29.346600418561316       0.49973716234962623     
   2.9250000000000083       -29.337605181211114       0.49973364657227770     
   2.9240000000000084       -29.328610007565771       0.49973008392887242     
   2.9230000000000085       -29.319614898474452       0.49972647379893903     
   2.9220000000000086       -29.310619854797544       0.49972281555390363     
   2.9210000000000087       -29.301624877406859       0.49971910855698493     
   2.9200000000000088       -29.292629967185707       0.49971535216309149     
   2.9190000000000089       -29.283635125029111       0.49971154571871540     
   2.9180000000000090       -29.274640351843921       0.49970768856182574     
   2.9170000000000091       -29.265645648548983       0.49970378002176058     
   2.9160000000000093       -29.256651016075306       0.49969981941911812     
   2.9150000000000094       -29.247656455366183       0.49969580606564512     
   2.9140000000000095       -29.238661967377396       0.49969173926412552     
   2.9130000000000096       -29.229667553077356       0.49968761830826774     
   2.9120000000000097       -29.220673213447260       0.49968344248258906     
   2.9110000000000098       -29.211678949481275       0.49967921106230012     
   2.9100000000000099       -29.202684762186699       0.49967492331318719     
   2.9090000000000100       -29.193690652584134       0.49967057849149416     
   2.9080000000000101       -29.184696621707641       0.49966617584380224     
   2.9070000000000102       -29.175702670604949       0.49966171460690756     
   2.9060000000000104       -29.166708800337609       0.49965719400769942     
   2.9050000000000105       -29.157715011981168       0.49965261326303445     
   2.9040000000000106       -29.148721306625376       0.49964797157961210     
   2.9030000000000107       -29.139727685374343       0.49964326815384680     
   2.9020000000000108       -29.130734149346736       0.49963850217173861     
   2.9010000000000109       -29.121740699675975       0.49963367280874305     
   2.9000000000000110       -29.112747337510427       0.49962877922964005     
   2.8990000000000111       -29.103754064013565       0.49962382058839938     
   2.8980000000000112       -29.094760880364213       0.49961879602804643     
   2.8970000000000113       -29.085767787756712       0.49961370468052507     
   2.8960000000000115       -29.076774787401106       0.49960854566656049     
   2.8950000000000116       -29.067781880523416       0.49960331809551839     
   2.8940000000000117       -29.058789068365755       0.49959802106526424     
   2.8930000000000118       -29.049796352186593       0.49959265366202033     
   2.8920000000000119       -29.040803733260965       0.49958721496022129     
   2.8910000000000120       -29.031811212880658       0.49958170402236729     
   2.8900000000000121       -29.022818792354443       0.49957611989887662     
   2.8890000000000122       -29.013826473008304       0.49957046162793595     
   2.8880000000000123       -29.004834256185642       0.49956472823534881     
   2.8870000000000124       -28.995842143247515       0.49955891873438241     
   2.8860000000000126       -28.986850135572833       0.49955303212561436     
   2.8850000000000127       -28.977858234558628       0.49954706739677301     
   2.8840000000000128       -28.968866441620278       0.49954102352258228     
   2.8830000000000129       -28.959874758191717       0.49953489946459989     
   2.8820000000000130       -28.950883185725697       0.49952869417105550     
   2.8810000000000131       -28.941891725694028       0.49952240657668789     
   2.8800000000000132       -28.932900379587807       0.49951603560257785     
   2.8790000000000133       -28.923909148917687       0.49950958015598246     
   2.8780000000000134       -28.914918035214111       0.49950303913016408     
   2.8770000000000135       -28.905927040027557       0.49949641140422074     
   2.8760000000000137       -28.896936164928832       0.49948969584291159     
   2.8750000000000138       -28.887945411509296       0.49948289129648266     
   2.8740000000000139       -28.878954781381125       0.49947599660048997     
   2.8730000000000140       -28.869964276177612       0.49946901057561999     
   2.8720000000000141       -28.860973897553404       0.49946193202750877     
   2.8710000000000142       -28.851983647184767       0.49945475974655967     
   2.8700000000000143       -28.842993526769888       0.49944749250775783     
   2.8690000000000144       -28.834003538029158       0.49944012907048296     
   2.8680000000000145       -28.825013682705439       0.49943266817832133     
   2.8670000000000146       -28.816023962564330       0.49942510855887307     
   2.8660000000000148       -28.807034379394480       0.49941744892356038     
   2.8650000000000149       -28.798044935007908       0.49940968796743157     
   2.8640000000000150       -28.789055631240245       0.49940182446690629     
   2.8630000000000151       -28.780066469951070       0.49939385689311955     
   2.8620000000000152       -28.771077453024205       0.49938578398372158     
   2.8610000000000153       -28.762088582368008       0.49937760436628587     
   2.8600000000000154       -28.753099859915718       0.49936931665100281     
   2.8590000000000155       -28.744111287625724       0.49936091943047434     
   2.8580000000000156       -28.735122867481927       0.49935241127950125     
   2.8570000000000157       -28.726134601494035       0.49934379075487062     
   2.8560000000000159       -28.717146491697903       0.49933505639514142     
   2.8550000000000160       -28.708158540155853       0.49932620672042688     
   2.8540000000000161       -28.699170748957009       0.49931724023217505     
   2.8530000000000162       -28.690183120217654       0.49930815541294621     
   2.8520000000000163       -28.681195656081535       0.49929895072618929     
   2.8510000000000164       -28.672208358720255       0.49928962461601412     
   2.8500000000000165       -28.663221230333566       0.49928017550696374     
   2.8490000000000166       -28.654234273149797       0.49927060180378113     
   2.8480000000000167       -28.645247489426129       0.49926090189117722     
   2.8470000000000169       -28.636260881449040       0.49925107413359282     
   2.8460000000000170       -28.627274451534607       0.49924111687496020     
   2.8450000000000171       -28.618288202028904       0.49923102843846212     
   2.8440000000000172       -28.609302135308390       0.49922080712628808     
   2.8430000000000173       -28.600316253780260       0.49921045121938701     
   2.8420000000000174       -28.591330559882863       0.49919995897721886     
   2.8410000000000175       -28.582345056086055       0.49918932863750282     
   2.8400000000000176       -28.573359744891615       0.49917855841596392     
   2.8390000000000177       -28.564374628833647       0.49916764650607498     
   2.8380000000000178       -28.555389710478970       0.49915659107879823     
   2.8370000000000180       -28.546404992427526       0.49914539028232241     
   2.8360000000000181       -28.537420477312807       0.49913404224179914     
   2.8350000000000182       -28.528436167802244       0.49912254505907394     
   2.8340000000000183       -28.519452066597669       0.49911089681241727     
   2.8330000000000184       -28.510468176435705       0.49909909555625132     
   2.8320000000000185       -28.501484500088214       0.49908713932087323     
   2.8310000000000186       -28.492501040362729       0.49907502611217835     
   2.8300000000000187       -28.483517800102916       0.49906275391137733     
   2.8290000000000188       -28.474534782188982       0.49905032067471250     
   2.8280000000000189       -28.465551989538159       0.49903772433317112     
   2.8270000000000191       -28.456569425105151       0.49902496279219438     
   2.8260000000000192       -28.447587091882585       0.49901203393138627     
   2.8250000000000193       -28.438604992901510       0.49899893560421532     
   2.8240000000000194       -28.429623131231835       0.49898566563771812     
   2.8230000000000195       -28.420641509982829       0.49897222183219636     
   2.8220000000000196       -28.411660132303606       0.49895860196091157     
   2.8210000000000197       -28.402679001383575       0.49894480376977857     
   2.8200000000000198       -28.393698120453017       0.49893082497705316     
   2.8190000000000199       -28.384717492783491       0.49891666327301898     
   2.8180000000000200       -28.375737121688413       0.49890231631967030     
   2.8170000000000202       -28.366757010523521       0.49888778175039061     
   2.8160000000000203       -28.357777162687434       0.49887305716963071     
   2.8150000000000204       -28.348797581622136       0.49885814015258056     
   2.8140000000000205       -28.339818270813524       0.49884302824484028     
   2.8130000000000206       -28.330839233791963       0.49882771896208616     
   2.8120000000000207       -28.321860474132777       0.49881220978973484     
   2.8110000000000208       -28.312881995456856       0.49879649818260252     
   2.8100000000000209       -28.303903801431172       0.49878058156456234     
   2.8090000000000210       -28.294925895769339       0.49876445732819807     
   2.8080000000000211       -28.285948282232205       0.49874812283445280     
   2.8070000000000213       -28.276970964628401       0.49873157541227631     
   2.8060000000000214       -28.267993946814919       0.49871481235826792     
   2.8050000000000215       -28.259017232697715       0.49869783093631564     
   2.8040000000000216       -28.250040826232311       0.49868062837723215     
   2.8030000000000217       -28.241064731424341       0.49866320187838675     
   2.8020000000000218       -28.232088952330219       0.49864554860333477     
   2.8010000000000219       -28.223113493057696       0.49862766568144168     
   2.8000000000000220       -28.214138357766540       0.49860955020750386     
   2.7990000000000221       -28.205163550669091       0.49859119924136741     
   2.7980000000000222       -28.196189076030961       0.49857260980754092     
   2.7970000000000224       -28.187214938171618       0.49855377889480468     
   2.7960000000000225       -28.178241141465076       0.49853470345581841     
   2.7950000000000226       -28.169267690340519       0.49851538016532110     
   2.7940000000000227       -28.160294589282969       0.49849580636909607     
   2.7930000000000228       -28.151321842833980       0.49847597868278004     
   2.7920000000000229       -28.142349455592278       0.49845589391045231     
   2.7910000000000230       -28.133377432214452       0.49843554881803548     
   2.7900000000000231       -28.124405777415650       0.49841494013287591     
   2.7890000000000232       -28.115434495970298       0.49839406454332125     
   2.7880000000000233       -28.106463592712771       0.49837291869829387     
   2.7870000000000235       -28.097493072538118       0.49835149920685828     
   2.7860000000000236       -28.088522940402790       0.49832980263778531     
   2.7850000000000237       -28.079553201325375       0.49830782551911224     
   2.7840000000000238       -28.070583860387316       0.49828556433769677     
   2.7830000000000239       -28.061614922733668       0.49826301553876895     
   2.7820000000000240       -28.052646393573848       0.49824017552547534     
   2.7810000000000241       -28.043678278182412       0.49821704065842110     
   2.7800000000000242       -28.034710581899784       0.49819360725520567     
   2.7790000000000243       -28.025743310133091       0.49816987158995452     
   2.7780000000000244       -28.016776468356895       0.49814582989284539     
   2.7770000000000246       -28.007810062114032       0.49812147834963050     
   2.7760000000000247       -27.998844097016395       0.49809681310115178     
   2.7750000000000248       -27.989878578745742       0.49807183024285234     
   2.7740000000000249       -27.980913513054521       0.49804652582428344     
   2.7730000000000250       -27.971948905766713       0.49802089584860415     
   2.7720000000000251       -27.962984762778667       0.49799493627207714     
   2.7710000000000252       -27.954021090059932       0.49796864300355775     
   2.7700000000000253       -27.945057893654138       0.49794201190397935     
   2.7690000000000254       -27.936095179679846       0.49791503878583071     
   2.7680000000000256       -27.927132954331434       0.49788771941262894     
   2.7670000000000257       -27.918171223879984       0.49786004949838680     
   2.7660000000000258       -27.909209994674164       0.49783202470707327     
   2.7650000000000259       -27.900249273141153       0.49780364065206811     
   2.7640000000000260       -27.891289065787550       0.49777489289561011     
   2.7630000000000261       -27.882329379200286       0.49774577694824068     
   2.7620000000000262       -27.873370220047587       0.49771628826823722     
   2.7610000000000263       -27.864411595079883       0.49768642226104531     
   2.7600000000000264       -27.855453511130797       0.49765617427869885     
   2.7590000000000265       -27.846495975118096       0.49762553961923639     
   2.7580000000000267       -27.837538994044682       0.49759451352611112     
   2.7570000000000268       -27.828582574999544       0.49756309118759112     
   2.7560000000000269       -27.819626725158802       0.49753126773615425     
   2.7550000000000270       -27.810671451786689       0.49749903824787584     
   2.7540000000000271       -27.801716762236573       0.49746639812136045     
   2.7530000000000272       -27.792762663952018       0.49743334158920288     
   2.7520000000000273       -27.783809164467780       0.49739986390617097     
   2.7510000000000274       -27.774856271410890       0.49736595991663762     
   2.7500000000000275       -27.765903992501716       0.49733162440540568     
   2.7490000000000276       -27.756952335555049       0.49729685209705032     
   2.7480000000000278       -27.748001308481172       0.49726163765525172     
   2.7470000000000279       -27.739050919286989       0.49722597568211907     
   2.7460000000000280       -27.730101176077127       0.49718986071750454     
   2.7450000000000281       -27.721152087055046       0.49715328723830943     
   2.7440000000000282       -27.712203660524210       0.49711624965778306     
   2.7430000000000283       -27.703255904889218       0.49707874232480659     
   2.7420000000000284       -27.694308828656975       0.49704075952317417     
   2.7410000000000285       -27.685362440437864       0.49700229547085889     
   2.7400000000000286       -27.676416748946963       0.49696334431927242     
   2.7390000000000287       -27.667471763005210       0.49692390015251120     
   2.7380000000000289       -27.658527491540646       0.49688395698659549     
   2.7370000000000290       -27.649583943589647       0.49684350876869510     
   2.7360000000000291       -27.640641128298178       0.49680254937634555     
   2.7350000000000292       -27.631699054923029       0.49676107261665187     
   2.7340000000000293       -27.622757732833112       0.49671907222548295     
   2.7330000000000294       -27.613817171510732       0.49667654186665211     
   2.7320000000000295       -27.604877380552907       0.49663347513108658     
   2.7310000000000296       -27.595938369672698       0.49658986553598516     
   2.7300000000000297       -27.587000148700508       0.49654570652396213     
   2.7290000000000298       -27.578062727585475       0.49650099146217985     
   2.7280000000000300       -27.569126116396795       0.49645571364146701     
   2.7270000000000301       -27.560190325325145       0.49640986627542349     
   2.7260000000000302       -27.551255364684049       0.49636344249951253     
   2.7250000000000303       -27.542321244911324       0.49631643480588089     
   2.7240000000000304       -27.533387976570477       0.49626883724747894     
   2.7230000000000305       -27.524455570352195       0.49622064220272655     
   2.7220000000000306       -27.515524037075750       0.49617184248473617     
   2.7210000000000307       -27.506593387690568       0.49612243082368390     
   2.7200000000000308       -27.497663633277661       0.49607239986580670     
   2.7190000000000309       -27.488734785051161       0.49602174217238482     
   2.7180000000000311       -27.479806854359882       0.49597045021870667     
   2.7170000000000312       -27.470879852688853       0.49591851639301560     
   2.7160000000000313       -27.461953791660918       0.49586593299544013     
   2.7150000000000314       -27.453028683038294       0.49581269223690455     
   2.7140000000000315       -27.444104538724229       0.49575878623802161     
   2.7130000000000316       -27.435181370764614       0.49570420702796558     
   2.7120000000000317       -27.426259191349633       0.49564894654332547     
   2.7110000000000318       -27.417338012815453       0.49559299662693829     
   2.7100000000000319       -27.408417847645932       0.49553634902670129     
   2.7090000000000320       -27.399498708474308       0.49547899539436291     
   2.7080000000000322       -27.390580608084960       0.49542092728429182     
   2.7070000000000323       -27.381663559415163       0.49536213615222224     
   2.7060000000000324       -27.372747575556897       0.49530261335397885     
   2.7050000000000325       -27.363832669758619       0.49524235014417489     
   2.7040000000000326       -27.354918855427130       0.49518133842074907     
   2.7030000000000327       -27.346006146129405       0.49511956781791533     
   2.7020000000000328       -27.337094555594501       0.49505702995475420     
   2.7010000000000329       -27.328184097715440       0.49499371566835682     
   2.7000000000000330       -27.319274786551148       0.49492961568780064     
   2.6990000000000332       -27.310366636328425       0.49486472063270281     
   2.6980000000000333       -27.301459661443911       0.49479902101174211     
   2.6970000000000334       -27.292553876466101       0.49473250722115264     
   2.6960000000000335       -27.283649296137398       0.49466516954318807     
   2.6950000000000336       -27.274745935376156       0.49459699814455316     
   2.6940000000000337       -27.265843809278795       0.49452798307480911     
   2.6930000000000338       -27.256942933121927       0.49445811426473962     
   2.6920000000000339       -27.248043322364474       0.49438738152469014     
   2.6910000000000340       -27.239144992649898       0.49431577454286935     
   2.6900000000000341       -27.230247959808395       0.49424328288361619     
   2.6890000000000343       -27.221352239859129       0.49416989598563266     
   2.6880000000000344       -27.212457849012559       0.49409560222480792     
   2.6870000000000345       -27.203564803672659       0.49402039254502195     
   2.6860000000000346       -27.194673120439383       0.49394425515796747     
   2.6850000000000347       -27.185782816110933       0.49386717897991539     
   2.6840000000000348       -27.176893907686260       0.49378915279190827     
   2.6830000000000349       -27.168006412367468       0.49371016523773698     
   2.6820000000000350       -27.159120347562315       0.49363020482186548     
   2.6810000000000351       -27.150235730886727       0.49354925990731136     
   2.6800000000000352       -27.141352580167396       0.49346731871347060     
   2.6790000000000354       -27.132470913444351       0.49338436931389545     
   2.6780000000000355       -27.123590748973594       0.49330039963401578     
   2.6770000000000356       -27.114712105229827       0.49321539744880560     
   2.6760000000000357       -27.105835000909163       0.49312935141727227     
   2.6750000000000358       -27.096959454931849       0.49304224706578875     
   2.6740000000000359       -27.088085486445173       0.49295407262394231     
   2.6730000000000360       -27.079213114826235       0.49286481524251236     
   2.6720000000000361       -27.070342359684911       0.49277446190950186     
   2.6710000000000362       -27.061473240866810       0.49268299944746019     
   2.6700000000000363       -27.052605778456208       0.49259041451072627     
   2.6690000000000365       -27.043739992779212       0.49249669358260273     
   2.6680000000000366       -27.034875904406771       0.49240182297245294     
   2.6670000000000367       -27.026013534157912       0.49230578881272025     
   2.6660000000000368       -27.017152903102875       0.49220857588495398     
   2.6650000000000369       -27.008294032566472       0.49211017213541070     
   2.6640000000000370       -26.999436944131340       0.49201056211797095     
   2.6630000000000371       -26.990581659641368       0.49190973122269838     
   2.6620000000000372       -26.981728201205165       0.49180766464607978     
   2.6610000000000373       -26.972876591199526       0.49170434738744118     
   2.6600000000000374       -26.964026852273037       0.49159976424524365     
   2.6590000000000376       -26.955179007349741       0.49149389981325897     
   2.6580000000000377       -26.946333079632794       0.49138673971636110     
   2.6570000000000378       -26.937489092608338       0.49127826583741702     
   2.6560000000000379       -26.928647070049269       0.49116846321053831     
   2.6550000000000380       -26.919807036019254       0.49105731557420146     
   2.6540000000000381       -26.910969014876699       0.49094480644165611     
   2.6530000000000382       -26.902133031278872       0.49083091909632626     
   2.6520000000000383       -26.893299110186067       0.49071563658703771     
   2.6510000000000384       -26.884467276865912       0.49059894036612484     
   2.6500000000000385       -26.875637556897704       0.49048081548726796     
   2.6490000000000387       -26.866809976176860       0.49036124309596829     
   2.6480000000000388       -26.857984560919526       0.49024020524529899     
   2.6470000000000389       -26.849161337667169       0.49011768372609094     
   2.6460000000000390       -26.840340333291397       0.48999366006081302     
   2.6450000000000391       -26.831521574998821       0.48986811696525628     
   2.6440000000000392       -26.822705090336051       0.48974103273131042     
   2.6430000000000393       -26.813890907194814       0.48961238928950901     
   2.6420000000000394       -26.805079053817188       0.48948216703015796     
   2.6410000000000395       -26.796269558801011       0.48935034604159316     
   2.6400000000000396       -26.787462451105355       0.48921690457099565     
   2.6390000000000398       -26.778657760056213       0.48908182484926677     
   2.6380000000000399       -26.769855515352294       0.48894508471625797     
   2.6370000000000400       -26.761055747071023       0.48880666296034647     
   2.6360000000000401       -26.752258485674652       0.48866653802315735     
   2.6350000000000402       -26.743463762016596       0.48852468976945368     
   2.6340000000000403       -26.734671607347945       0.48838109271883329     
   2.6330000000000404       -26.725882053324117       0.48823572569980173     
   2.6320000000000405       -26.717095132011835       0.48808856567375769     
   2.6310000000000406       -26.708310875896203       0.48793958729586823     
   2.6300000000000407       -26.699529317888079       0.48778877010980476     
   2.6290000000000409       -26.690750491331663       0.48763608825313959     
   2.6280000000000410       -26.681974430012385       0.48748151879059115     
   2.6270000000000411       -26.673201168165015       0.48732503331976701     
   2.6260000000000412       -26.664430740482100       0.48716660764455672     
   2.6250000000000413       -26.655663182122694       0.48700621377096920     
   2.6240000000000414       -26.646898528721444       0.48684382825573153     
   2.6230000000000415       -26.638136816397967       0.48667942240146567     
   2.6220000000000416       -26.629378081766696       0.48651297042173325     
   2.6210000000000417       -26.620622361947028       0.48634444048751990     
   2.6200000000000419       -26.611869694573969       0.48617380524559894     
   2.6190000000000420       -26.603120117809176       0.48600103282265716     
   2.6180000000000421       -26.594373670352571       0.48582609699863039     
   2.6170000000000422       -26.585630391454394       0.48564896724869361     
   2.6160000000000423       -26.576890320927838       0.48546960809483874     
   2.6150000000000424       -26.568153499162356       0.48528798664781037     
   2.6140000000000425       -26.559419967137501       0.48510407356741797     
   2.6130000000000426       -26.550689766437561       0.48491783545711403     
   2.6120000000000427       -26.541962939266895       0.48472923340924873     
   2.6110000000000428       -26.533239528466083       0.48453823083076231     
   2.6100000000000430       -26.524519577528970       0.48434479757002413     
   2.6090000000000431       -26.515803130620633       0.48414889011496043     
   2.6080000000000432       -26.507090232596344       0.48395046860463187     
   2.6070000000000433       -26.498380929021703       0.48374949982893423     
   2.6060000000000434       -26.489675266193899       0.48354593435390508     
   2.6050000000000435       -26.480973291164247       0.48333973504468669     
   2.6040000000000436       -26.472275051762217       0.48313085930055899     
   2.6030000000000437       -26.463580596620876       0.48291925400489188     
   2.6020000000000438       -26.454889975204019       0.48270488194893002     
   2.6010000000000439       -26.446203237835121       0.48248768482890969     
   2.6000000000000441       -26.437520435728153       0.48226762217984664     
   2.5990000000000442       -26.428841621020609       0.48204463386406615     
   2.5980000000000443       -26.420166846808698       0.48181866651978467     
   2.5970000000000444       -26.411496167185174       0.48158967027793115     
   2.5960000000000445       -26.402829637279840       0.48135757904031201     
   2.5950000000000446       -26.394167313302944       0.48112233174515356     
   2.5940000000000447       -26.385509252591888       0.48088386944408323     
   2.5930000000000448       -26.376855513661436       0.48064212257653793     
   2.5920000000000449       -26.368206156257720       0.48039702115782096     
   2.5910000000000450       -26.359561241416426       0.48014849453572150     
   2.5900000000000452       -26.350920831525542       0.47989646072457554     
   2.5890000000000453       -26.342284990392987       0.47964083835161159     
   2.5880000000000454       -26.333653783319697       0.47938155074529365     
   2.5870000000000455       -26.325027277178439       0.47911849991633182     
   2.5860000000000456       -26.316405540499048       0.47885159429518648     
   2.5850000000000457       -26.307788643560443       0.47858073119319439     
   2.5840000000000458       -26.299176658490165       0.47830581307582754     
   2.5830000000000459       -26.290569659371865       0.47802672011480990     
   2.5820000000000460       -26.281967722361422       0.47774333337261432     
   2.5810000000000461       -26.273370925812454       0.47745553619015879     
   2.5800000000000463       -26.264779350411626       0.47716318291357784     
   2.5790000000000464       -26.256193079324660       0.47686614361834923     
   2.5780000000000465       -26.247612198353600       0.47656425509426625     
   2.5770000000000466       -26.239036796105893       0.47625736893063952     
   2.5760000000000467       -26.230466964175946       0.47594530453290340     
   2.5750000000000468       -26.221902797339645       0.47562788274895240     
   2.5740000000000469       -26.213344393762171       0.47530490912146128     
   2.5730000000000470       -26.204791855219288       0.47497617665379621     
