   2.4000000953674316       -26.842822595645025        6.8265970838024617E-002
   2.4010000953674315       -26.844053610474866        6.8513600781972148E-002
   2.4020000953674314       -26.845289090557738        6.8762111116212998E-002
   2.4030000953674313       -26.846529051782145        6.9011506024947128E-002
   2.4040000953674312       -26.847773510104410        6.9261789289623621E-002
   2.4050000953674311       -26.849022481549149        6.9512964273595379E-002
   2.4060000953674310       -26.850275982209673        6.9765035660942401E-002
   2.4070000953674309       -26.851534028248416        7.0018006887443418E-002
   2.4080000953674308       -26.852796635897352        7.0271881828331439E-002
   2.4090000953674306       -26.854063821458425        7.0526664382471307E-002
   2.4100000953674305       -26.855335601303970        7.0782358472409698E-002
   2.4110000953674304       -26.856611991877148        7.1038968044433895E-002
   2.4120000953674303       -26.857893009692376        7.1296497068605691E-002
   2.4130000953674302       -26.859178671335727        7.1554949538819301E-002
   2.4140000953674301       -26.860468993465396        7.1814329472835892E-002
   2.4150000953674300       -26.861763992812115        7.2074640912306268E-002
   2.4160000953674299       -26.863063686179579        7.2335887922814063E-002
   2.4170000953674298       -26.864368090444884        7.2598075449543442E-002
   2.4180000953674297       -26.865677222558958        7.2861205946425547E-002
   2.4190000953674295       -26.866991099546979        7.3125284357871995E-002
   2.4200000953674294       -26.868309738508835        7.3390314416615282E-002
   2.4210000953674293       -26.869633156619528        7.3656301137767444E-002
   2.4220000953674292       -26.870961371129621        7.3923248328479435E-002
   2.4230000953674291       -26.872294399365654        7.4191160222192618E-002
   2.4240000953674290       -26.873632258730602        7.4460041076314737E-002
   2.4250000953674289       -26.874974966704283        7.4729895172166910E-002
   2.4260000953674288       -26.876322540843795        7.5000726814962990E-002
   2.4270000953674287       -26.877674998783952        7.5272540333778337E-002
   2.4280000953674286       -26.879032358237698        7.5545340081493453E-002
   2.4290000953674284       -26.880394636996559        7.5819130434759296E-002
   2.4300000953674283       -26.881761852931049        7.6093915793925146E-002
   2.4310000953674282       -26.883134023991101        7.6369700582980052E-002
   2.4320000953674281       -26.884511168206508        7.6646490145007073E-002
   2.4330000953674280       -26.885893303687311        7.6924287217168097E-002
   2.4340000953674279       -26.887280448624260        7.7203096689203471E-002
   2.4350000953674278       -26.888672621289217        7.7482923940846382E-002
   2.4360000953674277       -26.890069840035579        7.7763773096042613E-002
   2.4370000953674276       -26.891472123298691        7.8045648718975319E-002
   2.4380000953674275       -26.892879489596254        7.8328555396835295E-002
   2.4390000953674273       -26.894291957528750        7.8612497739677892E-002
   2.4400000953674272       -26.895709545779873        7.8897480380308041E-002
   2.4410000953674271       -26.897132273116870        7.9183507974125322E-002
   2.4420000953674270       -26.898560158391021        7.9470585198991861E-002
   2.4430000953674269       -26.899993220538004        7.9758716755071984E-002
   2.4440000953674268       -26.901431478578317        8.0047907364677789E-002
   2.4450000953674267       -26.902874951617619        8.0338162692608101E-002
   2.4460000953674266       -26.904323658847211        8.0629485726044364E-002
   2.4470000953674265       -26.905777619544367        8.0921881621255479E-002
   2.4480000953674264       -26.907236853072728        8.1215356137984793E-002
   2.4490000953674262       -26.908701378882689        8.1509913647474549E-002
   2.4500000953674261       -26.910171216511802        8.1805559001069145E-002
   2.4510000953674260       -26.911646385585122        8.2102297070872188E-002
   2.4520000953674259       -26.913126905815592        8.2400132749516977E-002
   2.4530000953674258       -26.914612797004398        8.2699070949907930E-002
   2.4540000953674257       -26.916104079041361        8.2999116604986545E-002
   2.4550000953674256       -26.917600771905260        8.3300274667453572E-002
   2.4560000953674255       -26.919102895664221        8.3602551022280383E-002
   2.4570000953674254       -26.920610470476010        8.3905948900751162E-002
   2.4580000953674253       -26.922123516588453        8.4210473635624353E-002
   2.4590000953674251       -26.923642054339723        8.4516131272485348E-002
   2.4600000953674250       -26.925166104158670        8.4822926368636184E-002
   2.4610000953674249       -26.926695686565168        8.5130863989299851E-002
   2.4620000953674248       -26.928230822170427        8.5439949217322800E-002
   2.4630000953674247       -26.929771531677304        8.5750187152784513E-002
   2.4640000953674246       -26.931317835880613        8.6061582912656517E-002
   2.4650000953674245       -26.932869755667447        8.6374141630409407E-002
   2.4660000953674244       -26.934427312017412        8.6687868455588735E-002
   2.4670000953674243       -26.935990526002978        8.7002769544612446E-002
   2.4680000953674242       -26.937559418789736        8.7318847590701035E-002
   2.4690000953674240       -26.939134011636654        8.7636109821914748E-002
   2.4700000953674239       -26.940714325896341        8.7954560913244884E-002
   2.4710000953674238       -26.942300383015343        8.8274206088327201E-002
   2.4720000953674237       -26.943892204534318        8.8595050584146157E-002
   2.4730000953674236       -26.945489812088329        8.8917099650533196E-002
   2.4740000953674235       -26.947093227407056        8.9240358549627183E-002
   2.4750000953674234       -26.948702472315006        8.9564832555313778E-002
   2.4760000953674233       -26.950317568731705        8.9890527965168235E-002
   2.4770000953674232       -26.951938538671943        9.0217447491515973E-002
   2.4780000953674231       -26.953565404245893        9.0545598599780883E-002
   2.4790000953674229       -26.955198187659338        9.0874986017556517E-002
   2.4800000953674228       -26.956836911213792        9.1205615068252990E-002
   2.4810000953674227       -26.958481597306701        9.1537491083132888E-002
   2.4820000953674226       -26.960132268431508        9.1870619400540227E-002
   2.4830000953674225       -26.961788947177823        9.2205005365117068E-002
   2.4840000953674224       -26.963451656231520        9.2540654719840396E-002
   2.4850000953674223       -26.965120418374809        9.2877572062022615E-002
   2.4860000953674222       -26.966795256486346        9.3215763116702793E-002
   2.4870000953674221       -26.968476193541264        9.3555233245261299E-002
   2.4880000953674219       -26.970163252611215        9.3895987810874965E-002
   2.4890000953674218       -26.971856456864419        9.4238032177499390E-002
   2.4900000953674217       -26.973555829565637        9.4581371708784154E-002
   2.4910000953674216       -26.975261394076178        9.4926012124537842E-002
   2.4920000953674215       -26.976973173853853        9.5271958096359521E-002
   2.4930000953674214       -26.978691192452921        9.5619215312455139E-002
   2.4940000953674213       -26.980415473524012        9.5967789123570554E-002
   2.4950000953674212       -26.982146040814008        9.6317684873918979E-002
   2.4960000953674211       -26.983882918165946        9.6668907899795209E-002
   2.4970000953674210       -26.985626129518799        9.7021463528032842E-002
   2.4980000953674208       -26.987375698907375        9.7375357418313671E-002
   2.4990000953674207       -26.989131650462063        9.7730594213755129E-002
   2.5000000953674206       -26.990894008408549        9.8087179521573517E-002
   2.5010000953674205       -26.992662797067631        9.8445118614527136E-002
   2.5020000953674204       -26.994438040854824        9.8804416747289139E-002
   2.5030000953674203       -26.996219764280092        9.9165079452155150E-002
   2.5040000953674202       -26.998007991947418        9.9527111371437313E-002
   2.5050000953674201       -26.999802748554394        9.9890517967776191E-002
   2.5060000953674200       -27.001604058891786       0.10025530440278659     
   2.5070000953674199       -27.003411947843013       0.10062147673237057     
   2.5080000953674197       -27.005226440383602       0.10098903755675953     
   2.5090000953674196       -27.007047561580613       0.10135799419863543     
   2.5100000953674195       -27.008875336591991       0.10172835101183728     
   2.5110000953674194       -27.010709790665874       0.10210011298673902     
   2.5120000953674193       -27.012550949139857       0.10247328601343419     
   2.5130000953674192       -27.014398837440204       0.10284787242044011     
   2.5140000953674191       -27.016253481080945       0.10322387940313210     
   2.5150000953674190       -27.018114905663047       0.10360131105152853     
   2.5160000953674189       -27.019983136873368       0.10398017300990167     
   2.5170000953674188       -27.021858200483603       0.10436046748997634     
   2.5180000953674186       -27.023740122349253       0.10474220137863598     
   2.5190000953674185       -27.025628928408373       0.10512537853642902     
   2.5200000953674184       -27.027524644680341       0.10551000433299823     
   2.5210000953674183       -27.029427297264508       0.10589608071990302     
   2.5220000953674182       -27.031336912338830       0.10628361428360950     
   2.5230000953674181       -27.033253516158339       0.10667260856714253     
   2.5240000953674180       -27.035177135053551       0.10706306862415800     
   2.5250000953674179       -27.037107795428842       0.10745499599782186     
   2.5260000953674178       -27.039045523760649       0.10784839696833685     
   2.5270000953674177       -27.040990346595663       0.10824327550711477     
   2.5280000953674175       -27.042942290548801       0.10863963300184006     
   2.5290000953674174       -27.044901382301230       0.10903747525687386     
   2.5300000953674173       -27.046867648598155       0.10943680589475251     
   2.5310000953674172       -27.048841116246610       0.10983762677653854     
   2.5320000953674171       -27.050821812113028       0.11023994101287038     
   2.5330000953674170       -27.052809763120763       0.11064375404422275     
   2.5340000953674169       -27.054804996247547       0.11104906660885866     
   2.5350000953674168       -27.056807538522690       0.11145588136365681     
   2.5360000953674167       -27.058817417024258       0.11186420325926913     
   2.5370000953674166       -27.060834658876146       0.11227403257091452     
   2.5380000953674164       -27.062859291244934       0.11268537143918718     
   2.5390000953674163       -27.064891341336693       0.11309822430672772     
   2.5400000953674162       -27.066930836393595       0.11351259013079207     
   2.5410000953674161       -27.068977803690487       0.11392847271520723     
   2.5420000953674160       -27.071032270531205       0.11434587372502494     
   2.5430000953674159       -27.073094264244837       0.11476479215902079     
   2.5440000953674158       -27.075163812181813       0.11518523200763779     
   2.5450000953674157       -27.077240941709896       0.11560719204040362     
   2.5460000953674156       -27.079325680209983       0.11603067270255818     
   2.5470000953674155       -27.081418055071758       0.11645567668933038     
   2.5480000953674153       -27.083518093689300       0.11688220114048360     
   2.5490000953674152       -27.085625823456390       0.11731024879629226     
   2.5500000953674151       -27.087741271761843       0.11773981643976114     
   2.5510000953674150       -27.089864465984558       0.11817090611793918     
   2.5520000953674149       -27.091995433488549       0.11860351488964931     
   2.5530000953674148       -27.094134201617756       0.11903764131520284     
   2.5540000953674147       -27.096280797690703       0.11947328612042497     
   2.5550000953674146       -27.098435248995152       0.11991044448847596     
   2.5560000953674145       -27.100597582782441       0.12034911714913424     
   2.5570000953674143       -27.102767826261847       0.12078929873166487     
   2.5580000953674142       -27.104946006594730       0.12123098925326088     
   2.5590000953674141       -27.107132150888592       0.12167418273485534     
   2.5600000953674140       -27.109326286191024       0.12211887847939067     
   2.5610000953674139       -27.111528439483500       0.12256506985011459     
   2.5620000953674138       -27.113738637675141       0.12301275543316278     
   2.5630000953674137       -27.115956907596242       0.12346192788952151     
   2.5640000953674136       -27.118183275991854       0.12391258508602832     
   2.5650000953674135       -27.120417769515182       0.12436471894149376     
   2.5660000953674134       -27.122660414720873       0.12481832660182340     
   2.5670000953674132       -27.124911238058353       0.12527339987823716     
   2.5680000953674131       -27.127170265864947       0.12572993250955097     
   2.5690000953674130       -27.129437524359037       0.12618791955160175     
   2.5700000953674129       -27.131713039633091       0.12664735126786336     
   2.5710000953674128       -27.133996837646713       0.12710822266184879     
   2.5720000953674127       -27.136288944219629       0.12757052315216799     
   2.5730000953674126       -27.138589385024595       0.12803424702980629     
   2.5740000953674125       -27.140898185580383       0.12849938350160114     
   2.5750000953674124       -27.143215371244644       0.12896592354270864     
   2.5760000953674123       -27.145540967206877       0.12943385944174851     
   2.5770000953674121       -27.147874998481299       0.12990317875351234     
   2.5780000953674120       -27.150217489899838       0.13037387371268924     
   2.5790000953674119       -27.152568466105041       0.13084593163282898     
   2.5800000953674118       -27.154927951543140       0.13131934151607380     
   2.5810000953674117       -27.157295970457035       0.13179409367681771     
   2.5820000953674116       -27.159672546879442       0.13227017377295552     
   2.5830000953674115       -27.162057704626044       0.13274757208327490     
   2.5840000953674114       -27.164451467288728       0.13322627404259546     
   2.5850000953674113       -27.166853858228890       0.13370626675695241     
   2.5860000953674112       -27.169264900570909       0.13418753867178429     
   2.5870000953674110       -27.171684617195581       0.13467007361478975     
   2.5880000953674109       -27.174113030733814       0.13515385942449518     
   2.5890000953674108       -27.176550163560321       0.13563888160976040     
   2.5900000953674107       -27.178996037787513       0.13612512367112972     
   2.5910000953674106       -27.181450675259480       0.13661257294652085     
   2.5920000953674105       -27.183914097546150       0.13710121219160409     
   2.5930000953674104       -27.186386325937562       0.13759102578552140     
   2.5940000953674103       -27.188867381438296       0.13808199943318833     
   2.5950000953674102       -27.191357284762095       0.13857411448629156     
   2.5960000953674101       -27.193856056326609       0.13906735673203025     
   2.5970000953674099       -27.196363716248324       0.13956170747700991     
   2.5980000953674098       -27.198880284337683       0.14005714967151628     
