   2.2000000476837158       -32.676195383852615       0.21188511193628859     
   2.1990000476837159       -32.672382304154283       0.21179040991823614     
   2.1980000476837160       -32.668570929118069       0.21169570544524371     
   2.1970000476837162       -32.664761258787067       0.21160099839872706     
   2.1960000476837163       -32.660953293204415       0.21150628895255236     
   2.1950000476837164       -32.657147032413476       0.21141157741327102     
   2.1940000476837165       -32.653342476457297       0.21131686317189993     
   2.1930000476837166       -32.649539625378907       0.21122214653497778     
   2.1920000476837167       -32.645738479221642       0.21112742750388380     
   2.1910000476837168       -32.641939038028433       0.21103270608000294     
   2.1900000476837169       -32.638141301842396       0.21093798226471955     
   2.1890000476837170       -32.634345270706639       0.21084325605938961     
   2.1880000476837171       -32.630550944664009       0.21074852746541375     
   2.1870000476837173       -32.626758323757478       0.21065379648417201     
   2.1860000476837174       -32.622967408030085       0.21055906311703085     
   2.1850000476837175       -32.619178197524775       0.21046432736537779     
   2.1840000476837176       -32.615390692284500       0.21036958923059285     
   2.1830000476837177       -32.611604892352183       0.21027484871405114     
   2.1820000476837178       -32.607820797770316       0.21018010581716984     
   2.1810000476837179       -32.604038408582156       0.21008536054129845     
   2.1800000476837180       -32.600257724830385       0.20999061288783472     
   2.1790000476837181       -32.596478746557750       0.20989586285816864     
   2.1780000476837182       -32.592701473806983       0.20980111045368777     
   2.1770000476837184       -32.588925906621022       0.20970635567576273     
   2.1760000476837185       -32.585152045042335       0.20961159852581090     
   2.1750000476837186       -32.581379889113435       0.20951683900522328     
   2.1740000476837187       -32.577609438877502       0.20942207711536329     
   2.1730000476837188       -32.573840694376898       0.20932731285763706     
   2.1720000476837189       -32.570073655654234       0.20923254623343579     
   2.1710000476837190       -32.566308322751894       0.20913777724416857     
   2.1700000476837191       -32.562544695712845       0.20904300589120617     
   2.1690000476837192       -32.558782774579306       0.20894823217596287     
   2.1680000476837193       -32.555022559393976       0.20885345609981773     
   2.1670000476837195       -32.551264050199094       0.20875867766418726     
   2.1660000476837196       -32.547507247037444       0.20866389687044806     
   2.1650000476837197       -32.543752149951146       0.20856911372002204     
   2.1640000476837198       -32.539998758982925       0.20847432821428580     
   2.1630000476837199       -32.536247074174923       0.20837954035465386     
   2.1620000476837200       -32.532497095569454       0.20828475014252756     
   2.1610000476837201       -32.528748823209099       0.20818995757929848     
   2.1600000476837202       -32.525002257135874       0.20809516266638867     
   2.1590000476837203       -32.521257397392382       0.20800036540517519     
   2.1580000476837204       -32.517514244020674       0.20790556579707251     
   2.1570000476837206       -32.513772797062913       0.20781076384350947     
   2.1560000476837207       -32.510033056561639       0.20771595954584932     
   2.1550000476837208       -32.506295022558731       0.20762115290552730     
   2.1540000476837209       -32.502558695096283       0.20752634392394992     
   2.1530000476837210       -32.498824074216664       0.20743153260251471     
   2.1520000476837211       -32.495091159962158       0.20733671894261810     
   2.1510000476837212       -32.491359952374026       0.20724190294572198     
   2.1500000476837213       -32.487630451495079       0.20714708461318526     
   2.1490000476837214       -32.483902657367281       0.20705226394642734     
   2.1480000476837215       -32.480176570032285       0.20695744094687696     
   2.1470000476837217       -32.476452189532282       0.20686261561594255     
   2.1460000476837218       -32.472729515909279       0.20676778795502079     
   2.1450000476837219       -32.469008549205391       0.20667295796552221     
   2.1440000476837220       -32.465289289461872       0.20657812564890329     
   2.1430000476837221       -32.461571736721176       0.20648329100654450     
   2.1420000476837222       -32.457855891024849       0.20638845403987444     
   2.1410000476837223       -32.454141752414692       0.20629361475031577     
   2.1400000476837224       -32.450429320933047       0.20619877313924506     
   2.1390000476837225       -32.446718596620840       0.20610392920815132     
   2.1380000476837226       -32.443009579520528       0.20600908295838022     
   2.1370000476837228       -32.439302269673547       0.20591423439139833     
   2.1360000476837229       -32.435596667121551       0.20581938350861664     
   2.1350000476837230       -32.431892771906504       0.20572453031143345     
   2.1340000476837231       -32.428190584069583       0.20562967480130970     
   2.1330000476837232       -32.424490103652694       0.20553481697964171     
   2.1320000476837233       -32.420791330697199       0.20543995684786301     
   2.1310000476837234       -32.417094265245161       0.20534509440737947     
   2.1300000476837235       -32.413398907337680       0.20525022965963549     
   2.1290000476837236       -32.409705257016313       0.20515536260604977     
   2.1280000476837237       -32.406013314322813       0.20506049324804035     
   2.1270000476837239       -32.402323079298654       0.20496562158702966     
   2.1260000476837240       -32.398634551984749       0.20487074762447299     
   2.1250000476837241       -32.394947732423105       0.20477587136176970     
   2.1240000476837242       -32.391262620654665       0.20468099280037111     
   2.1230000476837243       -32.387579216721498       0.20458611194165963     
   2.1220000476837244       -32.383897520663865       0.20449122878713463     
   2.1210000476837245       -32.380217532523844       0.20439634333817114     
   2.1200000476837246       -32.376539252342639       0.20430145559622181     
   2.1190000476837247       -32.372862680161433       0.20420656556270542     
   2.1180000476837249       -32.369187816021146       0.20411167323907817     
   2.1170000476837250       -32.365514659963821       0.20401677862672601     
   2.1160000476837251       -32.361843212029783       0.20392188172712641     
   2.1150000476837252       -32.358173472260390       0.20382698254171372     
   2.1140000476837253       -32.354505440697146       0.20373208107188867     
   2.1130000476837254       -32.350839117380744       0.20363717731910974     
   2.1120000476837255       -32.347174502352260       0.20354227128481833     
   2.1110000476837256       -32.343511595653403       0.20344736297040933     
   2.1100000476837257       -32.339850397324554       0.20335245237735461     
   2.1090000476837258       -32.336190907406689       0.20325753950710246     
   2.1080000476837260       -32.332533125941012       0.20316262436105761     
   2.1070000476837261       -32.328877052968494       0.20306770694067741     
   2.1060000476837262       -32.325222688529927       0.20297278724740453     
   2.1050000476837263       -32.321570032666365       0.20287786528265556     
   2.1040000476837264       -32.317919085418545       0.20278294104789282     
   2.1030000476837265       -32.314269846827436       0.20268801454454410     
   2.1020000476837266       -32.310622316933774       0.20259308577404805     
   2.1010000476837267       -32.306976495778414       0.20249815473785571     
   2.1000000476837268       -32.303332383402093       0.20240322143739878     
   2.0990000476837269       -32.299689979845290       0.20230828587414454     
   2.0980000476837271       -32.296049285149209       0.20221334804949967     
   2.0970000476837272       -32.292410299354493       0.20211840796491470     
   2.0960000476837273       -32.288773022501125       0.20202346562187695     
   2.0950000476837274       -32.285137454630615       0.20192852102176728     
   2.0940000476837275       -32.281503595783157       0.20183357416607109     
   2.0930000476837276       -32.277871445999175       0.20173862505623197     
   2.0920000476837277       -32.274241005319702       0.20164367369367384     
   2.0910000476837278       -32.270612273785162       0.20154872007984487     
   2.0900000476837279       -32.266985251435599       0.20145376421622027     
   2.0890000476837280       -32.263359938312014       0.20135880610421758     
   2.0880000476837282       -32.259736334454431       0.20126384574531081     
   2.0870000476837283       -32.256114439903598       0.20116888314092748     
   2.0860000476837284       -32.252494254700224       0.20107391829250021     
   2.0850000476837285       -32.248875778883843       0.20097895120152803     
   2.0840000476837286       -32.245259012495495       0.20088398186942236     
   2.0830000476837287       -32.241643955575213       0.20078901029764057     
   2.0820000476837288       -32.238030608163186       0.20069403648765050     
   2.0810000476837289       -32.234418970300261       0.20059906044086009     
   2.0800000476837290       -32.230809042025683       0.20050408215878943     
   2.0790000476837291       -32.227200823380812       0.20040910164281414     
   2.0780000476837293       -32.223594314405233       0.20031411889442671     
   2.0770000476837294       -32.219989515139218       0.20021913391507740     
   2.0760000476837295       -32.216386425622993       0.20012414670620876     
   2.0750000476837296       -32.212785045896354       0.20002915726928880     
   2.0740000476837297       -32.209185375999809       0.19993416560575791     
   2.0730000476837298       -32.205587415972772       0.19983917171710119     
   2.0720000476837299       -32.201991165856192       0.19974417560472507     
   2.0710000476837300       -32.198396625689767       0.19964917727009504     
   2.0700000476837301       -32.194803795513018       0.19955417671470416     
   2.0690000476837302       -32.191212675366351       0.19945917393996904     
   2.0680000476837304       -32.187623265289453       0.19936416894736703     
   2.0670000476837305       -32.184035565322667       0.19926916173833714     
   2.0660000476837306       -32.180449575505698       0.19917415231432889     
   2.0650000476837307       -32.176865295877803       0.19907914067684793     
   2.0640000476837308       -32.173282726479421       0.19898412682731600     
   2.0630000476837309       -32.169701867350248       0.19888911076719462     
   2.0620000476837310       -32.166122718530204       0.19879409249792579     
   2.0610000476837311       -32.162545280058829       0.19869907202099005     
   2.0600000476837312       -32.158969551975751       0.19860404933785819     
   2.0590000476837313       -32.155395534320945       0.19850902444995469     
   2.0580000476837315       -32.151823227133917       0.19841399735875917     
   2.0570000476837316       -32.148252630454522       0.19831896806572449     
   2.0560000476837317       -32.144683744321839       0.19822393657233256     
   2.0550000476837318       -32.141116568776177       0.19812890288001009     
   2.0540000476837319       -32.137551103856552       0.19803386699024422     
   2.0530000476837320       -32.133987349602720       0.19793882890448605     
   2.0520000476837321       -32.130425306054249       0.19784378862419766     
   2.0510000476837322       -32.126864973250406       0.19774874615084989     
   2.0500000476837323       -32.123306351231150       0.19765370148587250     
   2.0490000476837325       -32.119749440035172       0.19755865463077493     
   2.0480000476837326       -32.116194239702494       0.19746360558699072     
   2.0470000476837327       -32.112640750272377       0.19736855435598544     
   2.0460000476837328       -32.109088971783962       0.19727350093923091     
   2.0450000476837329       -32.105538904276621       0.19717844533819173     
   2.0440000476837330       -32.101990547789917       0.19708338755431046     
   2.0430000476837331       -32.098443902362810       0.19698832758908080     
   2.0420000476837332       -32.094898968034919       0.19689326544393748     
   2.0410000476837333       -32.091355744845202       0.19679820112036597     
   2.0400000476837334       -32.087814232832656       0.19670313461984093     
   2.0390000476837336       -32.084274432036914       0.19660806594379920     
   2.0380000476837337       -32.080736342496749       0.19651299509373288     
   2.0370000476837338       -32.077199964251527       0.19641792207109254     
   2.0360000476837339       -32.073665297340234       0.19632284687733947     
   2.0350000476837340       -32.070132341802179       0.19622776951394152     
   2.0340000476837341       -32.066601097676156       0.19613268998236555     
   2.0330000476837342       -32.063071565000904       0.19603760828410832     
   2.0320000476837343       -32.059543743815709       0.19594252442060520     
   2.0310000476837344       -32.056017634159787       0.19584743839332364     
   2.0300000476837345       -32.052493236071641       0.19575235020374088     
   2.0290000476837347       -32.048970549590329       0.19565725985332630     
   2.0280000476837348       -32.045449574754947       0.19556216734353182     
   2.0270000476837349       -32.041930311604034       0.19546707267584346     
   2.0260000476837350       -32.038412760176655       0.19537197585171573     
   2.0250000476837351       -32.034896920511578       0.19527687687261561     
   2.0240000476837352       -32.031382792647186       0.19518177574004861     
   2.0230000476837353       -32.027870376622779       0.19508667245544054     
   2.0220000476837354       -32.024359672476756       0.19499156702027187     
   2.0210000476837355       -32.020850680247882       0.19489645943602715     
   2.0200000476837356       -32.017343399975118       0.19480134970414287     
   2.0190000476837358       -32.013837831696542       0.19470623782613253     
   2.0180000476837359       -32.010333975451246       0.19461112380342896     
   2.0170000476837360       -32.006831831277388       0.19451600763753396     
   2.0160000476837361       -32.003331399214275       0.19442088932987261     
   2.0150000476837362       -31.999832679299516       0.19432576888196224     
   2.0140000476837363       -31.996335671572268       0.19423064629524842     
   2.0130000476837364       -31.992840376070877       0.19413552157120301     
   2.0120000476837365       -31.989346792833427       0.19404039471131820     
   2.0110000476837366       -31.985854921898955       0.19394526571703194     
   2.0100000476837367       -31.982364763305483       0.19385013458983077     
   2.0090000476837369       -31.978876317091569       0.19375500133118917     
   2.0080000476837370       -31.975389583295406       0.19365986594257908     
   2.0070000476837371       -31.971904561955458       0.19356472842545999     
   2.0060000476837372       -31.968421253109874       0.19346958878132078     
   2.0050000476837373       -31.964939656797014       0.19337444701161666     
   2.0040000476837374       -31.961459773055033       0.19327930311784611     
   2.0030000476837375       -31.957981601922576       0.19318415710143258     
   2.0020000476837376       -31.954505143437132       0.19308900896390563     
   2.0010000476837377       -31.951030397637538       0.19299385870668870     
   2.0000000476837378       -31.947557364561721       0.19289870633126935     
   1.9990000476837380       -31.944086044247410       0.19280355183915049     
   1.9980000476837381       -31.940616436732913       0.19270839523178065     
   1.9970000476837382       -31.937148542056534       0.19261323651062534     
   1.9960000476837383       -31.933682360256352       0.19251807567715185     
   1.9950000476837384       -31.930217891370003       0.19242291273284798     
   1.9940000476837385       -31.926755135435446       0.19232774767919841     
   1.9930000476837386       -31.923294092491314       0.19223258051763395     
   1.9920000476837387       -31.919834762574478       0.19213741124969019     
   1.9910000476837388       -31.916377145723814       0.19204223987678504     
   1.9900000476837389       -31.912921241976591       0.19194706640041342     
   1.9890000476837391       -31.909467051370964       0.19185189082205070     
   1.9880000476837392       -31.906014573944741       0.19175671314315443     
   1.9870000476837393       -31.902563809735398       0.19166153336522398     
   1.9860000476837394       -31.899114758781060       0.19156635148971604     
   1.9850000476837395       -31.895667421119239       0.19147116751811552     
   1.9840000476837396       -31.892221796787982       0.19137598145186449     
   1.9830000476837397       -31.888777885824645       0.19128079329247566     
   1.9820000476837398       -31.885335688266856       0.19118560304141313     
   1.9810000476837399       -31.881895204152670       0.19109041070012558     
   1.9800000476837400       -31.878456433519151       0.19099521627012259     
   1.9790000476837402       -31.875019376404424       0.19090001975284063     
   1.9780000476837403       -31.871584032845607       0.19080482114979069     
   1.9770000476837404       -31.868150402880598       0.19070962046241549     
   1.9760000476837405       -31.864718486546394       0.19061441769222393     
   1.9750000476837406       -31.861288283880960       0.19051921284065598     
   1.9740000476837407       -31.857859794921570       0.19042400590919803     
   1.9730000476837408       -31.854433019705741       0.19032879689932161     
   1.9720000476837409       -31.851007958270646       0.19023358581250957     
   1.9710000476837410       -31.847584610653787       0.19013837265022746     
   1.9700000476837412       -31.844162976892576       0.19004315741394903     
   1.9690000476837413       -31.840743057024280       0.18994794010514315     
   1.9680000476837414       -31.837324851086240       0.18985272072529255     
   1.9670000476837415       -31.833908359115473       0.18975749927588267     
   1.9660000476837416       -31.830493581149604       0.18966227575835759     
   1.9650000476837417       -31.827080517225582       0.18956705017421355     
   1.9640000476837418       -31.823669167380555       0.18947182252492367     
   1.9630000476837419       -31.820259531652123       0.18937659281192959     
   1.9620000476837420       -31.816851610076789       0.18928136103675783     
   1.9610000476837421       -31.813445402691798       0.18918612720086489     
   1.9600000476837423       -31.810040909534845       0.18909089130568826     
   1.9590000476837424       -31.806638130642284       0.18899565335273538     
   1.9580000476837425       -31.803237066051384       0.18890041334348173     
   1.9570000476837426       -31.799837715799271       0.18880517127937546     
   1.9560000476837427       -31.796440079922622       0.18870992716193211     
   1.9550000476837428       -31.793044158458379       0.18861468099259684     
   1.9540000476837429       -31.789649951444119       0.18851943277281075     
   1.9530000476837430       -31.786257458916023       0.18842418250410706     
   1.9520000476837431       -31.782866680911191       0.18832893018792976     
   1.9510000476837432       -31.779477617466345       0.18823367582576511     
   1.9500000476837434       -31.776090268618638       0.18813841941906706     
   1.9490000476837435       -31.772704634404551       0.18804316096931528     
   1.9480000476837436       -31.769320714860974       0.18794790047799109     
   1.9470000476837437       -31.765938510024277       0.18785263794658130     
   1.9460000476837438       -31.762558019931767       0.18775737337652343     
   1.9450000476837439       -31.759179244619943       0.18766210676930195     
   1.9440000476837440       -31.755802184125208       0.18756683812640318     
   1.9430000476837441       -31.752426838484404       0.18747156744928184     
   1.9420000476837442       -31.749053207734306       0.18737629473941089     
   1.9410000476837443       -31.745681291910831       0.18728101999829347     
   1.9400000476837445       -31.742311091051157       0.18718574322736903     
   1.9390000476837446       -31.738942605191951       0.18709046442810584     
   1.9380000476837447       -31.735575834369037       0.18699518360200074     
   1.9370000476837448       -31.732210778619120       0.18689990075052570     
   1.9360000476837449       -31.728847437978878       0.18680461587513630     
   1.9350000476837450       -31.725485812484656       0.18670932897729520     
   1.9340000476837451       -31.722125902172607       0.18661404005850293     
   1.9330000476837452       -31.718767707079525       0.18651874912019895     
   1.9320000476837453       -31.715411227241393       0.18642345616387793     
   1.9310000476837454       -31.712056462694719       0.18632816119100445     
   1.9300000476837456       -31.708703413475490       0.18623286420305762     
   1.9290000476837457       -31.705352079620383       0.18613756520148034     
   1.9280000476837458       -31.702002461165353       0.18604226418777203     
   1.9270000476837459       -31.698654558146394       0.18594696116340556     
   1.9260000476837460       -31.695308370600408       0.18585165612982332     
   1.9250000476837461       -31.691963898562712       0.18575634908852307     
   1.9240000476837462       -31.688621142069980       0.18566104004096062     
   1.9230000476837463       -31.685280101158252       0.18556572898859930     
   1.9220000476837464       -31.681940775863183       0.18547041593293667     
   1.9210000476837465       -31.678603166221400       0.18537510087541093     
   1.9200000476837467       -31.675267272268492       0.18527978381751353     
   1.9190000476837468       -31.671933094040849       0.18518446476068759     
   1.9180000476837469       -31.668600631573995       0.18508914370643273     
   1.9170000476837470       -31.665269884904106       0.18499382065620462     
   1.9160000476837471       -31.661940854067119       0.18489849561146865     
   1.9150000476837472       -31.658613539098980       0.18480316857368650     
   1.9140000476837473       -31.655287940035262       0.18470783954434508     
   1.9130000476837474       -31.651964056911979       0.18461250852491254     
   1.9120000476837475       -31.648641889765226       0.18451717551682176     
   1.9110000476837476       -31.645321438630138       0.18442184052158656     
   1.9100000476837478       -31.642002703543195       0.18432650354064173     
   1.9090000476837479       -31.638685684539702       0.18423116457547387     
   1.9080000476837480       -31.635370381655115       0.18413582362754888     
   1.9070000476837481       -31.632056794925564       0.18404048069832754     
   1.9060000476837482       -31.628744924386663       0.18394513578926805     
   1.9050000476837483       -31.625434770073888       0.18384978890185735     
   1.9040000476837484       -31.622126332022798       0.18375444003753716     
   1.9030000476837485       -31.618819610269142       0.18365908919779450     
   1.9020000476837486       -31.615514604848386       0.18356373638408352     
   1.9010000476837488       -31.612211315796159       0.18346838159785722     
   1.9000000476837489       -31.608909743147574       0.18337302484061740     
   1.8990000476837490       -31.605609886938446       0.18327766611380739     
   1.8980000476837491       -31.602311747204137       0.18318230541888719     
   1.8970000476837492       -31.599015323979931       0.18308694275733642     
   1.8960000476837493       -31.595720617301609       0.18299157813059594     
   1.8950000476837494       -31.592427627203868       0.18289621154015612     
   1.8940000476837495       -31.589136353722527       0.18280084298747140     
   1.8930000476837496       -31.585846796892874       0.18270547247399577     
   1.8920000476837497       -31.582558956750038       0.18261010000119893     
   1.8910000476837499       -31.579272833329359       0.18251472557054774     
   1.8900000476837500       -31.575988426666207       0.18241934918348623     
   1.8890000476837501       -31.572705736795282       0.18232397084152030     
   1.8880000476837502       -31.569424763752064       0.18222859054608292     
   1.8870000476837503       -31.566145507572159       0.18213320829861379     
   1.8860000476837504       -31.562867968289961       0.18203782410061689     
   1.8850000476837505       -31.559592145941071       0.18194243795352275     
   1.8840000476837506       -31.556318040559923       0.18184704985882796     
   1.8830000476837507       -31.553045652182433       0.18175165981794855     
   1.8820000476837508       -31.549774980842848       0.18165626783237895     
   1.8810000476837510       -31.546506026576800       0.18156087390356709     
   1.8800000476837511       -31.543238789418936       0.18146547803296564     
   1.8790000476837512       -31.539973269404079       0.18137008022204887     
   1.8780000476837513       -31.536709466567302       0.18127468047226378     
   1.8770000476837514       -31.533447380943571       0.18117927878507648     
   1.8760000476837515       -31.530187012567410       0.18108387516194779     
   1.8750000476837516       -31.526928361474010       0.18098846960433695     
   1.8740000476837517       -31.523671427697920       0.18089306211370296     
   1.8730000476837518       -31.520416211274224       0.18079765269148412     
   1.8720000476837519       -31.517162712237216       0.18070224133917343     
   1.8710000476837521       -31.513910930622394       0.18060682805818115     
   1.8700000476837522       -31.510660866463592       0.18051141285001579     
   1.8690000476837523       -31.507412519795928       0.18041599571610387     
   1.8680000476837524       -31.504165890654221       0.18032057665789067     
   1.8670000476837525       -31.500920979072646       0.18022515567685868     
   1.8660000476837526       -31.497677785086029       0.18012973277445624     
   1.8650000476837527       -31.494436308728776       0.18003430795214140     
   1.8640000476837528       -31.491196550035966       0.17993888121134821     
   1.8630000476837529       -31.487958509041583       0.17984345255355189     
   1.8620000476837530       -31.484722185780342       0.17974802198020076     
   1.8610000476837532       -31.481487580286164       0.17965258949277840     
   1.8600000476837533       -31.478254692594529       0.17955715509267167     
   1.8590000476837534       -31.475023522739260       0.17946171878137929     
   1.8580000476837535       -31.471794070754751       0.17936628056034737     
   1.8570000476837536       -31.468566336675245       0.17927084043103797     
   1.8560000476837537       -31.465340320535379       0.17917539839487842     
   1.8550000476837538       -31.462116022369365       0.17907995445333827     
   1.8540000476837539       -31.458893442211220       0.17898450860787285     
   1.8530000476837540       -31.455672580095410       0.17888906085993203     
   1.8520000476837541       -31.452453436056416       0.17879361121094195     
   1.8510000476837543       -31.449236010127830       0.17869815966239408     
   1.8500000476837544       -31.446020302344536       0.17860270621569793     
   1.8490000476837545       -31.442806312740274       0.17850725087232269     
   1.8480000476837546       -31.439594041349199       0.17841179363372681     
   1.8470000476837547       -31.436383488205529       0.17831633450133644     
   1.8460000476837548       -31.433174653343166       0.17822087347662771     
   1.8450000476837549       -31.429967536796426       0.17812541056100967     
   1.8440000476837550       -31.426762138598942       0.17802994575597333     
   1.8430000476837551       -31.423558458785184       0.17793447906293386     
   1.8420000476837552       -31.420356497388671       0.17783901048336104     
   1.8410000476837554       -31.417156254443611       0.17774354001868520     
   1.8400000476837555       -31.413957729983927       0.17764806767035271     
   1.8390000476837556       -31.410760924043558       0.17755259343981200     
   1.8380000476837557       -31.407565836656136       0.17745711732852307     
   1.8370000476837558       -31.404372467855577       0.17736163933791266     
   1.8360000476837559       -31.401180817676106       0.17726615946941593     
   1.8350000476837560       -31.397990886150740       0.17717067772451142     
   1.8340000476837561       -31.394802673313819       0.17707519410462008     
   1.8330000476837562       -31.391616179198856       0.17697970861119050     
   1.8320000476837563       -31.388431403839427       0.17688422124567069     
   1.8310000476837565       -31.385248347269940       0.17678873200947640     
   1.8300000476837566       -31.382067009523269       0.17669324090407135     
   1.8290000476837567       -31.378887390632944       0.17659774793091870     
   1.8280000476837568       -31.375709490633529       0.17650225309140813     
   1.8270000476837569       -31.372533309557539       0.17640675638701950     
   1.8260000476837570       -31.369358847439305       0.17631125781918167     
   1.8250000476837571       -31.366186104311950       0.17621575738932366     
   1.8240000476837572       -31.363015080209159       0.17612025509890220     
   1.8230000476837573       -31.359845775164093       0.17602475094936001     
   1.8220000476837575       -31.356678189210573       0.17592924494211559     
   1.8210000476837576       -31.353512322382031       0.17583373707860536     
   1.8200000476837577       -31.350348174711606       0.17573822736028641     
   1.8190000476837578       -31.347185746232828       0.17564271578858814     
   1.8180000476837579       -31.344025036978888       0.17554720236494653     
   1.8170000476837580       -31.340866046983521       0.17545168709078782     
   1.8160000476837581       -31.337708776279428       0.17535616996757447     
   1.8150000476837582       -31.334553224900084       0.17526065099672439     
   1.8140000476837583       -31.331399392879277       0.17516513017964760     
   1.8130000476837584       -31.328247280249471       0.17506960751782832     
   1.8120000476837586       -31.325096887044385       0.17497408301265738     
   1.8110000476837587       -31.321948213296505       0.17487855666561380     
   1.8100000476837588       -31.318801259040097       0.17478302847806881     
   1.8090000476837589       -31.315656024307057       0.17468749845151818     
   1.8080000476837590       -31.312512509131416       0.17459196658734685     
   1.8070000476837591       -31.309370713545647       0.17449643288701158     
   1.8060000476837592       -31.306230637582775       0.17440089735195016     
   1.8050000476837593       -31.303092281276506       0.17430535998355359     
   1.8040000476837594       -31.299955644659189       0.17420982078328748     
   1.8030000476837595       -31.296820727763929       0.17411427975257285     
   1.8020000476837597       -31.293687530623728       0.17401873689283309     
   1.8010000476837598       -31.290556053271139       0.17392319220552521     
   1.8000000476837599       -31.287426295739614       0.17382764569203565     
   1.7990000476837600       -31.284298258061852       0.17373209735380049     
   1.7980000476837601       -31.281171940270429       0.17363654719226709     
   1.7970000476837602       -31.278047342398448       0.17354099520884189     
   1.7960000476837603       -31.274924464478339       0.17344544140497170     
   1.7950000476837604       -31.271803306543195       0.17334988578206847     
   1.7940000476837605       -31.268683868625704       0.17325432834155338     
   1.7930000476837606       -31.265566150758517       0.17315876908485325     
   1.7920000476837608       -31.262450152974012       0.17306320801341013     
   1.7910000476837609       -31.259335875305279       0.17296764512862603     
   1.7900000476837610       -31.256223317784858       0.17287208043192986     
   1.7890000476837611       -31.253112480445317       0.17277651392474011     
   1.7880000476837612       -31.250003363319191       0.17268094560848432     
   1.7870000476837613       -31.246895966438750       0.17258537548459937     
   1.7860000476837614       -31.243790289836806       0.17248980355448515     
   1.7850000476837615       -31.240686333545938       0.17239422981956942     
   1.7840000476837616       -31.237584097598948       0.17229865428124869     
   1.7830000476837617       -31.234483582027547       0.17220307694098125     
   1.7820000476837619       -31.231384786864311       0.17210749780016898     
   1.7810000476837620       -31.228287712142006       0.17201191686022449     
   1.7800000476837621       -31.225192357892560       0.17191633412258234     
   1.7790000476837622       -31.222098724148779       0.17182074958863425     
   1.7780000476837623       -31.219006810942791       0.17172516325981438     
   1.7770000476837624       -31.215916618306682       0.17162957513754934     
   1.7760000476837625       -31.212828146272940       0.17153398522323088     
   1.7750000476837626       -31.209741394873809       0.17143839351828039     
   1.7740000476837627       -31.206656364141487       0.17134280002411914     
   1.7730000476837628       -31.203573054108286       0.17124720474214555     
   1.7720000476837630       -31.200491464805978       0.17115160767381030     
   1.7710000476837631       -31.197411596266967       0.17105600882048577     
   1.7700000476837632       -31.194333448523736       0.17096040818358002     
   1.7690000476837633       -31.191257021607758       0.17086480576455179     
   1.7680000476837634       -31.188182315551259       0.17076920156478359     
   1.7670000476837635       -31.185109330386720       0.17067359558567144     
   1.7660000476837636       -31.182038066145569       0.17057798782864597     
   1.7650000476837637       -31.178968522860000       0.17048237829511356     
   1.7640000476837638       -31.175900700561872       0.17038676698649288     
   1.7630000476837639       -31.172834599283537       0.17029115390416383     
   1.7620000476837641       -31.169770219056502       0.17019553904955628     
   1.7610000476837642       -31.166707559912886       0.17009992242406971     
   1.7600000476837643       -31.163646621884457       0.17000430402911382     
   1.7590000476837644       -31.160587405002865       0.16990868386610300     
   1.7580000476837645       -31.157529909300255       0.16981306193642348     
   1.7570000476837646       -31.154474134808350       0.16971743824148042     
   1.7560000476837647       -31.151420081558580       0.16962181278271155     
   1.7550000476837648       -31.148367749583123       0.16952618556147978     
   1.7540000476837649       -31.145317138913384       0.16943055657921235     
   1.7530000476837651       -31.142268249581136       0.16933492583730672     
   1.7520000476837652       -31.139221081618256       0.16923929333714541     
   1.7510000476837653       -31.136175635056201       0.16914365908015097     
   1.7500000476837654       -31.133131909926433       0.16904802306773145     
   1.7490000476837655       -31.130089906260814       0.16895238530125795     
   1.7480000476837656       -31.127049624090464       0.16885674578216581     
   1.7470000476837657       -31.124011063447298       0.16876110451184029     
   1.7460000476837658       -31.120974224363021       0.16866546149165326     
   1.7450000476837659       -31.117939106868626       0.16856981672303961     
   1.7440000476837660       -31.114905710995668       0.16847417020737498     
   1.7430000476837662       -31.111874036776207       0.16837852194604983     
   1.7420000476837663       -31.108844084240694       0.16828287194048996     
   1.7410000476837664       -31.105815853421152       0.16818722019206198     
   1.7400000476837665       -31.102789344348476       0.16809156670218103     
   1.7390000476837666       -31.099764557054488       0.16799591147223045     
   1.7380000476837667       -31.096741491570342       0.16790025450359114     
   1.7370000476837668       -31.093720147927211       0.16780459579767751     
   1.7360000476837669       -31.090700526156557       0.16770893535586048     
   1.7350000476837670       -31.087682626289386       0.16761327317956068     
   1.7340000476837671       -31.084666448356916       0.16751760927014042     
   1.7330000476837673       -31.081651992390270       0.16742194362901841     
   1.7320000476837674       -31.078639258421081       0.16732627625754784     
   1.7310000476837675       -31.075628246480154       0.16723060715713647     
   1.7300000476837676       -31.072618956598202       0.16713493632919918     
   1.7290000476837677       -31.069611388806614       0.16703926377509851     
   1.7280000476837678       -31.066605543136944       0.16694358949620142     
   1.7270000476837679       -31.063601419619619       0.16684791349392211     
   1.7260000476837680       -31.060599018286247       0.16675223576962342     
   1.7250000476837681       -31.057598339166560       0.16665655632474302     
   1.7240000476837682       -31.054599382292942       0.16656087516060003     
   1.7230000476837684       -31.051602147695583       0.16646519227861545     
   1.7220000476837685       -31.048606635405449       0.16636950768017142     
   1.7210000476837686       -31.045612845453746       0.16627382136663493     
   1.7200000476837687       -31.042620777871015       0.16617813333939835     
   1.7190000476837688       -31.039630432688281       0.16608244359983620     
   1.7180000476837689       -31.036641809936160       0.16598675214933681     
   1.7170000476837690       -31.033654909645346       0.16589105898929318     
   1.7160000476837691       -31.030669731847041       0.16579536412105395     
   1.7150000476837692       -31.027686276571671       0.16569966754601595     
   1.7140000476837693       -31.024704543849985       0.16560396926555046     
   1.7130000476837695       -31.021724533712682       0.16550826928104176     
   1.7120000476837696       -31.018746246190425       0.16541256759386741     
   1.7110000476837697       -31.015769681313909       0.16531686420539596     
   1.7100000476837698       -31.012794839113656       0.16522115911701213     
   1.7090000476837699       -31.009821719620160       0.16512545233007858     
   1.7080000476837700       -31.006850322864473       0.16502974384597260     
   1.7070000476837701       -31.003880648876191       0.16493403366608972     
   1.7060000476837702       -31.000912697686868       0.16483832179176641     
   1.7050000476837703       -30.997946469326127       0.16474260822440823     
   1.7040000476837704       -30.994981963825055       0.16464689296536136     
   1.7030000476837706       -30.992019181213934       0.16455117601601010     
   1.7020000476837707       -30.989058121522987       0.16445545737771960     
   1.7010000476837708       -30.986098784782961       0.16435973705184642     
   1.7000000476837709       -30.983141171023544       0.16426401503980070     
   1.6990000476837710       -30.980185280275826       0.16416829134290897     
   1.6980000476837711       -30.977231112569765       0.16407256596254360     
   1.6970000476837712       -30.974278667935550       0.16397683890009906     
   1.6960000476837713       -30.971327946403477       0.16388111015692630     
   1.6950000476837714       -30.968378948004187       0.16378537973436982     
   1.6940000476837715       -30.965431672767672       0.16368964763381122     
   1.6930000476837717       -30.962486120723796       0.16359391385663150     
   1.6920000476837718       -30.959542291903229       0.16349817840415701     
   1.6910000476837719       -30.956600186335567       0.16340244127779277     
   1.6900000476837720       -30.953659804051224       0.16330670247887502     
   1.6890000476837721       -30.950721145080607       0.16321096200876062     
   1.6880000476837722       -30.947784209453268       0.16311521986882352     
   1.6870000476837723       -30.944848997199738       0.16301947606040676     
   1.6860000476837724       -30.941915508349478       0.16292373058489573     
   1.6850000476837725       -30.938983742932820       0.16282798344363147     
   1.6840000476837726       -30.936053700979869       0.16273223463796666     
   1.6830000476837728       -30.933125382520117       0.16263648416927876     
   1.6820000476837729       -30.930198787583901       0.16254073203890484     
   1.6810000476837730       -30.927273916200971       0.16244497824821230     
   1.6800000476837731       -30.924350768401087       0.16234922279854697     
   1.6790000476837732       -30.921429344214406       0.16225346569126656     
   1.6780000476837733       -30.918509643670603       0.16215770692772360     
   1.6770000476837734       -30.915591666799038       0.16206194650929012     
   1.6760000476837735       -30.912675413630303       0.16196618443727701     
   1.6750000476837736       -30.909760884193631       0.16187042071306454     
   1.6740000476837738       -30.906848078518788       0.16177465533801150     
   1.6730000476837739       -30.903936996635490       0.16167888831344990     
   1.6720000476837740       -30.901027638573694       0.16158311964071981     
   1.6710000476837741       -30.898120004362614       0.16148734932119926     
   1.6700000476837742       -30.895214094032188       0.16139157735621812     
   1.6690000476837743       -30.892309907611992       0.16129580374712016     
   1.6680000476837744       -30.889407445131425       0.16120002849526660     
   1.6670000476837745       -30.886506706620153       0.16110425160199027     
   1.6660000476837746       -30.883607692107709       0.16100847306864591     
   1.6650000476837747       -30.880710401623652       0.16091269289656907     
   1.6640000476837749       -30.877814835197501       0.16081691108709920     
   1.6630000476837750       -30.874920992858662       0.16072112764158952     
   1.6620000476837751       -30.872028874636335       0.16062534256139019     
   1.6610000476837752       -30.869138480560387       0.16052955584782008     
   1.6600000476837753       -30.866249810659983       0.16043376750222751     
   1.6590000476837754       -30.863362864964156       0.16033797752597442     
   1.6580000476837755       -30.860477643502911       0.16024218592036418     
   1.6570000476837756       -30.857594146305225       0.16014639268675046     
   1.6560000476837757       -30.854712373400197       0.16005059782648665     
   1.6550000476837758       -30.851832324817206       0.15995480134089607     
   1.6540000476837760       -30.848954000585906       0.15985900323129906     
   1.6530000476837761       -30.846077400734849       0.15976320349906731     
   1.6520000476837762       -30.843202525293972       0.15966740214549613     
   1.6510000476837763       -30.840329374291542       0.15957159917195793     
   1.6500000476837764       -30.837457947757485       0.15947579457975408     
   1.6490000476837765       -30.834588245720628       0.15937998837023462     
   1.6480000476837766       -30.831720268209928       0.15928418054473306     
   1.6470000476837767       -30.828854015254826       0.15918837110456485     
   1.6460000476837768       -30.825989486884055       0.15909256005107844     
   1.6450000476837769       -30.823126683126919       0.15899674738558317     
   1.6440000476837771       -30.820265604012146       0.15890093310942732     
   1.6430000476837772       -30.817406249568638       0.15880511722393698     
   1.6420000476837773       -30.814548619825793       0.15870929973042736     
   1.6410000476837774       -30.811692714812196       0.15861348063023278     
   1.6400000476837775       -30.808838534556855       0.15851765992468111     
   1.6390000476837776       -30.805986079088644       0.15842183761509329     
   1.6380000476837777       -30.803135348436470       0.15832601370279367     
   1.6370000476837778       -30.800286342629160       0.15823018818910281     
   1.6360000476837779       -30.797439061695385       0.15813436107535905     
   1.6350000476837780       -30.794593505664039       0.15803853236286686     
   1.6340000476837782       -30.791749674564073       0.15794270205295116     
   1.6330000476837783       -30.788907568423973       0.15784687014693727     
   1.6320000476837784       -30.786067187272398       0.15775103664615003     
   1.6310000476837785       -30.783228531138462       0.15765520155189117     
   1.6300000476837786       -30.780391600050265       0.15755936486550148     
   1.6290000476837787       -30.777556394036935       0.15746352658827767     
   1.6280000476837788       -30.774722913126716       0.15736768672155335     
   1.6270000476837789       -30.771891157348453       0.15727184526663920     
   1.6260000476837790       -30.769061126730758       0.15717600222484285     
   1.6250000476837791       -30.766232821302083       0.15708015759748545     
   1.6240000476837793       -30.763406241090902       0.15698431138587796     
   1.6230000476837794       -30.760581386125814       0.15688846359133801     
   1.6220000476837795       -30.757758256435167       0.15679261421518112     
   1.6210000476837796       -30.754936852047589       0.15669676325870591     
   1.6200000476837797       -30.752117172991422       0.15660091072323545     
   1.6190000476837798       -30.749299219295104       0.15650505661007297     
   1.6180000476837799       -30.746482990986998       0.15640920092052665     
   1.6170000476837800       -30.743668488095466       0.15631334365591124     
   1.6160000476837801       -30.740855710649058       0.15621748481752223     
   1.6150000476837802       -30.738044658675523       0.15612162440669405     
   1.6140000476837804       -30.735235332203782       0.15602576242470007     
   1.6130000476837805       -30.732427731261811       0.15592989887286368     
   1.6120000476837806       -30.729621855877923       0.15583403375248411     
   1.6110000476837807       -30.726817706080244       0.15573816706486615     
   1.6100000476837808       -30.724015281896875       0.15564229881132605     
   1.6090000476837809       -30.721214583356495       0.15554642899313290     
   1.6080000476837810       -30.718415610486677       0.15545055761162130     
   1.6070000476837811       -30.715618363315805       0.15535468466808325     
   1.6060000476837812       -30.712822841871976       0.15525881016381129     
   1.6050000476837814       -30.710029046183251       0.15516293410011112     
   1.6040000476837815       -30.707236976277844       0.15506705647826571     
   1.6030000476837816       -30.704446632183462       0.15497117729960008     
   1.6020000476837817       -30.701658013928434       0.15487529656538732     
   1.6010000476837818       -30.698871121540542       0.15477941427694106     
   1.6000000476837819       -30.696085955047828       0.15468353043554400     
   1.5990000476837820       -30.693302514478184       0.15458764504249914     
   1.5980000476837821       -30.690520799859598       0.15449175809909560     
   1.5970000476837822       -30.687740811219914       0.15439586960662627     
   1.5960000476837823       -30.684962548587102       0.15429997956637814     
   1.5950000476837825       -30.682186011988822       0.15420408797965640     
   1.5940000476837826       -30.679411201453057       0.15410819484774274     
   1.5930000476837827       -30.676638117007524       0.15401230017193032     
   1.5920000476837828       -30.673866758680187       0.15391640395350020     
   1.5910000476837829       -30.671097126498495       0.15382050619375479     
   1.5900000476837830       -30.668329220490406       0.15372460689396850     
   1.5890000476837831       -30.665563040683629       0.15362870605543233     
   1.5880000476837832       -30.662798587105666       0.15353280367943495     
   1.5870000476837833       -30.660035859784379       0.15343689976725536     
   1.5860000476837834       -30.657274858747243       0.15334099432019085     
   1.5850000476837836       -30.654515584021965       0.15324508733951489     
   1.5840000476837837       -30.651758035636185       0.15314917882650952     
   1.5830000476837838       -30.649002213617404       0.15305326878245751     
   1.5820000476837839       -30.646248117993146       0.15295735720864417     
   1.5810000476837840       -30.643495748791032       0.15286144410634397     
   1.5800000476837841       -30.640745106038526       0.15276552947683891     
   1.5790000476837842       -30.637996189762962       0.15266961332141818     
   1.5780000476837843       -30.635248999992072       0.15257369564133949     
   1.5770000476837844       -30.632503536753060       0.15247777643789756     
   1.5760000476837845       -30.629759800073352       0.15238185571236312     
   1.5750000476837847       -30.627017789980435       0.15228593346601216     
   1.5740000476837848       -30.624277506501741       0.15219000970011132     
   1.5730000476837849       -30.621538949664362       0.15209408441594818     
   1.5720000476837850       -30.618802119495733       0.15199815761479304     
   1.5710000476837851       -30.616067016023216       0.15190222929790950     
   1.5700000476837852       -30.613333639274103       0.15180629946657603     
   1.5690000476837853       -30.610601989275487       0.15171036812206229     
   1.5680000476837854       -30.607872066054696       0.15161443526564006     
   1.5670000476837855       -30.605143869638905       0.15151850089857793     
   1.5660000476837856       -30.602417400055383       0.15142256502214202     
   1.5650000476837858       -30.599692657331079       0.15132662763760385     
   1.5640000476837859       -30.596969641493313       0.15123068874623058     
   1.5630000476837860       -30.594248352569181       0.15113474834927976     
   1.5620000476837861       -30.591528790585681       0.15103880644802825     
   1.5610000476837862       -30.588810955570015       0.15094286304373072     
   1.5600000476837863       -30.586094847549049       0.15084691813766435     
   1.5590000476837864       -30.583380466550011       0.15075097173107374     
   1.5580000476837865       -30.580667812599664       0.15065502382523707     
   1.5570000476837866       -30.577956885725150       0.15055907442140748     
   1.5560000476837867       -30.575247685953372       0.15046312352084931     
   1.5550000476837869       -30.572540213311303       0.15036717112481673     
   1.5540000476837870       -30.569834467825750       0.15027121723457670     
   1.5530000476837871       -30.567130449523667       0.15017526185138227     
   1.5520000476837872       -30.564428158431948       0.15007930497648780     
   1.5510000476837873       -30.561727594577377       0.14998334661115409     
   1.5500000476837874       -30.559028757986745       0.14988738675664093     
   1.5490000476837875       -30.556331648686893       0.14979142541419804     
   1.5480000476837876       -30.553636266704640       0.14969546258507732     
   1.5470000476837877       -30.550942612066702       0.14959949827053265     
   1.5460000476837878       -30.548250684799665       0.14950353218378906     
   1.5450000476837880       -30.545560484930430       0.14940756490218621     
   1.5440000476837881       -30.542872012485628       0.14931159613892842     
   1.5430000476837882       -30.540185267491839       0.14921562589525167     
   1.5420000476837883       -30.537500249975757       0.14911965400972185     
   1.5410000476837884       -30.534816959963990       0.14902368080897876     
   1.5400000476837885       -30.532135397483110       0.14892770603956215     
   1.5390000476837886       -30.533715458923467       0.14795523564985297     
   1.5380000476837887       -30.531053133315361       0.14785872235820069     
   1.5370000476837888       -30.528392544934313       0.14776221041908807     
   1.5360000476837889       -30.525733693756099       0.14766569981042327     
   1.5350000476837891       -30.523076579756705       0.14756919055790985     
   1.5340000476837892       -30.520421202911788       0.14747268262586846     
   1.5330000476837893       -30.517767563197438       0.14737617603989256     
   1.5320000476837894       -30.515115660589899       0.14727967077984566     
   1.5310000476837895       -30.512465495065236       0.14718316682544830     
   1.5300000476837896       -30.509817066599588       0.14708666420253447     
   1.5290000476837897       -30.507170375169423       0.14699016289108321     
   1.5280000476837898       -30.504525420751143       0.14689366287090400     
   1.5270000476837899       -30.501882203321436       0.14679716416805494     
   1.5260000476837901       -30.499240722856690       0.14670066674725610     
   1.5250000476837902       -30.496600979333778       0.14660417063447195     
   1.5240000476837903       -30.493962972729250       0.14650767580996979     
   1.5230000476837904       -30.491326703020235       0.14641118225379676     
   1.5220000476837905       -30.488692170183434       0.14631468999220257     
   1.5210000476837906       -30.486059374195953       0.14621819899015903     
   1.5200000476837907       -30.483428315034882       0.14612170927383381     
   1.5190000476837908       -30.480798992677361       0.14602522082371949     
   1.5180000476837909       -30.478171407100707       0.14592873362008546     
   1.5170000476837910       -30.475545558282164       0.14583224768939773     
   1.5160000476837912       -30.472921446199276       0.14573576299682209     
   1.5150000476837913       -30.470299070829341       0.14563927956876441     
   1.5140000476837914       -30.467678432150024       0.14554279737061146     
   1.5130000476837915       -30.465059530138955       0.14544631642871081     
   1.5120000476837916       -30.462442364773658       0.14534983672391144     
   1.5110000476837917       -30.459826936032204       0.14525335823678706     
   1.5100000476837918       -30.457213243892117       0.14515688099402815     
   1.5090000476837919       -30.454601288331581       0.14506040496113248     
   1.5080000476837920       -30.451991069328425       0.14496393016473996     
   1.5070000476837921       -30.449382586860750       0.14486745657054229     
   1.5060000476837923       -30.446775840906668       0.14477098420514822     
   1.5050000476837924       -30.444170831444332       0.14467451303442169     
   1.5040000476837925       -30.441567558452096       0.14457804308494657     
   1.5030000476837926       -30.438966021908136       0.14448157433797534     
   1.5020000476837927       -30.436366221790983       0.14438510677444225     
   1.5010000476837928       -30.433768158079058       0.14428864042131426     
