   1.8500000238418579       -35.751421671612114       0.24645150609946181     
   1.8490000238418580       -35.741846408813629       0.24647155766507345     
   1.8480000238418581       -35.732273048078220       0.24649161865501354     
   1.8470000238418582       -35.722701591573511       0.24651168758761294     
   1.8460000238418584       -35.713132041470274       0.24653176448164432     
   1.8450000238418585       -35.703564399942366       0.24655184935679886     
   1.8440000238418586       -35.693998669167193       0.24657194223276749     
   1.8430000238418587       -35.684434851325285       0.24659204312935598     
   1.8420000238418588       -35.674872948600729       0.24661215206639298     
   1.8410000238418589       -35.665312963179730       0.24663226906384084     
   1.8400000238418590       -35.655754897253829       0.24665239414158804     
   1.8390000238418591       -35.646198753015511       0.24667252731974029     
   1.8380000238418592       -35.636644532662338       0.24669266861834258     
   1.8370000238418593       -35.627092238394475       0.24671281805752635     
   1.8360000238418595       -35.617541872415039       0.24673297565753918     
   1.8350000238418596       -35.607993436930983       0.24675314143864446     
   1.8340000238418597       -35.598446934152477       0.24677331542114780     
   1.8330000238418598       -35.588902366292963       0.24679349762545819     
   1.8320000238418599       -35.579359735568687       0.24681368807203954     
   1.8310000238418600       -35.569819044200258       0.24683388678137952     
   1.8300000238418601       -35.560280294410639       0.24685409377406703     
   1.8290000238418602       -35.550743488427088       0.24687430907070906     
   1.8280000238418603       -35.541208628478827       0.24689453269206924     
   1.8270000238418604       -35.531675716799555       0.24691476465886492     
   1.8260000238418606       -35.522144755626172       0.24693500499192517     
   1.8250000238418607       -35.512615747198510       0.24695525371214691     
   1.8240000238418608       -35.503088693760169       0.24697551084046065     
   1.8230000238418609       -35.493563597557831       0.24699577639789327     
   1.8220000238418610       -35.484040460841555       0.24701605040552618     
   1.8210000238418611       -35.474519285865021       0.24703633288448451     
   1.8200000238418612       -35.465000074885232       0.24705662385597249     
   1.8190000238418613       -35.455482830162296       0.24707692334125783     
   1.8180000238418614       -35.445967553959861       0.24709723136168346     
   1.8170000238418615       -35.436454248545068       0.24711754793864302     
   1.8160000238418617       -35.426942916188615       0.24713787309356691     
   1.8150000238418618       -35.417433559163968       0.24715820684802242     
   1.8140000238418619       -35.407926179748735       0.24717854922356963     
   1.8130000238418620       -35.398420780223766       0.24719890024185581     
   1.8120000238418621       -35.388917362873052       0.24721925992461616     
   1.8110000238418622       -35.379415929984006       0.24723962829363455     
   1.8100000238418623       -35.369916483847881       0.24726000537074599     
   1.8090000238418624       -35.360419026758919       0.24728039117789372     
   1.8080000238418625       -35.350923561014973       0.24730078573705752     
   1.8070000238418626       -35.341430088918031       0.24732118907023390     
   1.8060000238418628       -35.331938612772007       0.24734160119960802     
   1.8050000238418629       -35.322449134885723       0.24736202214732181     
   1.8040000238418630       -35.312961657570881       0.24738245193562147     
   1.8030000238418631       -35.303476183142493       0.24740289058684223     
   1.8020000238418632       -35.293992713919309       0.24742333812335721     
   1.8010000238418633       -35.284511252223666       0.24744379456760368     
   1.8000000238418634       -35.275031800380916       0.24746425994213336     
   1.7990000238418635       -35.265554360720550       0.24748473426950543     
   1.7980000238418636       -35.256078935575097       0.24750521757237387     
   1.7970000238418637       -35.246605527280657       0.24752570987347111     
   1.7960000238418639       -35.237134138177005       0.24754621119558248     
   1.7950000238418640       -35.227664770607461       0.24756672156156759     
   1.7940000238418641       -35.218197426918437       0.24758724099436938     
   1.7930000238418642       -35.208732109460229       0.24760776951698757     
   1.7920000238418643       -35.199268820587029       0.24762830715245610     
   1.7910000238418644       -35.189807562655758       0.24764885392394001     
   1.7900000238418645       -35.180348338027372       0.24766940985465824     
   1.7890000238418646       -35.170891149066257       0.24768997496787840     
   1.7880000238418647       -35.161435998140675       0.24771054928692862     
   1.7870000238418648       -35.151982887621806       0.24773113283525194     
   1.7860000238418650       -35.142531819885122       0.24775172563632097     
   1.7850000238418651       -35.133082797309235       0.24777232771369442     
   1.7840000238418652       -35.123635822275929       0.24779293909105038     
   1.7830000238418653       -35.114190897171838       0.24781355979202629     
   1.7820000238418654       -35.104748024385827       0.24783418984044081     
   1.7810000238418655       -35.095307206311290       0.24785482926012703     
   1.7800000238418656       -35.085868445344602       0.24787547807500290     
   1.7790000238418657       -35.076431743886054       0.24789613630908588     
   1.7780000238418658       -35.066997104339805       0.24791680398639621     
   1.7770000238418659       -35.057564529113030       0.24793748113111200     
   1.7760000238418661       -35.048134020617006       0.24795816776741544     
   1.7750000238418662       -35.038705581266413       0.24797886391960752     
   1.7740000238418663       -35.029279213479924       0.24799956961202108     
   1.7730000238418664       -35.019854919679048       0.24802028486912045     
   1.7720000238418665       -35.010432702289940       0.24804100971539592     
   1.7710000238418666       -35.001012563741526       0.24806174417543816     
   1.7700000238418667       -34.991594506466996       0.24808248827389015     
   1.7690000238418668       -34.982178532902942       0.24810324203549217     
   1.7680000238418669       -34.972764645489868       0.24812400548502916     
   1.7670000238418671       -34.963352846671960       0.24814477864737070     
   1.7660000238418672       -34.953943138896257       0.24816556154752137     
   1.7650000238418673       -34.944535524614601       0.24818635421046892     
   1.7640000238418674       -34.935130006282201       0.24820715666133036     
   1.7630000238418675       -34.925726586357271       0.24822796892530827     
   1.7620000238418676       -34.916325267302696       0.24824879102764136     
   1.7610000238418677       -34.906926051584605       0.24826962299366809     
   1.7600000238418678       -34.897528941673130       0.24829046484879053     
   1.7590000238418679       -34.888133940041378       0.24831131661853745     
   1.7580000238418680       -34.878741049167139       0.24833217832844101     
   1.7570000238418682       -34.869350271531459       0.24835305000415403     
   1.7560000238418683       -34.859961609619099       0.24837393167139751     
   1.7550000238418684       -34.850575065918392       0.24839482335600607     
   1.7540000238418685       -34.841190642922427       0.24841572508379636     
   1.7530000238418686       -34.831808343126561       0.24843663688078013     
   1.7520000238418687       -34.822428169031042       0.24845755877297052     
   1.7510000238418688       -34.813050123139149       0.24847849078650908     
   1.7500000238418689       -34.803674207958672       0.24849943294756752     
   1.7490000238418690       -34.794300426000703       0.24852038528241704     
   1.7480000238418691       -34.784928779779982       0.24854134781745538     
   1.7470000238418693       -34.775559271815645       0.24856232057907274     
   1.7460000238418694       -34.766191904630297       0.24858330359378916     
   1.7450000238418695       -34.756826680749889       0.24860429688823921     
   1.7440000238418696       -34.747463602704663       0.24862530048907827     
   1.7430000238418697       -34.738102673029324       0.24864631442304022     
   1.7420000238418698       -34.728743894260816       0.24866733871701260     
   1.7410000238418699       -34.719387268941077       0.24868837339791672     
   1.7400000238418700       -34.710032799616179       0.24870941849270059     
   1.7390000238418701       -34.700680488834635       0.24873047402852233     
   1.7380000238418702       -34.691330339150298       0.24875154003249447     
   1.7370000238418704       -34.681982353119608       0.24877261653191152     
   1.7360000238418705       -34.672636533303972       0.24879370355408462     
   1.7350000238418706       -34.663292882267868       0.24881480112644450     
   1.7340000238418707       -34.653951402579928       0.24883590927650281     
   1.7330000238418708       -34.644612096812743       0.24885702803182566     
   1.7320000238418709       -34.635274967542777       0.24887815742009256     
   1.7310000238418710       -34.625940017350047       0.24889929746907871     
   1.7300000238418711       -34.616607248819051       0.24892044820659492     
   1.7290000238418712       -34.607276664537771       0.24894160966057433     
   1.7280000238418713       -34.597948267098033       0.24896278185903467     
   1.7270000238418715       -34.588622059095847       0.24898396483007579     
   1.7260000238418716       -34.579298043131146       0.24900515860186209     
   1.7250000238418717       -34.569976221807543       0.24902636320267676     
   1.7240000238418718       -34.560656597732731       0.24904757866085495     
   1.7230000238418719       -34.551339173518009       0.24906880500489104     
   1.7220000238418720       -34.542023951779456       0.24909004226324882     
   1.7210000238418721       -34.532710935136166       0.24911129046458078     
   1.7200000238418722       -34.523400126211840       0.24913254963757250     
   1.7190000238418723       -34.514091527633802       0.24915381981102058     
   1.7180000238418724       -34.504785142033327       0.24917510101381271     
   1.7170000238418726       -34.495480972045875       0.24919639327490772     
   1.7160000238418727       -34.486179020310594       0.24921769662337587     
   1.7150000238418728       -34.476879289471306       0.24923901108831345     
   1.7140000238418729       -34.467581782174641       0.24926033669902031     
   1.7130000238418730       -34.458286501072443       0.24928167348476579     
   1.7120000238418731       -34.448993448819692       0.24930302147499298     
   1.7110000238418732       -34.439702628075686       0.24932438069920496     
   1.7100000238418733       -34.430414041504079       0.24934575118697661     
   1.7090000238418734       -34.421127691771922       0.24936713296800558     
   1.7080000238418735       -34.411843581550563       0.24938852607207884     
   1.7070000238418737       -34.402561713515375       0.24940993052905391     
   1.7060000238418738       -34.393282090346155       0.24943134636886871     
   1.7050000238418739       -34.384004714726224       0.24945277362158558     
   1.7040000238418740       -34.374729589342763       0.24947421231737513     
   1.7030000238418741       -34.365456716888048       0.24949566248642144     
   1.7020000238418742       -34.356186100057151       0.24951712415908775     
   1.7010000238418743       -34.346917741550051       0.24953859736578604     
   1.7000000238418744       -34.337651644070434       0.24956008213702668     
   1.6990000238418745       -34.328387810326376       0.24958157850341989     
   1.6980000238418747       -34.319126243029643       0.24960308649567420     
   1.6970000238418748       -34.309866944896349       0.24962460614457965     
   1.6960000238418749       -34.300609918646927       0.24964613748100362     
   1.6950000238418750       -34.291355167005300       0.24966768053596133     
   1.6940000238418751       -34.282102692700008       0.24968923534052415     
   1.6930000238418752       -34.272852498463571       0.24971080192587142     
   1.6920000238418753       -34.263604587032482       0.24973238032326506     
   1.6910000238418754       -34.254358961147908       0.24975397056406454     
   1.6900000238418755       -34.245115623553858       0.24977557267979028     
   1.6890000238418756       -34.235874577000367       0.24979718670192572     
   1.6880000238418758       -34.226635824240176       0.24981881266216810     
   1.6870000238418759       -34.217399368030442       0.24984045059227944     
   1.6860000238418760       -34.208165211133036       0.24986210052409202     
   1.6850000238418761       -34.198933356313361       0.24988376248957433     
   1.6840000238418762       -34.189703806341377       0.24990543652075825     
   1.6830000238418763       -34.180476563990887       0.24992712264982730     
   1.6820000238418764       -34.171251632040608       0.24994882090897283     
   1.6810000238418765       -34.162029013272416       0.24997053133058619     
   1.6800000238418766       -34.152808710473188       0.24999225394709346     
   1.6790000238418767       -34.143590726433743       0.25001398879103193     
   1.6780000238418769       -34.134375063948717       0.25003573589508743     
   1.6770000238418770       -34.125161725817840       0.25005749529195659     
   1.6760000238418771       -34.115950714844224       0.25007926701452404     
   1.6750000238418772       -34.106742033835694       0.25010105109571529     
   1.6740000238418773       -34.097535685603908       0.25012284756860786     
   1.6730000238418774       -34.088331672965381       0.25014465646632922     
   1.6720000238418775       -34.079129998740363       0.25016647782213808     
   1.6710000238418776       -34.069930665753382       0.25018831166939959     
   1.6700000238418777       -34.060733676833557       0.25021015804156432     
   1.6690000238418778       -34.051539034814141       0.25023201697218739     
   1.6680000238418780       -34.042346742532082       0.25025388849496755     
   1.6670000238418781       -34.033156802829275       0.25027577264367268     
   1.6660000238418782       -34.023969218552409       0.25029766945212140     
   1.6650000238418783       -34.014783992550910       0.25031957895436791     
   1.6640000238418784       -34.005601127679981       0.25034150118444010     
   1.6630000238418785       -33.996420626797914       0.25036343617656831     
   1.6620000238418786       -33.987242492768374       0.25038538396503252     
   1.6610000238418787       -33.978066728458820       0.25040734458422165     
   1.6600000238418788       -33.968893336740962       0.25042931806866653     
   1.6590000238418789       -33.959722320491196       0.25045130445296082     
   1.6580000238418791       -33.950553682589863       0.25047330377181898     
   1.6570000238418792       -33.941387425921825       0.25049531606010417     
   1.6560000238418793       -33.932223553376183       0.25051734135274750     
   1.6550000238418794       -33.923062067846573       0.25053937968476425     
   1.6540000238418795       -33.913902972230893       0.25056143109132806     
   1.6530000238418796       -33.904746269431563       0.25058349560768861     
   1.6520000238418797       -33.895591962354700       0.25060557326925892     
   1.6510000238418798       -33.886440053912189       0.25062766411144399     
   1.6500000238418799       -33.877290547018752       0.25064976816988355     
   1.6490000238418800       -33.868143444594189       0.25067188548028624     
   1.6480000238418802       -33.858998749562751       0.25069401607846120     
   1.6470000238418803       -33.849856464853069       0.25071616000030689     
   1.6460000238418804       -33.840716593398348       0.25073831728186541     
   1.6450000238418805       -33.831579138135695       0.25076048795929612     
   1.6440000238418806       -33.822444102007253       0.25078267206881855     
   1.6430000238418807       -33.813311487958721       0.25080486964686277     
   1.6420000238418808       -33.804181298941508       0.25082708072984056     
   1.6410000238418809       -33.795053537910242       0.25084930535439409     
   1.6400000238418810       -33.785928207824490       0.25087154355723756     
   1.6390000238418811       -33.776805311648459       0.25089379537516021     
   1.6380000238418813       -33.767684852350449       0.25091606084514317     
   1.6370000238418814       -33.758566832903703       0.25093834000418686     
   1.6360000238418815       -33.749451256285369       0.25096063288948600     
   1.6350000238418816       -33.740338125477329       0.25098293953833023     
   1.6340000238418817       -33.731227443465954       0.25100525998811463     
   1.6330000238418818       -33.722119213242394       0.25102759427632254     
   1.6320000238418819       -33.713013437801415       0.25104994244064927     
   1.6310000238418820       -33.703910120143725       0.25107230451875462     
   1.6300000238418821       -33.694809263272681       0.25109468054858902     
   1.6290000238418822       -33.685710870198008       0.25111707056808258     
   1.6280000238418824       -33.676614943932748       0.25113947461533459     
   1.6270000238418825       -33.667521487494660       0.25116189272860895     
   1.6260000238418826       -33.658430503906544       0.25118432494619264     
   1.6250000238418827       -33.649341996195183       0.25120677130656943     
   1.6240000238418828       -33.640255967392186       0.25122923184830853     
   1.6230000238418829       -33.631172420533467       0.25125170661012458     
   1.6220000238418830       -33.622091358659979       0.25127419563080050     
   1.6210000238418831       -33.613012784816611       0.25129669894930690     
   1.6200000238418832       -33.603936702053353       0.25131921660468115     
   1.6190000238418834       -33.594863113424609       0.25134174863610970     
   1.6180000238418835       -33.585792021988929       0.25136429508291208     
   1.6170000238418836       -33.576723430810333       0.25138685598448296     
   1.6160000238418837       -33.567657342956416       0.25140943138041699     
   1.6150000238418838       -33.558593761500447       0.25143202131032388     
   1.6140000238418839       -33.549532689519332       0.25145462581405109     
   1.6130000238418840       -33.540474130095191       0.25147724493147666     
   1.6120000238418841       -33.531418086314588       0.25149987870267621     
   1.6110000238418842       -33.522364561268439       0.25152252716782242     
   1.6100000238418843       -33.513313558053049       0.25154519036716105     
   1.6090000238418845       -33.504265079768487       0.25156786834115802     
   1.6080000238418846       -33.495219129519825       0.25159056113034756     
   1.6070000238418847       -33.486175710416923       0.25161326877540507     
   1.6060000238418848       -33.477134825574183       0.25163599131710679     
   1.6050000238418849       -33.468096478110738       0.25165872879639450     
   1.6040000238418850       -33.459060671150176       0.25168148125432155     
   1.6030000238418851       -33.450027407820926       0.25170424873206937     
   1.6020000238418852       -33.440996691256132       0.25172703127095386     
   1.6010000238418853       -33.431968524593579       0.25174982891239667     
