   1.5000000000000000       -29.595623715317423       0.13157048105364202     
   1.5009999999999999       -29.597993004169187       0.13168383408834194     
   1.5019999999999998       -29.600364333532792       0.13179720454805574     
   1.5029999999999997       -29.602737703721594       0.13191059236706537     
   1.5039999999999996       -29.605113115047196       0.13202399744587232     
   1.5049999999999994       -29.607490567819220       0.13213741968493353     
   1.5059999999999993       -29.609870062345827       0.13225085898462019     
   1.5069999999999992       -29.612251598933160       0.13236431524523121     
   1.5079999999999991       -29.614635177885706       0.13247778836705754     
   1.5089999999999990       -29.617020799505887       0.13259127825027589     
   1.5099999999999989       -29.619408464094676       0.13270478521049311     
   1.5109999999999988       -29.621798171951056       0.13281830832152300     
   1.5119999999999987       -29.624189923372164       0.13293184789427240     
   1.5129999999999986       -29.626583718653471       0.13304540382875846     
   1.5139999999999985       -29.628979558088709       0.13315897602491530     
   1.5149999999999983       -29.631377441969512       0.13327256438266877     
   1.5159999999999982       -29.633777370585982       0.13338616880188017     
   1.5169999999999981       -29.636179344226271       0.13349978918233704     
   1.5179999999999980       -29.638583363176849       0.13361342542381319     
   1.5189999999999979       -29.640989427722285       0.13372707742605469     
   1.5199999999999978       -29.643397538145436       0.13384074508871530     
   1.5209999999999977       -29.645807694727146       0.13395442831148963     
   1.5219999999999976       -29.648219897746824       0.13406812699394741     
   1.5229999999999975       -29.650634147481689       0.13418184103569952     
   1.5239999999999974       -29.653050444207210       0.13429557033628312     
   1.5249999999999972       -29.655468788197375       0.13440931479519946     
   1.5259999999999971       -29.657889179723981       0.13452307431193702     
   1.5269999999999970       -29.660311619057325       0.13463684919884333     
   1.5279999999999969       -29.662736106465566       0.13475063853401739     
   1.5289999999999968       -29.665162642215321       0.13486444262528835     
   1.5299999999999967       -29.667591226571208       0.13497826137205962     
   1.5309999999999966       -29.670021859796318       0.13509209467368638     
   1.5319999999999965       -29.672454542151542       0.13520594242951292     
   1.5329999999999964       -29.674889273896319       0.13531980453884115     
   1.5339999999999963       -29.677326055287889       0.13543368090095428     
   1.5349999999999961       -29.679764886582156       0.13554757141512119     
   1.5359999999999960       -29.682205768032755       0.13566147598061729     
   1.5369999999999959       -29.684648699891799       0.13577539449667975     
   1.5379999999999958       -29.687093682409518       0.13588932686253086     
   1.5389999999999957       -29.689540715834241       0.13600327297740164     
   1.5399999999999956       -29.691989800412589       0.13611723274049700     
   1.5409999999999955       -29.694440936389306       0.13623120646538223     
   1.5419999999999954       -29.696894124007390       0.13634519322713876     
   1.5429999999999953       -29.699349363507977       0.13645919333471332     
   1.5439999999999952       -29.701806655130333       0.13657320668734119     
   1.5449999999999950       -29.704265999112053       0.13668723318420456     
   1.5459999999999949       -29.706727395688702       0.13680127272448794     
   1.5469999999999948       -29.709190845094291       0.13691532520737612     
   1.5479999999999947       -29.711656347560851       0.13702939053205643     
   1.5489999999999946       -29.714123903318594       0.13714346859773846     
   1.5499999999999945       -29.716593512595907       0.13725755930359712     
   1.5509999999999944       -29.719065175619583       0.13737166254885363     
   1.5519999999999943       -29.721538892614298       0.13748577823272148     
   1.5529999999999942       -29.724014663803054       0.13759990625443935     
   1.5539999999999941       -29.726492489407022       0.13771404651322502     
   1.5549999999999939       -29.728972369645721       0.13782819890834161     
   1.5559999999999938       -29.731454304736459       0.13794236333904972     
   1.5569999999999937       -29.733938294895150       0.13805653970463402     
   1.5579999999999936       -29.736424340335688       0.13817072831703861     
   1.5589999999999935       -29.738912441270184       0.13828492825471261     
   1.5599999999999934       -29.741402597908895       0.13839913982523785     
   1.5609999999999933       -29.743894810460365       0.13851336292799485     
   1.5619999999999932       -29.746389079131273       0.13862759746237988     
   1.5629999999999931       -29.748885404126455       0.13874184332782233     
   1.5639999999999930       -29.751383785648976       0.13885610042374566     
   1.5649999999999928       -29.753884223900059       0.13897036864962831     
   1.5659999999999927       -29.756386719079316       0.13908464790496200     
   1.5669999999999926       -29.758891271384154       0.13919893808928596     
   1.5679999999999925       -29.761397881010538       0.13931323910217275     
   1.5689999999999924       -29.763906548152441       0.13942755084321157     
   1.5699999999999923       -29.766417273002027       0.13954187362225065     
   1.5709999999999922       -29.768930055749795       0.13965620652313243     
   1.5719999999999921       -29.771444896584264       0.13977054985122045     
   1.5729999999999920       -29.773961795692301       0.13988490350627864     
   1.5739999999999919       -29.776480753258774       0.13999926738812304     
   1.5749999999999917       -29.779001769466962       0.14011364139660973     
   1.5759999999999916       -29.781524844498303       0.14022802543158053     
   1.5769999999999915       -29.784049978532281       0.14034241939301220     
   1.5779999999999914       -29.786577171746661       0.14045682318088953     
   1.5789999999999913       -29.789106424317470       0.14057123669522026     
   1.5799999999999912       -29.791637736418963       0.14068565983610604     
   1.5809999999999911       -29.794171108223406       0.14080009250367825     
   1.5819999999999910       -29.796706539901436       0.14091453459814654     
   1.5829999999999909       -29.799244031621861       0.14102898601974567     
   1.5839999999999907       -29.801783583551671       0.14114344666878800     
   1.5849999999999906       -29.804325195856009       0.14125791644563460     
   1.5859999999999905       -29.806868868698380       0.14137239525072240     
   1.5869999999999904       -29.809414602240356       0.14148688298453085     
   1.5879999999999903       -29.811962396641796       0.14160137995987596     
   1.5889999999999902       -29.814512252060624       0.14171588525723403     
   1.5899999999999901       -29.817064168653303       0.14183039918516804     
   1.5909999999999900       -29.819618146574101       0.14194492164447317     
   1.5919999999999899       -29.822174185975783       0.14205945253597640     
   1.5929999999999898       -29.824732287009240       0.14217399176057832     
   1.5939999999999896       -29.827292449823553       0.14228853921923970     
   1.5949999999999895       -29.829854674566072       0.14240309481299473     
   1.5959999999999894       -29.832418961382373       0.14251765844297692     
   1.5969999999999893       -29.834985310416137       0.14263223001037800     
   1.5979999999999892       -29.837553721809442       0.14274680941646209     
   1.5989999999999891       -29.840124195702508       0.14286139697438840     
   1.5999999999999890       -29.842696732233730       0.14297599176662990     
   1.6009999999999889       -29.845271331539816       0.14309059410186414     
   1.6019999999999888       -29.847847993755515       0.14320520388175662     
   1.6029999999999887       -29.850426719014202       0.14331982100796725     
   1.6039999999999885       -29.853007507446950       0.14343444538229511     
   1.6049999999999884       -29.855590359183630       0.14354907690659358     
   1.6059999999999883       -29.858175274351886       0.14366371548281498     
   1.6069999999999882       -29.860762253077823       0.14377836101302222     
   1.6079999999999881       -29.863351295485714       0.14389301339934232     
   1.6089999999999880       -29.865942401698177       0.14400767254401409     
   1.6099999999999879       -29.868535571835892       0.14412233834937341     
   1.6109999999999878       -29.871130806017941       0.14423701071785022     
   1.6119999999999877       -29.873728104361557       0.14435168955196084     
   1.6129999999999876       -29.876327466982275       0.14446637475433965     
   1.6139999999999874       -29.878928893993795       0.14458106622771830     
   1.6149999999999873       -29.881532385508187       0.14469576387493305     
   1.6159999999999872       -29.884137941635785       0.14481046800595035     
   1.6169999999999871       -29.886745562484943       0.14492517771400182     
   1.6179999999999870       -29.889355248162499       0.14503989330500847     
   1.6189999999999869       -29.891966998773533       0.14515461468226989     
   1.6199999999999868       -29.894580814421296       0.14526934174915909     
   1.6209999999999867       -29.897196695207327       0.14538407440914700     
   1.6219999999999866       -29.899814641231419       0.14549881256587061     
   1.6229999999999865       -29.902434652591708       0.14561355612299431     
   1.6239999999999863       -29.905056729384558       0.14572830498435760     
   1.6249999999999862       -29.907680871704518       0.14584305905390862     
   1.6259999999999861       -29.910307079644472       0.14595781864566984     
   1.6269999999999860       -29.912935353295666       0.14607258284856051     
   1.6279999999999859       -29.915565692747499       0.14618735197219734     
   1.6289999999999858       -29.918198098087636       0.14630212592102598     
   1.6299999999999857       -29.920832569402194       0.14641690459960430     
   1.6309999999999856       -29.923469106775364       0.14653168791260610     
   1.6319999999999855       -29.926107710289735       0.14664647576483320     
   1.6329999999999854       -29.928748380026232       0.14676126806120515     
   1.6339999999999852       -29.931391116063935       0.14687606470679554     
   1.6349999999999851       -29.934035918480191       0.14699086560679361     
   1.6359999999999850       -29.936682787350890       0.14710567066651301     
   1.6369999999999849       -29.939331722750023       0.14722047979139991     
   1.6379999999999848       -29.941982724749884       0.14733529288704675     
   1.6389999999999847       -29.944635793421121       0.14745010985917978     
   1.6399999999999846       -29.947290928832690       0.14756493061366546     
   1.6409999999999845       -29.949948131051812       0.14767975505650227     
   1.6419999999999844       -29.952607400144021       0.14779458309381105     
   1.6429999999999843       -29.955268736173245       0.14790941463188045     
   1.6439999999999841       -29.957932139201539       0.14802424998218147     
   1.6449999999999840       -29.960597609289557       0.14813908824534644     
   1.6459999999999839       -29.963265146496006       0.14825392972895385     
   1.6469999999999838       -29.965934750878066       0.14836877433990764     
   1.6479999999999837       -29.968606422491206       0.14848362198522130     
   1.6489999999999836       -29.971280161389160       0.14859847257203418     
   1.6499999999999835       -29.973955967624079       0.14871332600764153     
   1.6509999999999834       -29.976633841246418       0.14882818219951521     
   1.6519999999999833       -29.979313782305020       0.14894304105523887     
   1.6529999999999831       -29.981995790846913       0.14905790289646431     
   1.6539999999999830       -29.984679866917588       0.14917276680812647     
   1.6549999999999829       -29.987366010560933       0.14928763310738657     
   1.6559999999999828       -29.990054221819008       0.14940250170251648     
   1.6569999999999827       -29.992744500732389       0.14951737250189309     
   1.6579999999999826       -29.995436847339846       0.14963224541408032     
   1.6589999999999825       -29.998131261678704       0.14974712034776111     
   1.6599999999999824       -30.000827743784512       0.14986199721180418     
   1.6609999999999823       -30.003526293691110       0.14997687591522996     
   1.6619999999999822       -30.006226911430900       0.15009175636724770     
   1.6629999999999820       -30.008929597034509       0.15020663847719207     
   1.6639999999999819       -30.011634350531018       0.15032152215459327     
   1.6649999999999818       -30.014341171947777       0.15043640730913857     
   1.6659999999999817       -30.017050061310549       0.15055129385069599     
   1.6669999999999816       -30.019761018643578       0.15066618168926749     
   1.6679999999999815       -30.022474043969375       0.15078107073507235     
   1.6689999999999814       -30.025189137308793       0.15089596089847576     
   1.6699999999999813       -30.027906298681287       0.15101085209000367     
   1.6709999999999812       -30.030625528104494       0.15112574462180142     
   1.6719999999999811       -30.033346825594467       0.15124063760594911     
   1.6729999999999809       -30.036070191165816       0.15135553135086821     
   1.6739999999999808       -30.038795624831373       0.15147042576787387     
   1.6749999999999807       -30.041523126602499       0.15158532076836911     
   1.6759999999999806       -30.044252696488854       0.15170021626396479     
   1.6769999999999805       -30.046984334498553       0.15181511216643984     
   1.6779999999999804       -30.049718040638183       0.15193000880209656     
   1.6789999999999803       -30.052453814912724       0.15204490525929693     
   1.6799999999999802       -30.055191657325416       0.15215980185980260     
   1.6809999999999801       -30.057931567878228       0.15227469851619257     
   1.6819999999999800       -30.060673546571302       0.15238959514115899     
   1.6829999999999798       -30.063417593403258       0.15250449164758820     
   1.6839999999999797       -30.066163708371263       0.15261938794853391     
   1.6849999999999796       -30.068911891470812       0.15273428395728064     
   1.6859999999999795       -30.071662142695896       0.15284917958726163     
   1.6869999999999794       -30.074414462038902       0.15296407475211282     
   1.6879999999999793       -30.077168849490640       0.15307896936568577     
   1.6889999999999792       -30.079925305040508       0.15319386334195567     
   1.6899999999999791       -30.082683828676252       0.15330875659517162     
   1.6909999999999790       -30.085444420384022       0.15342364903973804     
   1.6919999999999789       -30.088207080148599       0.15353854059024741     
   1.6929999999999787       -30.090971807953046       0.15365343116150482     
   1.6939999999999786       -30.093738603779062       0.15376832066849724     
   1.6949999999999785       -30.096507467606646       0.15388320941459777     
   1.6959999999999784       -30.099278399414413       0.15399809654262236     
   1.6969999999999783       -30.102051399179366       0.15411298235252768     
   1.6979999999999782       -30.104826466877100       0.15422786676015066     
   1.6989999999999781       -30.107603602481582       0.15434274968147418     
   1.6999999999999780       -30.110382805965322       0.15445763103270382     
   1.7009999999999779       -30.113164077299274       0.15457251073023187     
   1.7019999999999778       -30.115947416452983       0.15468738910677099     
   1.7029999999999776       -30.118732823394414       0.15480226525191779     
   1.7039999999999775       -30.121520298090033       0.15491713949379021     
   1.7049999999999774       -30.124309840504864       0.15503201174962372     
   1.7059999999999773       -30.127101450602446       0.15514688193686016     
   1.7069999999999772       -30.129895128344810       0.15526174997312447     
   1.7079999999999771       -30.132690873692454       0.15537661577624612     
   1.7089999999999770       -30.135488686604553       0.15549147926425783     
   1.7099999999999769       -30.138288567038575       0.15560634035543397     
   1.7109999999999768       -30.141090514950754       0.15572119896823494     
   1.7119999999999767       -30.143894530295704       0.15583605502132419     
   1.7129999999999765       -30.146700613026606       0.15595090843360865     
   1.7139999999999764       -30.149508763095270       0.15606575912417198     
   1.7149999999999763       -30.152318980451941       0.15618060701233094     
   1.7159999999999762       -30.155131265045469       0.15629545238396450     
   1.7169999999999761       -30.157945616823262       0.15641029442958981     
   1.7179999999999760       -30.160762035731235       0.15652513343199845     
   1.7189999999999759       -30.163580521713911       0.15663996931144408     
   1.7199999999999758       -30.166401074714429       0.15675480198827399     
   1.7209999999999757       -30.169223694674304       0.15686963138313265     
   1.7219999999999756       -30.172048381533905       0.15698445741682995     
   1.7229999999999754       -30.174875135231925       0.15709928001041812     
   1.7239999999999753       -30.177703955705766       0.15721409908514955     
   1.7249999999999752       -30.180534842891397       0.15732891498185056     
   1.7259999999999751       -30.183367796723417       0.15744372678879959     
   1.7269999999999750       -30.186202817134934       0.15755853484202947     
   1.7279999999999749       -30.189039904057609       0.15767333906374614     
   1.7289999999999748       -30.191879057421879       0.15778813937631439     
   1.7299999999999747       -30.194720277156655       0.15790293570233441     
   1.7309999999999746       -30.197563563189476       0.15801772796461799     
   1.7319999999999744       -30.200408915446552       0.15813251608621895     
   1.7329999999999743       -30.203256333852575       0.15824729999038739     
   1.7339999999999742       -30.206105818331164       0.15836207960062090     
   1.7349999999999741       -30.208957368804107       0.15847685484065754     
   1.7359999999999740       -30.211810985192159       0.15859162597816026     
   1.7369999999999739       -30.214666667414669       0.15870639225295788     
   1.7379999999999738       -30.217524415389427       0.15882115393000934     
   1.7389999999999737       -30.220384229033101       0.15893591093400605     
   1.7399999999999736       -30.223246108260934       0.15905066318978392     
   1.7409999999999735       -30.226110052986776       0.15916541062243911     
   1.7419999999999733       -30.228976063123035       0.15928015315729227     
   1.7429999999999732       -30.231844138581021       0.15939489071986379     
   1.7439999999999731       -30.234714279270509       0.15950962323593523     
   1.7449999999999730       -30.237586485100071       0.15962435063151328     
   1.7459999999999729       -30.240460755976802       0.15973907283282920     
   1.7469999999999728       -30.243337091806481       0.15985379019054380     
   1.7479999999999727       -30.246215492493889       0.15996850178844607     
   1.7489999999999726       -30.249095957942021       0.16008320797222222     
   1.7499999999999725       -30.251978488052842       0.16019790866905462     
   1.7509999999999724       -30.254863082726899       0.16031260380635409     
   1.7519999999999722       -30.257749741863513       0.16042729331175709     
   1.7529999999999721       -30.260638465360721       0.16054197711309889     
   1.7539999999999720       -30.263529253115138       0.16065665513851365     
   1.7549999999999719       -30.266422105022166       0.16077132763661714     
   1.7559999999999718       -30.269317020975937       0.16088599389815622     
   1.7569999999999717       -30.272214000869216       0.16100065416940584     
   1.7579999999999716       -30.275113044593603       0.16111530837946988     
   1.7589999999999715       -30.278014152039407       0.16122995645759916     
   1.7599999999999714       -30.280917323095544       0.16134459833331441     
   1.7609999999999713       -30.283822557649799       0.16145923393636272     
   1.7619999999999711       -30.286729855588597       0.16157386319673608     
   1.7629999999999710       -30.289639216797170       0.16168848604465180     
   1.7639999999999709       -30.292550641159494       0.16180310241055634     
   1.7649999999999708       -30.295464128558297       0.16191771222515003     
   1.7659999999999707       -30.298379678875008       0.16203231541937060     
   1.7669999999999706       -30.301297291989808       0.16214691234957990     
   1.7679999999999705       -30.304216967781706       0.16226150210254095     
   1.7689999999999704       -30.307138706128519       0.16237608502939382     
   1.7699999999999703       -30.310062506906704       0.16249066106207521     
   1.7709999999999702       -30.312988369991615       0.16260523013270420     
   1.7719999999999700       -30.315916295257246       0.16271979217367349     
   1.7729999999999699       -30.318846282576594       0.16283434741360117     
   1.7739999999999698       -30.321778331821221       0.16294889519566455     
   1.7749999999999697       -30.324712442861546       0.16306343574654891     
   1.7759999999999696       -30.327648615566886       0.16317796899962003     
   1.7769999999999695       -30.330586849805307       0.16329249488843581     
   1.7779999999999694       -30.333527145443618       0.16340701334681348     
   1.7789999999999693       -30.336469502347470       0.16352152430879319     
   1.7799999999999692       -30.339413920381407       0.16363602770867441     
   1.7809999999999691       -30.342360399408655       0.16375052348096550     
   1.7819999999999689       -30.345308939291421       0.16386501156044220     
   1.7829999999999688       -30.348259539890538       0.16397949188212538     
   1.7839999999999687       -30.351212201065909       0.16409396438125967     
   1.7849999999999686       -30.354166922676164       0.16420842899332497     
   1.7859999999999685       -30.357123704578601       0.16432288565407424     
   1.7869999999999684       -30.360082546629762       0.16443733473281627     
   1.7879999999999683       -30.363043448684635       0.16455177530518106     
   1.7889999999999682       -30.366006410597276       0.16466620773491505     
   1.7899999999999681       -30.368971432220611       0.16478063195876227     
   1.7909999999999680       -30.371938513406281       0.16489504818664488     
   1.7919999999999678       -30.374907654004904       0.16500945581178059     
   1.7929999999999677       -30.377878853866044       0.16512385504252347     
   1.7939999999999676       -30.380852112837989       0.16523824581657445     
   1.7949999999999675       -30.383827430767951       0.16535262807186768     
   1.7959999999999674       -30.386804807501989       0.16546700174653764     
   1.7969999999999673       -30.389784242885277       0.16558136677897087     
   1.7979999999999672       -30.392765736761554       0.16569572310780453     
   1.7989999999999671       -30.395749288973718       0.16581007067191134     
   1.7999999999999670       -30.398734899363394       0.16592440941040543     
   1.8009999999999668       -30.401722567771159       0.16603873926265489     
   1.8019999999999667       -30.404712294036592       0.16615306016823850     
   1.8029999999999666       -30.407704077998147       0.16626737206701769     
   1.8039999999999665       -30.410697919493071       0.16638167489906175     
   1.8049999999999664       -30.413693818357743       0.16649596860469096     
   1.8059999999999663       -30.416691774427221       0.16661025356784107     
   1.8069999999999662       -30.419691787535815       0.16672452884913802     
   1.8079999999999661       -30.422693857516435       0.16683879507504390     
   1.8089999999999660       -30.425697984201186       0.16695305169135743     
   1.8099999999999659       -30.428704167420971       0.16706729888653110     
   1.8109999999999657       -30.431712407005726       0.16718153660239013     
   1.8119999999999656       -30.434722702784320       0.16729576478094504     
   1.8129999999999655       -30.437735054584515       0.16740998336443985     
   1.8139999999999654       -30.440749462233157       0.16752419229535326     
   1.8149999999999653       -30.443765925555930       0.16763839151645243     
   1.8159999999999652       -30.446784444377585       0.16775258097068399     
   1.8169999999999651       -30.449805018521825       0.16786676060125991     
   1.8179999999999650       -30.452827647811276       0.16798093035163911     
   1.8189999999999649       -30.455852332067742       0.16809509016550550     
   1.8199999999999648       -30.458879071111653       0.16820923998680348     
   1.8209999999999646       -30.461907864762786       0.16832337975969039     
   1.8219999999999645       -30.464938712839761       0.16843750942858027     
   1.8229999999999644       -30.467971615160266       0.16855162893810957     
   1.8239999999999643       -30.471006571540777       0.16866573891116321     
   1.8249999999999642       -30.474043581797126       0.16877983794503137     
   1.8259999999999641       -30.477082645743863       0.16889392665492325     
   1.8269999999999640       -30.480123763194790       0.16900800498653490     
   1.8279999999999639       -30.483166933962544       0.16912207288569267     
   1.8289999999999638       -30.486212157858816       0.16923613029848536     
   1.8299999999999637       -30.489259434694564       0.16935017717122711     
   1.8309999999999635       -30.492308764279414       0.16946421345046650     
   1.8319999999999634       -30.495360146422264       0.16957823908300426     
   1.8329999999999633       -30.498413580930979       0.16969225401584609     
   1.8339999999999632       -30.501469067612575       0.16980625819627054     
   1.8349999999999631       -30.504526606273004       0.16992025157175070     
   1.8359999999999630       -30.507586196717334       0.17003423409004437     
   1.8369999999999629       -30.510647838749584       0.17014820569911562     
   1.8379999999999628       -30.513711532173048       0.17026216634716093     
   1.8389999999999627       -30.516777276789952       0.17037611598261676     
   1.8399999999999626       -30.519845072401573       0.17049005455416377     
   1.8409999999999624       -30.522914918808326       0.17060398267635943     
   1.8419999999999623       -30.525986815809699       0.17071789897515990     
   1.8429999999999622       -30.529060763204249       0.17083180405746751     
   1.8439999999999621       -30.532136760789705       0.17094569787298830     
   1.8449999999999620       -30.535214808362714       0.17105958037155608     
   1.8459999999999619       -30.538294905719205       0.17117345150324764     
   1.8469999999999618       -30.541377052654113       0.17128731121836813     
   1.8479999999999617       -30.544461248961515       0.17140115946746318     
   1.8489999999999616       -30.547547494434554       0.17151499620128063     
   1.8499999999999615       -30.550635788865598       0.17162882137084326     
   1.8509999999999613       -30.553726132045973       0.17174263492736802     
   1.8519999999999612       -30.556818523766285       0.17185643682232687     
   1.8529999999999611       -30.559912963816139       0.17197022700740763     
   1.8539999999999610       -30.563009451984406       0.17208400543450780     
   1.8549999999999609       -30.566107988058906       0.17219777205582154     
   1.8559999999999608       -30.569208571826856       0.17231152682368733     
   1.8569999999999607       -30.572311203074399       0.17242527034240474     
   1.8579999999999606       -30.575415881586949       0.17253900126955424     
   1.8589999999999605       -30.578522607148972       0.17265272020179043     
   1.8599999999999604       -30.581631379544241       0.17276642709246642     
   1.8609999999999602       -30.584742198555496       0.17288012189512880     
   1.8619999999999601       -30.587855063964810       0.17299380456350427     
   1.8629999999999600       -30.590969975553325       0.17310747505155744     
   1.8639999999999599       -30.594086933101408       0.17322113331348843     
   1.8649999999999598       -30.597205936388640       0.17333477930371075     
   1.8659999999999597       -30.600326985193593       0.17344841297688707     
   1.8669999999999596       -30.603450079294316       0.17356203428785283     
   1.8679999999999595       -30.606575218467810       0.17367564319172157     
   1.8689999999999594       -30.609702402490392       0.17378923964379778     
   1.8699999999999593       -30.612831631137553       0.17390282359962117     
   1.8709999999999591       -30.615962904183910       0.17401639564280502     
   1.8719999999999590       -30.619096221403353       0.17412995448158122     
   1.8729999999999589       -30.622231582569064       0.17424350069204875     
   1.8739999999999588       -30.625368987453285       0.17435703423072488     
   1.8749999999999587       -30.628508435827580       0.17447055505423739     
   1.8759999999999586       -30.631649927462654       0.17458406311945893     
   1.8769999999999585       -30.634793462128485       0.17469755838347428     
   1.8779999999999584       -30.637939039594329       0.17481104080357066     
   1.8789999999999583       -30.641086659628598       0.17492451033727485     
   1.8799999999999581       -30.644236321998914       0.17503796694233506     
   1.8809999999999580       -30.647388026472271       0.17515141057668071     
   1.8819999999999579       -30.650541772814812       0.17526484119848995     
   1.8829999999999578       -30.653697560791905       0.17537825876613850     
   1.8839999999999577       -30.656855390168218       0.17549166323826165     
   1.8849999999999576       -30.660015260707738       0.17560505518346270     
   1.8859999999999575       -30.663177172173562       0.17571843334901846     
   1.8869999999999574       -30.666341124328241       0.17583179829612020     
   1.8879999999999573       -30.669507116933389       0.17594514998431798     
   1.8889999999999572       -30.672675149750020       0.17605848837328861     
   1.8899999999999570       -30.675845222538424       0.17617181342289345     
   1.8909999999999569       -30.679017335058109       0.17628512509324029     
   1.8919999999999568       -30.682191487067978       0.17639842334463612     
   1.8929999999999567       -30.685367678326017       0.17651170813759026     
   1.8939999999999566       -30.688545908589727       0.17662497943283487     
   1.8949999999999565       -30.691726177615770       0.17673823719130177     
   1.8959999999999564       -30.694908485160198       0.17685148137412193     
   1.8969999999999563       -30.698092830978233       0.17696471194267818     
   1.8979999999999562       -30.701279214824552       0.17707792944799439     
   1.8989999999999561       -30.704467636453014       0.17719113268064565     
   1.8999999999999559       -30.707658095616914       0.17730432218432784     
   1.9009999999999558       -30.710850592068709       0.17741749792130804     
   1.9019999999999557       -30.714045125560421       0.17753065985396044     
   1.9029999999999556       -30.717241695843111       0.17764380794489126     
   1.9039999999999555       -30.720440302667384       0.17775694215686880     
   1.9049999999999554       -30.723640945783032       0.17787006245290707     
   1.9059999999999553       -30.726843624939345       0.17798316879620249     
   1.9069999999999552       -30.730048339884672       0.17809626115016550     
   1.9079999999999551       -30.733255090367091       0.17820933947838474     
   1.9089999999999550       -30.736463876133705       0.17832240374466568     
   1.9099999999999548       -30.739674696931118       0.17843545391302185     
   1.9109999999999547       -30.742887552505334       0.17854849052188507     
   1.9119999999999546       -30.746102442601462       0.17866151239493502     
   1.9129999999999545       -30.749319366964336       0.17877452006327424     
   1.9139999999999544       -30.752538325337881       0.17888751349178755     
   1.9149999999999543       -30.755759317465447       0.17900049264549206     
   1.9159999999999542       -30.758982343089823       0.17911345748955251     
   1.9169999999999541       -30.762207401953127       0.17922640798937456     
   1.9179999999999540       -30.765434493796846       0.17933934411054134     
   1.9189999999999539       -30.768663618361895       0.17945226581882678     
   1.9199999999999537       -30.771894775388553       0.17956517308021036     
   1.9209999999999536       -30.775127964616480       0.17967806586086171     
   1.9219999999999535       -30.778363185784734       0.17979094412712232     
   1.9229999999999534       -30.781600438631710       0.17990380840174991     
   1.9239999999999533       -30.784839722895345       0.18001665754676641     
   1.9249999999999532       -30.788081038312828       0.18012949207764756     
   1.9259999999999531       -30.791324384620872       0.18024231196159712     
   1.9269999999999530       -30.794569761555522       0.18035511716594754     
   1.9279999999999529       -30.797817168852283       0.18046790765817405     
   1.9289999999999528       -30.801066606246025       0.18058068340598471     
   1.9299999999999526       -30.804318073471116       0.18069344437725099     
   1.9309999999999525       -30.807571570261235       0.18080619054003511     
   1.9319999999999524       -30.810827096349605       0.18091892186259065     
   1.9329999999999523       -30.814084651468885       0.18103163831334854     
   1.9339999999999522       -30.817344235350983       0.18114434039613067     
   1.9349999999999521       -30.820605847727506       0.18125702701685795     
   1.9359999999999520       -30.823869488329258       0.18136969867223965     
   1.9369999999999519       -30.827135156886669       0.18148235533151513     
   1.9379999999999518       -30.830402853129513       0.18159499696402662     
   1.9389999999999517       -30.833672576787073       0.18170762353931022     
   1.9399999999999515       -30.836944327588022       0.18182023502708530     
   1.9409999999999514       -30.840218105260536       0.18193283139724842     
   1.9419999999999513       -30.843493909532242       0.18204541261986110     
   1.9429999999999512       -30.846771740130261       0.18215797866518932     
   1.9439999999999511       -30.850051596781128       0.18227052950365369     
   1.9449999999999510       -30.853333479210907       0.18238306562432716     
   1.9459999999999509       -30.856617387144993       0.18249558596850271     
   1.9469999999999508       -30.859903320308437       0.18260809101819747     
   1.9479999999999507       -30.863191278425667       0.18272058074462341     
   1.9489999999999505       -30.866481261220599       0.18283305511908710     
   1.9499999999999504       -30.869773268416751       0.18294551411305648     
   1.9509999999999503       -30.873067299736903       0.18305795769820798     
   1.9519999999999502       -30.876363354903567       0.18317038584635104     
   1.9529999999999501       -30.879661433638560       0.18328279852949747     
   1.9539999999999500       -30.882961535663341       0.18339519571981244     
   1.9549999999999499       -30.886263660698674       0.18350757788810979     
   1.9559999999999498       -30.889567808465095       0.18361994401725421     
   1.9569999999999497       -30.892873978682477       0.18373229457114482     
   1.9579999999999496       -30.896182171070151       0.18384462952269465     
   1.9589999999999494       -30.899492385347134       0.18395694884490776     
   1.9599999999999493       -30.902804621231901       0.18406925251095385     
   1.9609999999999492       -30.906118878442303       0.18418154049420196     
   1.9619999999999491       -30.909435156695924       0.18429381276816240     
   1.9629999999999490       -30.912753455709659       0.18440606930651005     
   1.9639999999999489       -30.916073775200154       0.18451831008308256     
   1.9649999999999488       -30.919396114883433       0.18463053555407599     
   1.9659999999999487       -30.922720474475096       0.18474274473648405     
   1.9669999999999486       -30.926046853690313       0.18485493807965556     
   1.9679999999999485       -30.929375252243659       0.18496711555815412     
   1.9689999999999483       -30.932705669849533       0.18507927714660127     
   1.9699999999999482       -30.936038106221559       0.18519142281983844     
   1.9709999999999481       -30.939372561073100       0.18530355255281500     
   1.9719999999999480       -30.942709034116959       0.18541566632067363     
   1.9729999999999479       -30.946047525065648       0.18552776409868349     
   1.9739999999999478       -30.949388033631124       0.18563984586229243     
   1.9749999999999477       -30.952730559524845       0.18575191205650182     
   1.9759999999999476       -30.956075102457962       0.18586396172542638     
   1.9769999999999475       -30.959421662141228       0.18597599530723821     
   1.9779999999999474       -30.962770238284698       0.18608801277808018     
   1.9789999999999472       -30.966120830598342       0.18620001411414394     
   1.9799999999999471       -30.969473438791404       0.18631199929181450     
   1.9809999999999470       -30.972828062572866       0.18642396828761404     
   1.9819999999999469       -30.976184701651313       0.18653592107819492     
   1.9829999999999468       -30.979543355734801       0.18664785764038774     
   1.9839999999999467       -30.982904024531088       0.18675977840396052     
   1.9849999999999466       -30.986266707747376       0.18687168244749147     
   1.9859999999999465       -30.989631405090591       0.18698357019402678     
   1.9869999999999464       -30.992998116267216       0.18709544162104497     
   1.9879999999999463       -30.996366840983267       0.18720729670611616     
   1.9889999999999461       -30.999737578944387       0.18731913542694933     
   1.9899999999999460       -31.003110329855900       0.18743095776137300     
   1.9909999999999459       -31.006485093422590       0.18754276368741010     
   1.9919999999999458       -31.009861869348960       0.18765455318321161     
   1.9929999999999457       -31.013240657339161       0.18776632666630466     
   1.9939999999999456       -31.016621457096747       0.18787808324357336     
   1.9949999999999455       -31.020004268325110       0.18798982332591105     
   1.9959999999999454       -31.023389090727100       0.18810154689210520     
   1.9969999999999453       -31.026775924005342       0.18821325392100205     
   1.9979999999999452       -31.030164767861883       0.18832494439157207     
   1.9989999999999450       -31.033555621998516       0.18843661828298675     
   1.9999999999999449       -31.036948486116735       0.18854827557447371     
   2.0009999999999448       -31.040343359917490       0.18865991666726201     
   2.0019999999999447       -31.043740243101453       0.18877154070412952     
   2.0029999999999446       -31.047139135369022       0.18888314807976286     
   2.0039999999999445       -31.050540036419939       0.18899473877404474     
   2.0049999999999444       -31.053942945953864       0.18910631276692103     
   2.0059999999999443       -31.057347863670074       0.18921787003846349     
   2.0069999999999442       -31.060754789267332       0.18932941056890229     
   2.0079999999999441       -31.064163722444121       0.18944093433858822     
   2.0089999999999439       -31.067574662898679       0.18955244132799903     
   2.0099999999999438       -31.070987610328778       0.18966393193149952     
   2.0109999999999437       -31.074402564431892       0.18977540530917292     
   2.0119999999999436       -31.077819524904967       0.18988686184887035     
   2.0129999999999435       -31.081238491444957       0.18999830153163474     
   2.0139999999999434       -31.084659463748181       0.19010972433860593     
   2.0149999999999433       -31.088082441510707       0.19022113025104945     
   2.0159999999999432       -31.091507424428357       0.19033251925033617     
   2.0169999999999431       -31.094934412196473       0.19044389131800343     
   2.0179999999999430       -31.098363404510202       0.19055524683711539     
   2.0189999999999428       -31.101794401064247       0.19066658499332048     
   2.0199999999999427       -31.105227401552995       0.19077790616326096     
   2.0209999999999426       -31.108662405670671       0.19088921032898412     
   2.0219999999999425       -31.112099413110990       0.19100049747262224     
   2.0229999999999424       -31.115538423567337       0.19111176757646706     
   2.0239999999999423       -31.118979436732928       0.19122302062286339     
   2.0249999999999422       -31.122422452300565       0.19133425697925441     
   2.0259999999999421       -31.125867469962827       0.19144547586502167     
   2.0269999999999420       -31.129314489411879       0.19155667764128098     
   2.0279999999999418       -31.132763510339533       0.19166786229096441     
   2.0289999999999417       -31.136214532437407       0.19177902979702341     
   2.0299999999999416       -31.139667555396851       0.19189018014256948     
   2.0309999999999415       -31.143122578908823       0.19200131331081002     
   2.0319999999999414       -31.146579602663877       0.19211242928508684     
   2.0329999999999413       -31.150038626352519       0.19222352842599072     
   2.0339999999999412       -31.153499649664788       0.19233460996937946     
   2.0349999999999411       -31.156962672290554       0.19244567426954867     
   2.0359999999999410       -31.160427693919054       0.19255672131033749     
   2.0369999999999409       -31.163894714239810       0.19266775107565415     
   2.0379999999999407       -31.167363732941542       0.19277876354949855     
   2.0389999999999406       -31.170834749712903       0.19288975871601594     
   2.0399999999999405       -31.174307764242350       0.19300073692436104     
   2.0409999999999404       -31.177782776217732       0.19311169743552531     
   2.0419999999999403       -31.181259785327001       0.19322264059248392     
   2.0429999999999402       -31.184738791257619       0.19333356637981447     
   2.0439999999999401       -31.188219793696753       0.19344447478223137     
   2.0449999999999400       -31.191702792331451       0.19355536578449034     
   2.0459999999999399       -31.195187786848301       0.19366623937149452     
   2.0469999999999398       -31.198674776933789       0.19377709588292824     
   2.0479999999999396       -31.202163762273987       0.19388793460094478     
   2.0489999999999395       -31.205654742554792       0.19399875585908991     
   2.0499999999999394       -31.209147717461821       0.19410955964272042     
   2.0509999999999393       -31.212642686680372       0.19422034593726140     
   2.0519999999999392       -31.216139649895666       0.19433111472819620     
   2.0529999999999391       -31.219638606792358       0.19444186600119240     
   2.0539999999999390       -31.223139557055063       0.19455260008820216     
   2.0549999999999389       -31.226642500368143       0.19466331628894615     
   2.0559999999999388       -31.230147436415649       0.19477401492928942     
   2.0569999999999387       -31.233654364881311       0.19488469599531133     
   2.0579999999999385       -31.237163285448752       0.19499535947313251     
   2.0589999999999384       -31.240674197801276       0.19510600534896205     
   2.0599999999999383       -31.244187101621904       0.19521663394241828     
   2.0609999999999382       -31.247701996593424       0.19532724457962486     
   2.0619999999999381       -31.251218882398518       0.19543783757419350     
   2.0629999999999380       -31.254737758719479       0.19554841291279038     
   2.0639999999999379       -31.258258625238284       0.19565897058212592     
   2.0649999999999378       -31.261781481636906       0.19576951056900033     
   2.0659999999999377       -31.265306327596907       0.19588003286033187     
   2.0669999999999376       -31.268833162799769       0.19599053777117861     
   2.0679999999999374       -31.272361986926445       0.19610102463872089     
   2.0689999999999373       -31.275892799658088       0.19621149377204172     
   2.0699999999999372       -31.279425600675175       0.19632194515848078     
   2.0709999999999371       -31.282960389658278       0.19643237878538466     
   2.0719999999999370       -31.286497166287546       0.19654279464021598     
   2.0729999999999369       -31.290035930243118       0.19665319302878917     
   2.0739999999999368       -31.293576681204701       0.19676357330835648     
   2.0749999999999367       -31.297119418851878       0.19687393577885215     
   2.0759999999999366       -31.300664142863916       0.19698428042810751     
   2.0769999999999365       -31.304210852920114       0.19709460724402811     
   2.0779999999999363       -31.307759548699217       0.19720491621462782     
   2.0789999999999362       -31.311310229880029       0.19731520763784433     
   2.0799999999999361       -31.314862896140927       0.19742548088816625     
   2.0809999999999360       -31.318417547160283       0.19753573625772478     
   2.0819999999999359       -31.321974182616106       0.19764597373488124     
   2.0829999999999358       -31.325532802186252       0.19775619330805883     
   2.0839999999999357       -31.329093405548385       0.19786639496575964     
   2.0849999999999356       -31.332655992379912       0.19797657899942847     
   2.0859999999999355       -31.336220562358093       0.19808674479805774     
   2.0869999999999354       -31.339787115159908       0.19819689264731913     
   2.0879999999999352       -31.343355650462300       0.19830702253605020     
   2.0889999999999351       -31.346926167941788       0.19841713445316611     
   2.0899999999999350       -31.350498667274806       0.19852722838767686     
   2.0909999999999349       -31.354073148137591       0.19863730462572585     
   2.0919999999999348       -31.357649610206323       0.19874736256832121     
   2.0929999999999347       -31.361228053156687       0.19885740249587325     
   2.0939999999999346       -31.364808476664319       0.19896742439769449     
   2.0949999999999345       -31.368390880404831       0.19907742826318961     
   2.0959999999999344       -31.371975264053390       0.19918741436840842     
   2.0969999999999342       -31.375561627285119       0.19929738213559270     
   2.0979999999999341       -31.379149969774808       0.19940733183516970     
   2.0989999999999340       -31.382740291197365       0.19951726345684839     
   2.0999999999999339       -31.386332591227102       0.19962717699041513     
   2.1009999999999338       -31.389926869538492       0.19973707242569494     
   2.1019999999999337       -31.393523125805672       0.19984695003569020     
   2.1029999999999336       -31.397121359702588       0.19995680925013717     
   2.1039999999999335       -31.400721570903084       0.20006665033637802     
   2.1049999999999334       -31.404323759080789       0.20017647328455951     
   2.1059999999999333       -31.407927923909128       0.20028627808489624     
   2.1069999999999331       -31.411534065061321       0.20039606500252458     
   2.1079999999999330       -31.415142182210538       0.20050583348389581     
   2.1089999999999329       -31.418752275029718       0.20061558378856592     
   2.1099999999999328       -31.422364343191532       0.20072531590706377     
   2.1109999999999327       -31.425978386368605       0.20083502982994306     
   2.1119999999999326       -31.429594404233406       0.20094472554782047     
   2.1129999999999325       -31.433212396458096       0.20105440332476260     
   2.1139999999999324       -31.436832362714782       0.20116406261067921     
   2.1149999999999323       -31.440454302675441       0.20127370366396924     
   2.1159999999999322       -31.444078216011732       0.20138332647559143     
   2.1169999999999320       -31.447704102395321       0.20149293103649762     
   2.1179999999999319       -31.451331961497605       0.20160251760477926     
   2.1189999999999318       -31.454961792989842       0.20171208564319787     
   2.1199999999999317       -31.458593596543153       0.20182163540426956     
   2.1209999999999316       -31.462227371828511       0.20193116687926135     
   2.1219999999999315       -31.465863118516630       0.20204068005945552     
   2.1229999999999314       -31.469500836278225       0.20215017519790823     
   2.1239999999999313       -31.473140524783716       0.20225965176837599     
   2.1249999999999312       -31.476782183703520       0.20236911001836916     
   2.1259999999999311       -31.480425812707729       0.20247854993947342     
   2.1269999999999309       -31.484071411466456       0.20258797152326796     
   2.1279999999999308       -31.487718979649451       0.20269737501864285     
   2.1289999999999307       -31.491368516926585       0.20280675990860431     
   2.1299999999999306       -31.495020022967310       0.20291612643651899     
   2.1309999999999305       -31.498673497441139       0.20302547459426606     
   2.1319999999999304       -31.502328940017350       0.20313480462168768     
   2.1329999999999303       -31.505986350365070       0.20324411602040668     
   2.1339999999999302       -31.509645728153252       0.20335340902492141     
   2.1349999999999301       -31.513307073050797       0.20346268362733377     
   2.1359999999999300       -31.516970384726427       0.20357193981975957     
   2.1369999999999298       -31.520635662848711       0.20368117783942571     
   2.1379999999999297       -31.524302907085996       0.20379039719409006     
   2.1389999999999296       -31.527972117106771       0.20389959811558589     
   2.1399999999999295       -31.531643292579030       0.20400878059630978     
   2.1409999999999294       -31.535316433170813       0.20411794462866203     
   2.1419999999999293       -31.538991538550029       0.20422709044796000     
   2.1429999999999292       -31.542668608384442       0.20433621756660270     
   2.1439999999999291       -31.546347642341665       0.20444532621452507     
   2.1449999999999290       -31.550028640089149       0.20455441638438332     
   2.1459999999999289       -31.553711601294271       0.20466348830473013     
   2.1469999999999287       -31.557396525624291       0.20477254150200169     
   2.1479999999999286       -31.561083412746171       0.20488157619949501     
   2.1489999999999285       -31.564772262326997       0.20499059239004985     
   2.1499999999999284       -31.568463074033584       0.20509959006655334     
   2.1509999999999283       -31.572155847532606       0.20520856945697274     
   2.1519999999999282       -31.575850582490659       0.20531753008975173     
   2.1529999999999281       -31.579547278574189       0.20542647218752796     
   2.1539999999999280       -31.583245935449600       0.20553539574339447     
   2.1549999999999279       -31.586946552782962       0.20564430097991057     
   2.1559999999999278       -31.590649130240450       0.20575318743687798     
   2.1569999999999276       -31.594353667488019       0.20586205533158963     
   2.1579999999999275       -31.598060164191534       0.20597090465734524     
   2.1589999999999274       -31.601768620016657       0.20607973563186219     
   2.1599999999999273       -31.605479034629063       0.20618854780508425     
   2.1609999999999272       -31.609191407694155       0.20629734138955547     
   2.1619999999999271       -31.612905738877334       0.20640611637875675     
   2.1629999999999270       -31.616622027843892       0.20651487298620697     
   2.1639999999999269       -31.620340274258929       0.20662361077076230     
   2.1649999999999268       -31.624060477787467       0.20673232994080351     
   2.1659999999999267       -31.627782638094416       0.20684103049000171     
   2.1669999999999265       -31.631506754844548       0.20694971262821538     
   2.1679999999999264       -31.635232827702577       0.20705837592210713     
   2.1689999999999263       -31.638960856333004       0.20716702057644498     
   2.1699999999999262       -31.642690840400430       0.20727564658503883     
   2.1709999999999261       -31.646422779569086       0.20738425394177917     
   2.1719999999999260       -31.650156673503226       0.20749284285867520     
   2.1729999999999259       -31.653892521866918       0.20760141289881165     
   2.1739999999999258       -31.657630324324266       0.20770996426902064     
   2.1749999999999257       -31.661370080539189       0.20781849696333488     
   2.1759999999999255       -31.665111790175491       0.20792701119112231     
   2.1769999999999254       -31.668855452896864       0.20803550652124883     
   2.1779999999999253       -31.672601068366838       0.20814398315789909     
   2.1789999999999252       -31.676348636248985       0.20825244130306622     
   2.1799999999999251       -31.680098156206668       0.20836088054064617     
   2.1809999999999250       -31.683849627903143       0.20846930106755643     
   2.1819999999999249       -31.687603051001631       0.20857770287810495     
   2.1829999999999248       -31.691358425165213       0.20868608617255771     
   2.1839999999999247       -31.695115750056875       0.20879445053869350     
   2.1849999999999246       -31.698875025339422       0.20890279617171970     
   2.1859999999999244       -31.702636250675688       0.20901112306610253     
   2.1869999999999243       -31.706399425728385       0.20911943142082862     
   2.1879999999999242       -31.710164550160044       0.20922772082666288     
   2.1889999999999241       -31.713931623633211       0.20933599147755430     
   2.1899999999999240       -31.717700645810226       0.20944424356649247     
   2.1909999999999239       -31.721471616353369       0.20955247669645694     
   2.1919999999999238       -31.725244534924862       0.20966069105548696     
   2.1929999999999237       -31.729019401186886       0.20976888663830431     
   2.1939999999999236       -31.732796214801272       0.20987706363746195     
   2.1949999999999235       -31.736574975430095       0.20998522165725153     
   2.1959999999999233       -31.740355682735082       0.21009336088526864     
   2.1969999999999232       -31.744138336378008       0.21020148131635177     
   2.1979999999999231       -31.747922936020473       0.21030958314299492     
   2.1989999999999230       -31.751709481324045       0.21041766597005190     
