   2.4000000953674316       -26.529968607564296        4.1471780067394472E-003
   2.4010000953674315       -26.530043626598392        4.1883374010032665E-003
   2.4020000953674314       -26.530119390148531        4.2299027051773009E-003
   2.4030000953674313       -26.530195905557726        4.2718779580041798E-003
   2.4040000953674312       -26.530273180241355        4.3142671998565030E-003
   2.4050000953674311       -26.530351221687901        4.3570745121389344E-003
   2.4060000953674310       -26.530430037459688        4.4003040177467388E-003
   2.4070000953674309       -26.530509635193610        4.4439598815436566E-003
   2.4080000953674308       -26.530590022601928        4.4880463108581958E-003
   2.4090000953674306       -26.530671207473020        4.5325675559709788E-003
   2.4100000953674305       -26.530753197672151        4.5775279106139493E-003
   2.4110000953674304       -26.530836001142276        4.6229317124834952E-003
   2.4120000953674303       -26.530919625904819        4.6687833437561504E-003
   2.4130000953674302       -26.531004080060502        4.7150872316106757E-003
   2.4140000953674301       -26.531089371790131        4.7618478487660805E-003
   2.4150000953674300       -26.531175509355446        4.8090697140194599E-003
   2.4160000953674299       -26.531262501099953        4.8567573928000839E-003
   2.4170000953674298       -26.531350355449732        4.9049154977241806E-003
   2.4180000953674297       -26.531439080914343        4.9535486891681352E-003
   2.4190000953674295       -26.531528686087665        5.0026616758436842E-003
   2.4200000953674294       -26.531619179648764        5.0522592153848123E-003
   2.4210000953674293       -26.531710570362804        5.1023463580109028E-003
   2.4220000953674292       -26.531802867081915        5.1529274912783434E-003
   2.4230000953674291       -26.531896078746122        5.2040077509649674E-003
   2.4240000953674290       -26.531990214384251        5.2555920965383267E-003
   2.4250000953674289       -26.532085283114881        5.3076855394791405E-003
   2.4260000953674288       -26.532181294147243        5.3602931439265845E-003
   2.4270000953674287       -26.532278256782227        5.4134200273457450E-003
   2.4280000953674286       -26.532376180413316        5.4670713611913264E-003
   2.4290000953674284       -26.532475074527554        5.5212523715987899E-003
   2.4300000953674283       -26.532574948706568        5.5759683400677627E-003
   2.4310000953674282       -26.532675812627559        5.6312246041825649E-003
   2.4320000953674281       -26.532777676064299        5.6870265583215457E-003
   2.4330000953674280       -26.532880548888187        5.7433796543934455E-003
   2.4340000953674279       -26.532984441069274        5.8002894025803225E-003
   2.4350000953674278       -26.533089362677327        5.8577613720999415E-003
   2.4360000953674277       -26.533195323882886        5.9158011919741814E-003
   2.4370000953674276       -26.533302334958378        5.9744145518177659E-003
   2.4380000953674275       -26.533410406279174        6.0336072026367371E-003
   2.4390000953674273       -26.533519548324723        6.0933849576483663E-003
   2.4400000953674272       -26.533629771679692        6.1537536931023686E-003
   2.4410000953674271       -26.533741087035068        6.2147193491381859E-003
   2.4420000953674270       -26.533853505189377        6.2762879306376262E-003
   2.4430000953674269       -26.533967037049788        6.3384655081055175E-003
   2.4440000953674268       -26.534081693633350        6.4012582185668208E-003
   2.4450000953674267       -26.534197486068187        6.4646722664750012E-003
   2.4460000953674266       -26.534314425594701        6.5287139246413455E-003
   2.4470000953674265       -26.534432523566849        6.5933895351804918E-003
   2.4480000953674264       -26.534551791453353        6.6587055104790661E-003
   2.4490000953674262       -26.534672240839008        6.7246683341764717E-003
   2.4500000953674261       -26.534793883425959        6.7912845621693630E-003
   2.4510000953674260       -26.534916731035018        6.8585608236342542E-003
   2.4520000953674259       -26.535040795606982        6.9265034936967845E-003
   2.4530000953674258       -26.535166089203994        6.9951199832156202E-003
   2.4540000953674257       -26.535292624010893        7.0644168421083696E-003
   2.4550000953674256       -26.535420412336613        7.1344010031797345E-003
   2.4560000953674255       -26.535549466615592        7.2050794779354044E-003
   2.4570000953674254       -26.535679799409181        7.2764593577341018E-003
   2.4580000953674253       -26.535811423407107        7.3485478149645173E-003
   2.4590000953674251       -26.535944351428952        7.4213521042450674E-003
   2.4600000953674250       -26.536078596425611        7.4948795636470278E-003
   2.4610000953674249       -26.536214171480843        7.5691376159521505E-003
   2.4620000953674248       -26.536351089812776        7.6441337699230914E-003
   2.4630000953674247       -26.536489364775498        7.7198756216116321E-003
   2.4640000953674246       -26.536629009860590        7.7963708556930012E-003
   2.4650000953674245       -26.536770038698812        7.8736272468204593E-003
   2.4660000953674244       -26.536912465061654        7.9516526610240203E-003
   2.4670000953674243       -26.537056302863039        8.0304550571247413E-003
   2.4680000953674242       -26.537201566161002        8.1100424881914348E-003
   2.4690000953674240       -26.537348269159384        8.1904231030199351E-003
   2.4700000953674239       -26.537496426209593        8.2716051476538176E-003
   2.4710000953674238       -26.537646051812342        8.3535969669324053E-003
   2.4720000953674237       -26.537797160619458        8.4364070060782646E-003
   2.4730000953674236       -26.537949767435705        8.5200438123160874E-003
   2.4740000953674235       -26.538103887220622        8.6045164503791779E-003
   2.4750000953674234       -26.538259535090418        8.6898328834356733E-003
   2.4760000953674233       -26.538416726319873        8.7760023569154397E-003
   2.4770000953674232       -26.538575476344295        8.8630338432538324E-003
   2.4780000953674231       -26.538735800761486        8.9509364255944621E-003
   2.4790000953674229       -26.538897715333746        9.0397192996458098E-003
   2.4800000953674228       -26.539061235989944        9.1293917755840160E-003
   2.4810000953674227       -26.539226378827550        9.2199632800085262E-003
   2.4820000953674226       -26.539393160114784        9.3114433579343722E-003
   2.4830000953674225       -26.539561596292771        9.4038416748417428E-003
   2.4840000953674224       -26.539731703977694        9.4971680187689502E-003
   2.4850000953674223       -26.539903499963039        9.5914323024614365E-003
   2.4860000953674222       -26.540077001221874        9.6866445655684717E-003
   2.4870000953674221       -26.540252224909118        9.7828149769002073E-003
   2.4880000953674219       -26.540429188363923        9.8799538367390204E-003
   2.4890000953674218       -26.540607909112033        9.9780715792063702E-003
   2.4900000953674217       -26.540788404868234        1.0077178774689574E-002
   2.4910000953674216       -26.540970693538821        1.0177286132340455E-002
   2.4920000953674215       -26.541154793224109        1.0278404061930571E-002
   2.4930000953674214       -26.541340722221019        1.0380544399082894E-002
   2.4940000953674213       -26.541528499025688        1.0483717880688446E-002
   2.4950000953674212       -26.541718142336109        1.0587935796839081E-002
   2.4960000953674211       -26.541909671054885        1.0693209589819896E-002
   2.4970000953674210       -26.542103104291961        1.0799550857013821E-002
   2.4980000953674208       -26.542298461367462        1.0906971353888319E-002
   2.4990000953674207       -26.542495761814557        1.1015482997051969E-002
   2.5000000953674206       -26.542695025382393        1.1125097867406539E-002
   2.5010000953674205       -26.542896272039073        1.1235828213387014E-002
   2.5020000953674204       -26.543099521974707        1.1347686454272230E-002
   2.5030000953674203       -26.543304795604527        1.1460685183608592E-002
   2.5040000953674202       -26.543512113572049        1.1574837172716420E-002
   2.5050000953674201       -26.543721496752291        1.1690155374297177E-002
   2.5060000953674200       -26.543932966255106        1.1806652926148032E-002
   2.5070000953674199       -26.544146543428500        1.1924343154975580E-002
   2.5080000953674197       -26.544362249862111        1.2043240202574123E-002
   2.5090000953674196       -26.544580107390704        1.2163356602383688E-002
   2.5100000953674195       -26.544800138097735        1.2284706838581454E-002
   2.5110000953674194       -26.545022364319045        1.2407305034508523E-002
   2.5120000953674193       -26.545246808646557        1.2531165523275600E-002
   2.5130000953674192       -26.545473493932107        1.2656302852307332E-002
   2.5140000953674191       -26.545702443291358        1.2782731788022226E-002
   2.5150000953674190       -26.545933680107758        1.2910467320643999E-002
   2.5160000953674189       -26.546167228036644        1.3039524669170972E-002
   2.5170000953674188       -26.546403111009369        1.3169919286501833E-002
   2.5180000953674186       -26.546641353237593        1.3301666864691634E-002
   2.5190000953674185       -26.546881979217602        1.3434782796149316E-002
   2.5200000953674184       -26.547125013734817        1.3569284298462171E-002
   2.5210000953674183       -26.547370481868274        1.3705187322025573E-002
   2.5220000953674182       -26.547618408995344        1.3842508571073850E-002
   2.5230000953674181       -26.547868820796467        1.3981265017909793E-002
   2.5240000953674180       -26.548121743260069        1.4121473909259306E-002
   2.5250000953674179       -26.548377202687526        1.4263152772818767E-002
   2.5260000953674178       -26.548635225698305        1.4406319424036288E-002
   2.5270000953674177       -26.548895839235197        1.4550991973091287E-002
   2.5280000953674175       -26.549159070569694        1.4697188832120586E-002
   2.5290000953674174       -26.549424947307486        1.4844928722682628E-002
   2.5300000953674173       -26.549693497394095        1.4994230683452316E-002
   2.5310000953674172       -26.549964749120690        1.5145114871203525E-002
   2.5320000953674171       -26.550238731129951        1.5297599487156255E-002
   2.5330000953674170       -26.550515472422219        1.5451705283209641E-002
   2.5340000953674169       -26.550795002361653        1.5607452650046587E-002
   2.5350000953674168       -26.551077350682696        1.5764862338228054E-002
   2.5360000953674167       -26.551362547496598        1.5923955467612820E-002
   2.5370000953674166       -26.551650623298144        1.6084753537127516E-002
   2.5380000953674164       -26.551941608972591        1.6247277834910756E-002
   2.5390000953674163       -26.552235535802751        1.6411551775846769E-002
   2.5400000953674162       -26.552532435476287        1.6577597522190773E-002
   2.5410000953674161       -26.552832340093186        1.6745438192735711E-002
   2.5420000953674160       -26.553135282173479        1.6915097339427358E-002
   2.5430000953674159       -26.553441294665113        1.7086598959376254E-002
   2.5440000953674158       -26.553750410952119        1.7259967507294100E-002
   2.5450000953674157       -26.554062664862904        1.7435227908394985E-002
   2.5460000953674156       -26.554378090678910        1.7612405571744285E-002
   2.5470000953674155       -26.554696723143394        1.7791526404112648E-002
   2.5480000953674153       -26.555018597470550        1.7972617779802094E-002
   2.5490000953674152       -26.555343749354851        1.8155704856100668E-002
   2.5500000953674151       -26.555672214980657        1.8340815969542807E-002
   2.5510000953674150       -26.556004031032163        1.8527979168469884E-002
   2.5520000953674149       -26.556339234703557        1.8717222468464783E-002
   2.5530000953674148       -26.556677863709552        1.8908576218248374E-002
   2.5540000953674147       -26.557019956296202        1.9102069707772444E-002
   2.5550000953674146       -26.557365551252044        1.9297733390383574E-002
   2.5560000953674145       -26.557714687919592        1.9495598367210463E-002
   2.5570000953674143       -26.558067406207165        1.9695696407072263E-002
   2.5580000953674142       -26.558423746601129        1.9898059967144104E-002
   2.5590000953674141       -26.558783750178414        2.0102722214383164E-002
   2.5600000953674140       -26.559147458619581        2.0309717047765272E-002
   2.5610000953674139       -26.559514914222120        2.0519080215006830E-002
   2.5620000953674138       -26.559886159914303        2.0730845118128061E-002
   2.5630000953674137       -26.560261239269465        2.0945048953489562E-002
   2.5640000953674136       -26.560640196520630        2.1161728092806573E-002
   2.5650000953674135       -26.561023076575747        2.1380921752236295E-002
   2.5660000953674134       -26.561409925033338        2.1602668134828154E-002
   2.5670000953674132       -26.561800788198678        2.1827006962445255E-002
   2.5680000953674131       -26.562195713100504        2.2053978899862436E-002
   2.5690000953674130       -26.562594747508271        2.2283625585728051E-002
   2.5700000953674129       -26.562997939949931        2.2515990668717283E-002
   2.5710000953674128       -26.563405339730426        2.2751115983587516E-002
   2.5720000953674127       -26.563816996950631        2.2989047158196291E-002
   2.5730000953674126       -26.564232962527051        2.3229829350688107E-002
   2.5740000953674125       -26.564653288212135        2.3473510886419531E-002
   2.5750000953674124       -26.565078026615247        2.3720139356913385E-002
   2.5760000953674123       -26.565507231224395        2.3969764189762894E-002
   2.5770000953674121       -26.565940956428669        2.4222436079600236E-002
   2.5780000953674120       -26.566379257541413        2.4478207031033920E-002
   2.5790000953674119       -26.566822190824208        2.4737131594961912E-002
   2.5800000953674118       -26.567269813511722        2.4999262354681244E-002
   2.5810000953674117       -26.567722183837311        2.5264655735231054E-002
   2.5820000953674116       -26.568179361059549        2.5533370907421422E-002
   2.5830000953674115       -26.568641405489689        2.5805466451921180E-002
   2.5840000953674114       -26.569108378520028        2.6081003230535291E-002
   2.5850000953674113       -26.569580342653271        2.6360044848680479E-002
   2.5860000953674112       -26.570057361532896        2.6642653579029039E-002
   2.5870000953674110       -26.570539499974615        2.6928895553823416E-002
   2.5880000953674109       -26.571026823998842        2.7218840060718213E-002
   2.5890000953674108       -26.571519400864400        2.7512556190670858E-002
   2.5900000953674107       -26.572017299103340        2.7810115665242392E-002
   2.5910000953674106       -26.572520588556991        2.8111593423183558E-002
   2.5920000953674105       -26.573029340413331        2.8417063221031158E-002
   2.5930000953674104       -26.573543627245634        2.8726603146852665E-002
   2.5940000953674103       -26.574063523052523        2.9040295221087482E-002
   2.5950000953674102       -26.574589103299495        2.9358221333902337E-002
   2.5960000953674101       -26.575120444961925        2.9680467839081601E-002
   2.5970000953674099       -26.575657626569665        3.0007119248822052E-002
   2.5980000953674098       -26.576200728253333        3.0338268401166393E-002
