   1.8500000238418579       -30.171572512110835        4.7837956915673947E-002
   1.8490000238418580       -30.161513079189472        4.7842316909438000E-002
   1.8480000238418581       -30.151455330023598        4.7846679143374982E-002
   1.8470000238418582       -30.141399266361464        4.7851043377093755E-002
   1.8460000238418584       -30.131344889953237        4.7855409613069270E-002
   1.8450000238418585       -30.121292202551512        4.7859777853997712E-002
   1.8440000238418586       -30.111241205911387        4.7864148102580037E-002
   1.8430000238418587       -30.101191901790436        4.7868520361514857E-002
   1.8420000238418588       -30.091144291947757        4.7872894633516051E-002
   1.8410000238418589       -30.081098378146649        4.7877270921276360E-002
   1.8400000238418590       -30.071054162151313        4.7881649227505610E-002
   1.8390000238418591       -30.061011645728836        4.7886029554909386E-002
   1.8380000238418592       -30.050970830648417        4.7890411906204196E-002
   1.8370000238418593       -30.040931718682511        4.7894796284089554E-002
   1.8360000238418595       -30.030894311605110        4.7899182691279824E-002
   1.8350000238418596       -30.020858611193106        4.7903571130489583E-002
   1.8340000238418597       -30.010824619225364        4.7907961604431795E-002
   1.8330000238418598       -30.000792337484260        4.7912354115815542E-002
   1.8320000238418599       -29.990761767752996        4.7916748667361966E-002
   1.8310000238418600       -29.980732911818883        4.7921145261784516E-002
   1.8300000238418601       -29.970705771470243        4.7925543901805603E-002
   1.8290000238418602       -29.960680348499110        4.7929944590140550E-002
   1.8280000238418603       -29.950656644698913        4.7934347329511434E-002
   1.8270000238418604       -29.940634661866234        4.7938752122635271E-002
   1.8260000238418606       -29.930614401799630        4.7943158972241724E-002
   1.8250000238418607       -29.920595866300722        4.7947567881047065E-002
   1.8240000238418608       -29.910579057173063        4.7951978851782040E-002
   1.8230000238418609       -29.900563976223438        4.7956391887161956E-002
   1.8220000238418610       -29.890550625259820        4.7960806989921570E-002
   1.8210000238418611       -29.880539006093596        4.7965224162790844E-002
   1.8200000238418612       -29.870529120538738        4.7969643408490914E-002
   1.8190000238418613       -29.860520970411550        4.7974064729751173E-002
   1.8180000238418614       -29.850514557530456        4.7978488129304518E-002
   1.8170000238418615       -29.840509883716511        4.7982913609884652E-002
   1.8160000238418617       -29.830506950793986        4.7987341174216179E-002
   1.8150000238418618       -29.820505760588517        4.7991770825038554E-002
   1.8140000238418619       -29.810506314929157        4.7996202565084349E-002
   1.8130000238418620       -29.800508615647217        4.8000636397085655E-002
   1.8120000238418621       -29.790512664576308        4.8005072323781789E-002
   1.8110000238418622       -29.780518463553012        4.8009510347902094E-002
   1.8100000238418623       -29.770526014415900        4.8013950472190772E-002
   1.8090000238418624       -29.760535319006848        4.8018392699377493E-002
   1.8080000238418625       -29.750546379168888        4.8022837032212551E-002
   1.8070000238418626       -29.740559196749505        4.8027283473422645E-002
   1.8060000238418628       -29.730573773597147        4.8031732025755773E-002
   1.8050000238418629       -29.720590111563755        4.8036182691945123E-002
   1.8040000238418630       -29.710608212503125        4.8040635474741508E-002
   1.8030000238418631       -29.700628078272022        4.8045090376882670E-002
   1.8020000238418632       -29.690649710730195        4.8049547401105806E-002
   1.8010000238418633       -29.680673111738770        4.8054006550162204E-002
   1.8000000238418634       -29.670698283162420        4.8058467826792607E-002
   1.7990000238418635       -29.660725226868351        4.8062931233740988E-002
   1.7980000238418636       -29.650753944726329        4.8067396773749632E-002
   1.7970000238418637       -29.640784438608403        4.8071864449561671E-002
   1.7960000238418639       -29.630816710388782        4.8076334263936468E-002
   1.7950000238418640       -29.620850761945473        4.8080806219608543E-002
   1.7940000238418641       -29.610886595158632        4.8085280319321126E-002
   1.7930000238418642       -29.600924211910066        4.8089756565836132E-002
   1.7920000238418643       -29.590963614085492        4.8094234961890962E-002
   1.7910000238418644       -29.581004803572750        4.8098715510234549E-002
   1.7900000238418645       -29.571047782262006        4.8103198213618477E-002
   1.7890000238418646       -29.561092552046464        4.8107683074792518E-002
   1.7880000238418647       -29.551139114822320        4.8112170096494905E-002
   1.7870000238418648       -29.541187472486701        4.8116659281494334E-002
   1.7860000238418650       -29.531237626941390        4.8121150632524798E-002
   1.7850000238418651       -29.521289580090183        4.8125644152343147E-002
   1.7840000238418652       -29.511343333838610        4.8130139843699349E-002
   1.7830000238418653       -29.501398890096137        4.8134637709343731E-002
   1.7820000238418654       -29.491456250774057        4.8139137752026634E-002
   1.7810000238418655       -29.481515417786564        4.8143639974500739E-002
   1.7800000238418656       -29.471576393050508        4.8148144379519468E-002
   1.7790000238418657       -29.461639178485584        4.8152650969829555E-002
   1.7780000238418658       -29.451703776014174        4.8157159748181182E-002
   1.7770000238418659       -29.441770187560568        4.8161670717334522E-002
   1.7760000238418661       -29.431838415053207        4.8166183880030612E-002
   1.7750000238418662       -29.421908460421388        4.8170699239031202E-002
   1.7740000238418663       -29.411980325598662        4.8175216797088555E-002
   1.7730000238418664       -29.402054012520715        4.8179736556942090E-002
   1.7720000238418665       -29.392129523125529        4.8184258521358339E-002
   1.7710000238418666       -29.382206859354174        4.8188782693086601E-002
   1.7700000238418667       -29.372286023150860        4.8193309074870308E-002
   1.7690000238418668       -29.362367016461793        4.8197837669468190E-002
   1.7680000238418669       -29.352449841236279        4.8202368479629033E-002
   1.7670000238418671       -29.342534499425643        4.8206901508113909E-002
   1.7660000238418672       -29.332620992985557        4.8211436757658738E-002
   1.7650000238418673       -29.322709323872431        4.8215974231029524E-002
   1.7640000238418674       -29.312799494047159        4.8220513930967032E-002
   1.7630000238418675       -29.302891505471614        4.8225055860233818E-002
   1.7620000238418676       -29.292985360112485        4.8229600021569112E-002
   1.7610000238418677       -29.283081059937430        4.8234146417729738E-002
   1.7600000238418678       -29.273178606917895        4.8238695051462201E-002
   1.7590000238418679       -29.263278003027636        4.8243245925521788E-002
   1.7580000238418680       -29.253379250243139        4.8247799042655616E-002
   1.7570000238418682       -29.243482350544028        4.8252354405611896E-002
   1.7560000238418683       -29.233587305912053        4.8256912017147040E-002
   1.7550000238418684       -29.223694118332631        4.8261471880000628E-002
   1.7540000238418685       -29.213802789793476        4.8266033996923467E-002
   1.7530000238418686       -29.203913322284723        4.8270598370665635E-002
   1.7520000238418687       -29.194025717799835        4.8275165003976453E-002
   1.7510000238418688       -29.184139978335320        4.8279733899593662E-002
   1.7500000238418689       -29.174256105889349        4.8284305060276450E-002
   1.7490000238418690       -29.164374102464357        4.8288878488762725E-002
   1.7480000238418691       -29.154493970064500        4.8293454187796563E-002
   1.7470000238418693       -29.144615710696900        4.8298032160131753E-002
   1.7460000238418694       -29.134739326372436        4.8302612408498966E-002
   1.7450000238418695       -29.124864819103276        4.8307194935654843E-002
   1.7440000238418696       -29.114992190906062        4.8311779744329125E-002
   1.7430000238418697       -29.105121443798538        4.8316366837281938E-002
   1.7420000238418698       -29.095252579802899        4.8320956217235249E-002
   1.7410000238418699       -29.085385600943113        4.8325547886945389E-002
   1.7400000238418700       -29.075520509246441        4.8330141849143263E-002
   1.7390000238418701       -29.065657306742885        4.8334738106575244E-002
   1.7380000238418702       -29.055795995465694        4.8339336661967769E-002
   1.7370000238418704       -29.045936577450142        4.8343937518072366E-002
   1.7360000238418705       -29.036079054734934        4.8348540677618131E-002
   1.7350000238418706       -29.026223429361814        4.8353145796747404E-002
   1.7340000238418707       -29.016369703375148        4.8357753569745948E-002
   1.7330000238418708       -29.006517878822152        4.8362363654600234E-002
   1.7320000238418709       -28.996667957752521        4.8366976053841916E-002
   1.7310000238418710       -28.986819942219686        4.8371590770186573E-002
   1.7300000238418711       -28.976973834279853        4.8376207806367123E-002
   1.7290000238418712       -28.967129635991647        4.8380827165116762E-002
   1.7280000238418713       -28.957287349416436        4.8385448849169219E-002
   1.7270000238418715       -28.947446976618938        4.8390072861250709E-002
   1.7260000238418716       -28.937608519667510        4.8394699204075235E-002
   1.7250000238418717       -28.927771980632127        4.8399327880375979E-002
   1.7240000238418718       -28.917937361585839        4.8403958892884659E-002
   1.7230000238418719       -28.908104664605371        4.8408592244318482E-002
   1.7220000238418720       -28.898273891770106        4.8413227937397649E-002
   1.7210000238418721       -28.888445045162140        4.8417865974844911E-002
   1.7200000238418722       -28.878618126866382        4.8422506359380314E-002
   1.7190000238418723       -28.868793138971451        4.8427149093718501E-002
   1.7180000238418724       -28.858970083567975        4.8431794180579996E-002
   1.7170000238418726       -28.849148962750391        4.8436441622674575E-002
   1.7160000238418727       -28.839329778615653        4.8441091422717193E-002
   1.7150000238418728       -28.829512533263529        4.8445743583426626E-002
   1.7140000238418729       -28.819697228796915        4.8450398107509056E-002
   1.7130000238418730       -28.809883867322228        4.8455054997670173E-002
   1.7120000238418731       -28.800072450947717        4.8459714256626069E-002
   1.7110000238418732       -28.790262981785983        4.8464375887073669E-002
   1.7100000238418733       -28.780455461951327        4.8469039891724769E-002
   1.7090000238418734       -28.770649893561885        4.8473706273286080E-002
   1.7080000238418735       -28.760846278738860        4.8478375034442960E-002
   1.7070000238418737       -28.751044619605679        4.8483046177911077E-002
   1.7060000238418738       -28.741244918289823        4.8487719706381056E-002
   1.7050000238418739       -28.731447176920600        4.8492395622554266E-002
   1.7040000238418740       -28.721651397631277        4.8497073929123370E-002
   1.7030000238418741       -28.711857582558007        4.8501754628778850E-002
   1.7020000238418742       -28.702065733840094        4.8506437724205334E-002
   1.7010000238418743       -28.692275853618806        4.8511123218110498E-002
   1.7000000238418744       -28.682487944040268        4.8515811113161361E-002
   1.6990000238418745       -28.672702007252166        4.8520501412054440E-002
   1.6980000238418747       -28.662918045405810        4.8525194117468758E-002
   1.6970000238418748       -28.653136060654958        4.8529889232096050E-002
   1.6960000238418749       -28.643356055158460        4.8534586758593866E-002
   1.6950000238418750       -28.633578031075018        4.8539286699665278E-002
   1.6940000238418751       -28.623801990569206        4.8543989057969757E-002
   1.6930000238418752       -28.614027935807421        4.8548693836183737E-002
   1.6920000238418753       -28.604255868959456        4.8553401036977001E-002
   1.6910000238418754       -28.594485792198050        4.8558110663018947E-002
   1.6900000238418755       -28.584717707698566        4.8562822716984769E-002
   1.6890000238418756       -28.574951617641233        4.8567537201518317E-002
   1.6880000238418758       -28.565187524206628        4.8572254119307948E-002
   1.6870000238418759       -28.555425429581128        4.8576973472995173E-002
   1.6860000238418760       -28.545665335952336        4.8581695265245924E-002
   1.6850000238418761       -28.535907245512288        4.8586419498709420E-002
   1.6840000238418762       -28.526151160455338        4.8591146176041780E-002
   1.6830000238418763       -28.516397082978735        4.8595875299900108E-002
   1.6820000238418764       -28.506645015284281        4.8600606872918381E-002
   1.6810000238418765       -28.496894959575229        4.8605340897751301E-002
   1.6800000238418766       -28.487146918058649        4.8610077377046368E-002
   1.6790000238418767       -28.477400892945479        4.8614816313433180E-002
   1.6780000238418769       -28.467656886448722        4.8619557709556720E-002
   1.6770000238418770       -28.457914900785450        4.8624301568045432E-002
   1.6760000238418771       -28.448174938175068        4.8629047891539198E-002
   1.6750000238418772       -28.438437000840377        4.8633796682668838E-002
   1.6740000238418773       -28.428701091008048        4.8638547944057725E-002
   1.6730000238418774       -28.418967210906889        4.8643301678332154E-002
   1.6720000238418775       -28.409235362770197        4.8648057888108519E-002
   1.6710000238418776       -28.399505548833112        4.8652816576013544E-002
   1.6700000238418777       -28.389777771334565        4.8657577744661104E-002
   1.6690000238418778       -28.380052032516907        4.8662341396663047E-002
   1.6680000238418780       -28.370328334625825        4.8667107534625470E-002
   1.6670000238418781       -28.360606679909093        4.8671876161169934E-002
   1.6660000238418782       -28.350887070619123        4.8676647278883094E-002
   1.6650000238418783       -28.341169509010776        4.8681420890379634E-002
   1.6640000238418784       -28.331453997342315        4.8686196998255805E-002
   1.6630000238418785       -28.321740537875350        4.8690975605100467E-002
   1.6620000238418786       -28.312029132874500        4.8695756713509931E-002
   1.6610000238418787       -28.302319784607977        4.8700540326073037E-002
   1.6600000238418788       -28.292612495346546        4.8705326445381870E-002
   1.6590000238418789       -28.282907267365431        4.8710115074007528E-002
   1.6580000238418791       -28.273204102941637        4.8714906214543045E-002
   1.6570000238418792       -28.263503004357016        4.8719699869549764E-002
   1.6560000238418793       -28.253803973895554        4.8724496041611637E-002
   1.6550000238418794       -28.244107013844879        4.8729294733292239E-002
   1.6540000238418795       -28.234412126495982        4.8734095947159078E-002
   1.6530000238418796       -28.224719314142696        4.8738899685784369E-002
   1.6520000238418797       -28.215028579083498        4.8743705951703048E-002
   1.6510000238418798       -28.205339923618059        4.8748514747499888E-002
   1.6500000238418799       -28.195653350051014        4.8753326075710902E-002
   1.6490000238418800       -28.185968860690036        4.8758139938886454E-002
   1.6480000238418802       -28.176286457845766        4.8762956339570646E-002
   1.6470000238418803       -28.166606143832031        4.8767775280310934E-002
   1.6460000238418804       -28.156927920966723        4.8772596763635573E-002
   1.6450000238418805       -28.147251791569886        4.8777420792092525E-002
   1.6440000238418806       -28.137577757966117        4.8782247368203684E-002
   1.6430000238418807       -28.127905822483008        4.8787076494493015E-002
   1.6420000238418808       -28.118235987451040        4.8791908173492562E-002
   1.6410000238418809       -28.108568255204773        4.8796742407710342E-002
   1.6400000238418810       -28.098902628081397        4.8801579199666642E-002
   1.6390000238418811       -28.089239108421907        4.8806418551875549E-002
   1.6380000238418813       -28.079577698571004        4.8811260466835656E-002
   1.6370000238418814       -28.069918400875586        4.8816104947062545E-002
   1.6360000238418815       -28.060261217687383        4.8820951995045325E-002
   1.6350000238418816       -28.050606151360629        4.8825801613280470E-002
   1.6340000238418817       -28.040953204253068        4.8830653804264310E-002
   1.6330000238418818       -28.031302378726398        4.8835508570476915E-002
   1.6320000238418819       -28.021653677144634        4.8840365914409739E-002
   1.6310000238418820       -28.012007101876240        4.8845225838532971E-002
   1.6300000238418821       -28.002362655292981        4.8850088345321528E-002
   1.6290000238418822       -27.992720339769381        4.8854953437250076E-002
   1.6280000238418824       -27.983080157684025        4.8859821116781187E-002
   1.6270000238418825       -27.973442111418436        4.8864691386381373E-002
   1.6260000238418826       -27.963806203358295        4.8869564248501120E-002
   1.6250000238418827       -27.954172435892080        4.8874439705594026E-002
   1.6240000238418828       -27.944540811412189        4.8879317760110015E-002
   1.6230000238418829       -27.934911332313870        4.8884198414491847E-002
   1.6220000238418830       -27.925284000996754        4.8889081671173847E-002
   1.6210000238418831       -27.915658819862657        4.8893967532604082E-002
   1.6200000238418832       -27.906035791318438        4.8898856001196311E-002
   1.6190000238418834       -27.896414917773132        4.8903747079386051E-002
   1.6180000238418835       -27.886796201639857        4.8908640769590561E-002
   1.6170000238418836       -27.877179645335442        4.8913537074222802E-002
   1.6160000238418837       -27.867565251279473        4.8918435995697042E-002
   1.6150000238418838       -27.857953021896009        4.8923337536414223E-002
   1.6140000238418839       -27.848342959611141        4.8928241698791668E-002
   1.6130000238418840       -27.838735066856913        4.8933148485198537E-002
   1.6120000238418841       -27.829129346065990        4.8938057898052847E-002
   1.6110000238418842       -27.819525799676821        4.8942969939727111E-002
   1.6100000238418843       -27.809924430130181        4.8947884612604617E-002
   1.6090000238418845       -27.800325239870944        4.8952801919068395E-002
   1.6080000238418846       -27.790728231347448        4.8957721861479508E-002
   1.6070000238418847       -27.781133407011382        4.8962644442211566E-002
   1.6060000238418848       -27.771540769318200        4.8967569663622389E-002
   1.6050000238418849       -27.761950320726818        4.8972497528066927E-002
   1.6040000238418850       -27.752362063699696        4.8977428037900131E-002
   1.6030000238418851       -27.742776000702772        4.8982361195467866E-002
   1.6020000238418852       -27.733192134206003        4.8987297003104495E-002
   1.6010000238418853       -27.723610466682395        4.8992235463152095E-002
