   2.7999999523162842       -28.775515373282197       0.40931715648783745     
   2.7989999523162843       -28.768149656347440       0.40909575921253727     
   2.7979999523162844       -28.760787928868034       0.40887388345334741     
   2.7969999523162845       -28.753430199477563       0.40865152662813387     
   2.7959999523162846       -28.746076476854199       0.40842868661947579     
   2.7949999523162847       -28.738726769721325       0.40820536071292196     
   2.7939999523162848       -28.731381086848174       0.40798154615337523     
   2.7929999523162850       -28.724039437050507       0.40775724070942398     
   2.7919999523162851       -28.716701829191262       0.40753244156133273     
   2.7909999523162852       -28.709368272181152       0.40730714603418966     
   2.7899999523162853       -28.702038774979414       0.40708135122182343     
   2.7889999523162854       -28.694713346594412       0.40685505475591693     
   2.7879999523162855       -28.687391996084319       0.40662825366406641     
   2.7869999523162856       -28.680074732557816       0.40640094493113477     
   2.7859999523162857       -28.672761565174731       0.40617312607121020     
   2.7849999523162858       -28.665452503146735       0.40594479400183708     
   2.7839999523162859       -28.658147555738001       0.40571594578650899     
   2.7829999523162861       -28.650846732265922       0.40548657825360102     
   2.7819999523162862       -28.643550042101772       0.40525668877680326     
   2.7809999523162863       -28.636257494671387       0.40502627411665088     
   2.7799999523162864       -28.628969099455844       0.40479533118477984     
   2.7789999523162865       -28.621684865992169       0.40456385665185129     
   2.7779999523162866       -28.614404803873988       0.40433184775106934     
   2.7769999523162867       -28.607128922752253       0.40409930108552455     
   2.7759999523162868       -28.599857232335868       0.40386621321467697     
   2.7749999523162869       -28.592589742392402       0.40363258125383861     
   2.7739999523162870       -28.585326462748771       0.40339840169549612     
   2.7729999523162872       -28.578067403291886       0.40316367118738977     
   2.7719999523162873       -28.570812573969341       0.40292838613372628     
   2.7709999523162874       -28.563561984790056       0.40269254351311962     
   2.7699999523162875       -28.556315645824967       0.40245613966487270     
   2.7689999523162876       -28.549073567207635       0.40221917088636805     
   2.7679999523162877       -28.541835759134941       0.40198163404359322     
   2.7669999523162878       -28.534602231867687       0.40174352537117475     
   2.7659999523162879       -28.527372995731220       0.40150484126515384     
   2.7649999523162880       -28.520148061116092       0.40126557787746381     
   2.7639999523162881       -28.512927438478620       0.40102573194796737     
   2.7629999523162883       -28.505711138341539       0.40078529957023495     
   2.7619999523162884       -28.498499171294533       0.40054427679999866     
   2.7609999523162885       -28.491291547994848       0.40030266027553402     
   2.7599999523162886       -28.484088279167839       0.40006044599830215     
   2.7589999523162887       -28.476889375607506       0.39981763013935212     
   2.7579999523162888       -28.469694848177042       0.39957420862810544     
   2.7569999523162889       -28.462504707809323       0.39933017799586484     
   2.7559999523162890       -28.455318965507441       0.39908553412500009     
   2.7549999523162891       -28.448137632345130       0.39884027307671954     
   2.7539999523162892       -28.440960719467263       0.39859439066993124     
   2.7529999523162894       -28.433788238090251       0.39834788334449212     
   2.7519999523162895       -28.426620199502498       0.39810074688135877     
   2.7509999523162896       -28.419456615064774       0.39785297703607114     
   2.7499999523162897       -28.412297496210535       0.39760457017895123     
   2.7489999523162898       -28.405142854446350       0.39735552203543884     
   2.7479999523162899       -28.397992701352130       0.39710582852081733     
   2.7469999523162900       -28.390847048581477       0.39685548531755793     
   2.7459999523162901       -28.383705907861895       0.39660448874039100     
   2.7449999523162902       -28.376569290995022       0.39635283445426162     
   2.7439999523162903       -28.369437209856848       0.39610051832447518     
   2.7429999523162905       -28.362309676397867       0.39584753598770234     
   2.7419999523162906       -28.355186702643191       0.39559388372891824     
   2.7409999523162907       -28.348068300692660       0.39533955718182806     
   2.7399999523162908       -28.340954482720868       0.39508455219135885     
   2.7389999523162909       -28.333845260977217       0.39482886437999704     
   2.7379999523162910       -28.326740647785890       0.39457249003266420     
   2.7369999523162911       -28.319640655545765       0.39431542478547332     
   2.7359999523162912       -28.312545296730367       0.39405766449667934     
   2.7349999523162913       -28.305454583887652       0.39379920503361554     
   2.7339999523162914       -28.298368529639887       0.39354004204522497     
   2.7329999523162916       -28.291287146683405       0.39328017187715336     
   2.7319999523162917       -28.284210447788308       0.39301959021554916     
   2.7309999523162918       -28.277138445798162       0.39275829298868326     
   2.7299999523162919       -28.270071153629655       0.39249627591776026     
   2.7289999523162920       -28.263008584272129       0.39223353542821138     
   2.7279999523162921       -28.255950750787168       0.39197006729898859     
   2.7269999523162922       -28.248897666308054       0.39170586756127929     
   2.7259999523162923       -28.241849344039228       0.39144093227889709     
   2.7249999523162924       -28.234805797255667       0.39117525731918323     
   2.7239999523162925       -28.227767039302208       0.39090883927770242     
   2.7229999523162927       -28.220733083592844       0.39064167410718692     
   2.7219999523162928       -28.213703943609978       0.39037375803053176     
   2.7209999523162929       -28.206679632903537       0.39010508731772908     
   2.7199999523162930       -28.199660165090187       0.38983565828875116     
   2.7189999523162931       -28.192645553852334       0.38956546707910311     
   2.7179999523162932       -28.185635812937189       0.38929451058739384     
   2.7169999523162933       -28.178630956155690       0.38902278506921278     
   2.7159999523162934       -28.171630997381463       0.38875028707422299     
   2.7149999523162935       -28.164635950549645       0.38847701321695399     
   2.7139999523162937       -28.157645829655728       0.38820296017969780     
   2.7129999523162938       -28.150660648754247       0.38792812471546118     
   2.7119999523162939       -28.143680421957555       0.38765250340826996     
   2.7109999523162940       -28.136705163434442       0.38737609364217535     
   2.7099999523162941       -28.129734887408716       0.38709889216134113     
   2.7089999523162942       -28.122769608157782       0.38682089603031738     
   2.7079999523162943       -28.115809340011097       0.38654210239855247     
   2.7069999523162944       -28.108854097348669       0.38626250850306981     
   2.7059999523162945       -28.101903894599424       0.38598211167112584     
   2.7049999523162946       -28.094958746239531       0.38570090932283035     
   2.7039999523162948       -28.088018666790788       0.38541889897360476     
   2.7029999523162949       -28.081083670818810       0.38513607799019883     
   2.7019999523162950       -28.074153772931290       0.38485244457615270     
   2.7009999523162951       -28.067228987776147       0.38456799630381489     
   2.6999999523162952       -28.060309330039679       0.38428273109370986     
   2.6989999523162953       -28.053394814444673       0.38399664697314190     
   2.6979999523162954       -28.046485455748414       0.38370974207823022     
   2.6969999523162955       -28.039581268740761       0.38342201465580550     
   2.6959999523162956       -28.032682268242130       0.38313346306522589     
   2.6949999523162957       -28.025788469101421       0.38284408578011142     
   2.6939999523162959       -28.018899886193978       0.38255388138990692     
   2.6929999523162960       -28.012016534419480       0.38226284860138904     
   2.6919999523162961       -28.005138428699823       0.38197098624002002     
   2.6909999523162962       -27.998265583976952       0.38167829325120434     
   2.6899999523162963       -27.991398015210713       0.38138476870139609     
   2.6889999523162964       -27.984535737376675       0.38109041177911301     
   2.6879999523162965       -27.977678765463878       0.38079522179580838     
   2.6869999523162966       -27.970827114472669       0.38049919818659794     
   2.6859999523162967       -27.963980799412433       0.38020234051090174     
   2.6849999523162968       -27.957139835299358       0.37990464845291044     
   2.6839999523162970       -27.950304237154210       0.37960612182195191     
   2.6829999523162971       -27.943474020000043       0.37930676055271279     
   2.6819999523162972       -27.936649198859964       0.37900656470534222     
   2.6809999523162973       -27.929829788754866       0.37870553446540595     
   2.6799999523162974       -27.923015804701183       0.37840367014373566     
   2.6789999523162975       -27.916207261708600       0.37810097217614325     
   2.6779999523162976       -27.909404174777883       0.37779744112297908     
   2.6769999523162977       -27.902606558898565       0.37749307766863660     
   2.6759999523162978       -27.895814429046748       0.37718788262084857     
   2.6749999523162979       -27.889027800182909       0.37688185716964528     
   2.6739999523162981       -27.882246687249658       0.37657500184547033     
   2.6729999523162982       -27.875471105169602       0.37626731808270220     
   2.6719999523162983       -27.868701068843169       0.37595880717357172     
   2.6709999523162984       -27.861936593146432       0.37564947052866726     
   2.6699999523162985       -27.855177692929058       0.37533930967552576     
   2.6689999523162986       -27.848424383012144       0.37502832625729238     
   2.6679999523162987       -27.841676678186204       0.37471652203112449     
   2.6669999523162988       -27.834934593209084       0.37440389886663117     
   2.6659999523162989       -27.828198142803998       0.37409045900920601     
   2.6649999523162990       -27.821467341657549       0.37377620401416045     
   2.6639999523162992       -27.814742204417740       0.37346113634654848     
   2.6629999523162993       -27.808022745692107       0.37314525830784323     
   2.6619999523162994       -27.801308980045818       0.37282857230265631     
   2.6609999523162995       -27.794600921999862       0.37251108083666479     
   2.6599999523162996       -27.787898586029225       0.37219278651448212     
   2.6589999523162997       -27.781201986561140       0.37187369230501610     
   2.6579999523162998       -27.774511137973363       0.37155380046422082     
   2.6569999523162999       -27.767826054592469       0.37123311415264648     
   2.6559999523163000       -27.761146750692284       0.37091163634845875     
   2.6549999523163001       -27.754473240492189       0.37058937011742771     
   2.6539999523163003       -27.747805538155628       0.37026631861057502     
   2.6529999523163004       -27.741143657788587       0.36994248533052487     
   2.6519999523163005       -27.734487613438102       0.36961787304822546     
   2.6509999523163006       -27.727837419090864       0.36929248543052839     
   2.6499999523163007       -27.721193088671804       0.36896632594531226     
   2.6489999523163008       -27.714554636042781       0.36863939813355334     
   2.6479999523163009       -27.707922075001278       0.36831170587890605     
   2.6469999523163010       -27.701295419279145       0.36798325231064999     
   2.6459999523163011       -27.694674682541411       0.36765404145298841     
   2.6449999523163013       -27.688059878385090       0.36732407711490772     
   2.6439999523163014       -27.681451020338120       0.36699336316629794     
   2.6429999523163015       -27.674848121858222       0.36666190380809405     
   2.6419999523163016       -27.668251196331909       0.36632970247259677     
   2.6409999523163017       -27.661660257073486       0.36599676347787163     
   2.6399999523163018       -27.655075317324091       0.36566309091369048     
   2.6389999523163019       -27.648496390250813       0.36532868919738060     
   2.6379999523163020       -27.641923488945832       0.36499356195002436     
   2.6369999523163021       -27.635356626425544       0.36465771368827860     
   2.6359999523163022       -27.628795815629850       0.36432114868491056     
   2.6349999523163024       -27.622241069421356       0.36398387125294313     
   2.6339999523163025       -27.615692400584688       0.36364588601844328     
   2.6329999523163026       -27.609149821825834       0.36330719681049867     
   2.6319999523163027       -27.602613345771523       0.36296780833348641     
   2.6309999523163028       -27.596082984968564       0.36262772504056739     
   2.6299999523163029       -27.589558751883384       0.36228695169323122     
   2.6289999523163030       -27.583040658901439       0.36194549223750122     
   2.6279999523163031       -27.576528718326713       0.36160335149807321     
   2.6269999523163032       -27.570022942381350       0.36126053403699443     
   2.6259999523163033       -27.563523343205134       0.36091704471999697     
   2.6249999523163035       -27.557029932855134       0.36057288758189043     
   2.6239999523163036       -27.550542723305345       0.36022806753793823     
   2.6229999523163037       -27.544061726446344       0.35988258923098115     
   2.6219999523163038       -27.537586954085000       0.35953645760308395     
   2.6209999523163039       -27.531118417944178       0.35918967675251284     
   2.6199999523163040       -27.524656129662475       0.35884225165877637     
   2.6189999523163041       -27.518200100794061       0.35849418702060309     
   2.6179999523163042       -27.511750342808384       0.35814548783189148     
   2.6169999523163043       -27.505306867090088       0.35779615823197358     
   2.6159999523163044       -27.498869684938768       0.35744620324167581     
   2.6149999523163046       -27.492438807568906       0.35709562759398017     
   2.6139999523163047       -27.486014246109757       0.35674443631351033     
   2.6129999523163048       -27.479596011605196       0.35639263356116246     
   2.6119999523163049       -27.473184115013741       0.35604022437952820     
   2.6109999523163050       -27.466778567208404       0.35568721351736138     
   2.6099999523163051       -27.460379378976739       0.35533360601227815     
   2.6089999523163052       -27.453986561020791       0.35497940602992334     
   2.6079999523163053       -27.447600123957063       0.35462461861839029     
   2.6069999523163054       -27.441220078316590       0.35426924852673625     
   2.6059999523163055       -27.434846434544937       0.35391330079091987     
   2.6049999523163057       -27.428479203002254       0.35355677956719367     
   2.6039999523163058       -27.422118393963277       0.35319968989586048     
   2.6029999523163059       -27.415764017617501       0.35284203651366053     
   2.6019999523163060       -27.409416084069168       0.35248382444317422     
   2.6009999523163061       -27.403074603337387       0.35212505781944903     
   2.5999999523163062       -27.396739585356254       0.35176574166453467     
   2.5989999523163063       -27.390411039974939       0.35140588069278106     
   2.5979999523163064       -27.384088976957827       0.35104547990435808     
   2.5969999523163065       -27.377773405984598       0.35068454340338717     
   2.5959999523163066       -27.371464336650448       0.35032307618575725     
   2.5949999523163068       -27.365161778466145       0.34996108293566186     
   2.5939999523163069       -27.358865740858228       0.34959856862420985     
   2.5929999523163070       -27.352576233169156       0.34923553731671669     
   2.5919999523163071       -27.346293264657465       0.34887199397729929     
   2.5909999523163072       -27.340016844497924       0.34850794325424306     
   2.5899999523163073       -27.333746981781740       0.34814338978619047     
   2.5889999523163074       -27.327483685516697       0.34777833849000844     
   2.5879999523163075       -27.321226964627332       0.34741279339776543     
   2.5869999523163076       -27.314976827955160       0.34704675941675406     
   2.5859999523163077       -27.308733284258842       0.34668024114501228     
   2.5849999523163079       -27.302496342214354       0.34631324346238923     
   2.5839999523163080       -27.296266010415192       0.34594577035057772     
   2.5829999523163081       -27.290042297372555       0.34557782667890158     
   2.5819999523163082       -27.283825211515577       0.34520941700268415     
   2.5809999523163083       -27.277614761191455       0.34484054616401827     
   2.5799999523163084       -27.271410954665708       0.34447121809060888     
   2.5789999523163085       -27.265213800122343       0.34410143761369727     
   2.5779999523163086       -27.259023305664044       0.34373120924499223     
   2.5769999523163087       -27.252839479312389       0.34336053748528633     
   2.5759999523163088       -27.246662329008039       0.34298942711782376     
   2.5749999523163090       -27.240491862610941       0.34261788202450172     
   2.5739999523163091       -27.234328087900501       0.34224590697759694     
   2.5729999523163092       -27.228171012575800       0.34187350643453224     
   2.5719999523163093       -27.222020644255764       0.34150068514316373     
   2.5709999523163094       -27.215876990479433       0.34112744692673436     
   2.5699999523163095       -27.209740058706004       0.34075379652282645     
   2.5689999523163096       -27.203609856315158       0.34037973834652246     
   2.5679999523163097       -27.197486390607203       0.34000527680256842     
   2.5669999523163098       -27.191369668803219       0.33963041658528947     
   2.5659999523163100       -27.185259698045314       0.33925516146909879     
   2.5649999523163101       -27.179156485396724       0.33887951613891659     
   2.5639999523163102       -27.173060037842049       0.33850348495927696     
   2.5629999523163103       -27.166970362287437       0.33812707228497252     
   2.5619999523163104       -27.160887465560709       0.33775028276153463     
   2.5609999523163105       -27.154811354411560       0.33737312011396825     
   2.5599999523163106       -27.148742035511717       0.33699558897957316     
   2.5589999523163107       -27.142679515455121       0.33661769367568412     
   2.5579999523163108       -27.136623800758088       0.33623943851064747     
   2.5569999523163109       -27.130574897859439       0.33586082808674789     
   2.5559999523163111       -27.124532813120702       0.33548186607927777     
   2.5549999523163112       -27.118497552826245       0.33510255708371239     
   2.5539999523163113       -27.112469123183406       0.33472290537405425     
   2.5529999523163114       -27.106447530322683       0.33434291521613063     
   2.5519999523163115       -27.100432780297847       0.33396259117511434     
   2.5509999523163116       -27.094424879086112       0.33358193687629484     
   2.5499999523163117       -27.088423832588251       0.33320095687961138     
   2.5489999523163118       -27.082429646628743       0.33281965541985348     
   2.5479999523163119       -27.076442326955924       0.33243803672442407     
   2.5469999523163120       -27.070461879242053       0.33205610501362537     
   2.5459999523163122       -27.064488309083519       0.33167386480519667     
   2.5449999523163123       -27.058521622000946       0.33129131968702569     
   2.5439999523163124       -27.052561823439270       0.33090847417322111     
   2.5429999523163125       -27.046608918767909       0.33052533245699312     
   2.5419999523163126       -27.040662913280855       0.33014189872522137     
   2.5409999523163127       -27.034723812196791       0.32975817715858363     
   2.5399999523163128       -27.028791620659195       0.32937417223629645     
   2.5389999523163129       -27.022866343736464       0.32898988750875280     
   2.5379999523163130       -27.016947986421982       0.32860532745311333     
   2.5369999523163131       -27.011036553634305       0.32822049622682875     
   2.5359999523163133       -27.005132050217117       0.32783539798196204     
   2.5349999523163134       -26.999234480939496       0.32745003686525831     
   2.5339999523163135       -26.993343850495862       0.32706441732614866     
   2.5329999523163136       -26.987460163506178       0.32667854287669912     
   2.5319999523163137       -26.981583424515936       0.32629241796576897     
   2.5309999523163138       -26.975713637996350       0.32590604672040635     
   2.5299999523163139       -26.969850808344351       0.32551943326307697     
   2.5289999523163140       -26.963994939882731       0.32513258171177484     
   2.5279999523163141       -26.958146036860164       0.32474549649452261     
   2.5269999523163142       -26.952304103451358       0.32435818108326187     
   2.5259999523163144       -26.946469143757042       0.32397063990677449     
   2.5249999523163145       -26.940641161804120       0.32358287706641048     
   2.5239999523163146       -26.934820161545687       0.32319489665964524     
   2.5229999523163147       -26.929006146861106       0.32280670278019713     
   2.5219999523163148       -26.923199121556124       0.32241829951809847     
   2.5209999523163149       -26.917399089362853       0.32202969127568604     
   2.5199999523163150       -26.911606053939899       0.32164088149583542     
   2.5189999523163151       -26.905820018872426       0.32125187458268245     
   2.5179999523163152       -26.900040987672156       0.32086267461254164     
   2.5169999523163153       -26.894268963777481       0.32047328565852323     
   2.5159999523163155       -26.888503950553499       0.32008371179058404     
   2.5149999523163156       -26.882745951292097       0.31969395707562276     
   2.5139999523163157       -26.876994969211943       0.31930402557756454     
   2.5129999523163158       -26.871251007458635       0.31891392167100280     
   2.5119999523163159       -26.865514069104655       0.31852364877894779     
   2.5109999523163160       -26.859784157149470       0.31813321127845701     
   2.5099999523163161       -26.854061274519587       0.31774261322209502     
   2.5089999523163162       -26.848345424068576       0.31735185865971749     
   2.5079999523163163       -26.842636608577166       0.31696095163852306     
   2.5069999523163164       -26.836934830753201       0.31656989620311837     
   2.5059999523163166       -26.831240093231802       0.31617869639550261     
   2.5049999523163167       -26.825552398575326       0.31578735657185725     
   2.5039999523163168       -26.819871749273478       0.31539588012825132     
   2.5029999523163169       -26.814198147743227       0.31500427142354326     
   2.5019999523163170       -26.808531596329036       0.31461253448969700     
