   2.7999999523162842       -29.022236697937362       0.39164488638043410     
   2.7989999523162843       -29.015189004718064       0.39143208191269901     
   2.7979999523162844       -29.008145145150014       0.39121892495770161     
   2.7969999523162845       -29.001105125592662       0.39100541388525195     
   2.7959999523162846       -28.994068952434965       0.39079154686093975     
   2.7949999523162847       -28.987036632095737       0.39057732258068167     
   2.7939999523162848       -28.980008171023993       0.39036273917758035     
   2.7929999523162850       -28.972983575699324       0.39014779494433083     
   2.7919999523162851       -28.965962852632209       0.38993248796841384     
   2.7909999523162852       -28.958946008364389       0.38971681686865922     
   2.7899999523162853       -28.951933049469215       0.38950077969994890     
   2.7889999523162854       -28.944923982551995       0.38928437467715615     
   2.7879999523162855       -28.937918814250342       0.38906759999575974     
   2.7869999523162856       -28.930917551234533       0.38885045363915804     
   2.7859999523162857       -28.923920200207842       0.38863293414291733     
   2.7849999523162858       -28.916926767906901       0.38841503945835920     
   2.7839999523162859       -28.909937261102019       0.38819676770385508     
   2.7829999523162861       -28.902951686597586       0.38797811678546412     
   2.7819999523162862       -28.895970051232347       0.38775908516336283     
   2.7809999523162863       -28.888992361879779       0.38753967071223860     
   2.7799999523162864       -28.882018625448410       0.38731987147482805     
   2.7789999523162865       -28.875048848882194       0.38709968528153960     
   2.7779999523162866       -28.868083039160794       0.38687911051910184     
   2.7769999523162867       -28.861121203299920       0.38665814498768974     
   2.7759999523162868       -28.854163348351719       0.38643678665677711     
   2.7749999523162869       -28.847209481405013       0.38621503328377699     
   2.7739999523162870       -28.840259609585658       0.38599288318479202     
   2.7729999523162872       -28.833313740056848       0.38577033408862910     
   2.7719999523162873       -28.826371880019448       0.38554738389492116     
   2.7709999523162874       -28.819434036712252       0.38532403048651531     
   2.7699999523162875       -28.812500217412353       0.38510027152870629     
   2.7689999523162876       -28.805570429435367       0.38487610526719046     
   2.7679999523162877       -28.798644680135762       0.38465152934167590     
   2.7669999523162878       -28.791722976907113       0.38442654157101802     
   2.7659999523162879       -28.784805327182418       0.38420113955779611     
   2.7649999523162880       -28.777891738434313       0.38397532148701469     
   2.7639999523162881       -28.770982218175384       0.38374908493861198     
   2.7629999523162883       -28.764076773958376       0.38352242767358619     
   2.7619999523162884       -28.757175413376466       0.38329534723851011     
   2.7609999523162885       -28.750278144063472       0.38306784176403169     
   2.7599999523162886       -28.743384973694148       0.38283990877770213     
   2.7589999523162887       -28.736495909984313       0.38261154599015218     
   2.7579999523162888       -28.729610960691097       0.38238275110079045     
   2.7569999523162889       -28.722730133613123       0.38215352159158239     
   2.7559999523162890       -28.715853436590734       0.38192385554852915     
   2.7549999523162891       -28.708980877506136       0.38169375044027271     
   2.7539999523162892       -28.702112464283580       0.38146320392731864     
   2.7529999523162894       -28.695248204889477       0.38123221345630032     
   2.7519999523162895       -28.688388107332578       0.38100077707782437     
   2.7509999523162896       -28.681532179664075       0.38076889223049509     
   2.7499999523162897       -28.674680429977734       0.38053655654685159     
   2.7489999523162898       -28.667832866409960       0.38030376765435092     
   2.7479999523162899       -28.660989497139926       0.38007052296597899     
   2.7469999523162900       -28.654150330389605       0.37983682051585976     
   2.7459999523162901       -28.647315374423858       0.37960265771678198     
   2.7449999523162902       -28.640484637550436       0.37936803218413739     
   2.7439999523162903       -28.633658128120025       0.37913294153251503     
   2.7429999523162905       -28.626835854526252       0.37889738316307248     
   2.7419999523162906       -28.620017825205672       0.37866135511298826     
   2.7409999523162907       -28.613204048637741       0.37842485479225113     
   2.7399999523162908       -28.606394533344744       0.37818787982180374     
   2.7389999523162909       -28.599589287891789       0.37795042782669508     
   2.7379999523162910       -28.592788320886658       0.37771249622137115     
   2.7369999523162911       -28.585991640979746       0.37747408306830393     
   2.7359999523162912       -28.579199256863944       0.37723518580094711     
   2.7349999523162913       -28.572411177274439       0.37699580207152411     
   2.7339999523162914       -28.565627410988625       0.37675592954186243     
   2.7329999523162916       -28.558847966825894       0.37651556566795946     
   2.7319999523162917       -28.552072853647388       0.37627470856232947     
   2.7309999523162918       -28.545302080355839       0.37603335571119817     
   2.7299999523162919       -28.538535655895302       0.37579150482657586     
   2.7289999523162920       -28.531773589250840       0.37554915363609215     
   2.7279999523162921       -28.525015889448305       0.37530629988422465     
   2.7269999523162922       -28.518262565553972       0.37506294111298899     
   2.7259999523162923       -28.511513626674205       0.37481907554076899     
   2.7249999523162924       -28.504769081955125       0.37457470075447780     
   2.7239999523162925       -28.498028940582195       0.37432981457882009     
   2.7229999523162927       -28.491293211779833       0.37408441486185789     
   2.7219999523162928       -28.484561904810960       0.37383849947631576     
   2.7209999523162929       -28.477835028976564       0.37359206609893575     
   2.7199999523162930       -28.471112593615207       0.37334511309543739     
   2.7189999523162931       -28.464394608102541       0.37309763820294228     
   2.7179999523162932       -28.457681081850737       0.37284963940627353     
   2.7169999523162933       -28.450972024307958       0.37260111472169360     
   2.7159999523162934       -28.444267444957809       0.37235206219820738     
   2.7149999523162935       -28.437567353318691       0.37210247991898870     
   2.7139999523162937       -28.430871758943177       0.37185236600268939     
   2.7129999523162938       -28.424180671417375       0.37160171837700645     
   2.7119999523162939       -28.417494100360287       0.37135053568763232     
   2.7109999523162940       -28.410812055423026       0.37109881594371241     
   2.7099999523162941       -28.404134546288198       0.37084655741934003     
   2.7089999523162942       -28.397461582669010       0.37059375843089598     
   2.7079999523162943       -28.390793174308655       0.37034041733820894     
   2.7069999523162944       -28.384129330979423       0.37008653254594504     
   2.7059999523162945       -28.377470062481915       0.36983210250486120     
   2.7049999523162946       -28.370815378644174       0.36957712571307827     
   2.7039999523162948       -28.364165289320869       0.36932160048687213     
   2.7029999523162949       -28.357519804392354       0.36906552588097036     
   2.7019999523162950       -28.350878933763802       0.36880890031535152     
   2.7009999523162951       -28.344242687364250       0.36855172248982815     
   2.6999999523162952       -28.337611075145666       0.36829399115758660     
   2.6989999523162953       -28.330984107081974       0.36803570512631101     
   2.6979999523162954       -28.324361793168059       0.36777686325927250     
   2.6969999523162955       -28.317744143418739       0.36751746447640216     
   2.6959999523162956       -28.311131167867785       0.36725750775530286     
   2.6949999523162957       -28.304522876566821       0.36699699213227077     
   2.6939999523162959       -28.297919279584313       0.36673591670323696     
   2.6929999523162960       -28.291320387004401       0.36647428062471538     
   2.6919999523162961       -28.284726208925910       0.36621208311465520     
   2.6909999523162962       -28.278136755461162       0.36594932345331632     
   2.6899999523162963       -28.271552036734846       0.36568600098405413     
   2.6889999523162964       -28.264972062882929       0.36542211511409750     
   2.6879999523162965       -28.258396844051457       0.36515766531524463     
   2.6869999523162966       -28.251826390395390       0.36489265112455654     
   2.6859999523162967       -28.245260712077428       0.36462707214496715     
   2.6849999523162968       -28.238699819266831       0.36436092804587455     
   2.6839999523162970       -28.232143722138204       0.36409421856366869     
   2.6829999523162971       -28.225592430870286       0.36382694350221739     
   2.6819999523162972       -28.219045955644745       0.36355910273329295     
   2.6809999523162973       -28.212504306644917       0.36329069619696824     
   2.6799999523162974       -28.205967494054633       0.36302172390193610     
   2.6789999523162975       -28.199435528056931       0.36275218592581115     
   2.6779999523162976       -28.192908418832825       0.36248208241535035     
   2.6769999523162977       -28.186386176560081       0.36221141358662073     
   2.6759999523162978       -28.179868811411932       0.36194017972517784     
   2.6749999523162979       -28.173356333555851       0.36166838118607758     
   2.6739999523162981       -28.166848753152323       0.36139601839394958     
   2.6729999523162982       -28.160346080353499       0.36112309184296820     
   2.6719999523162983       -28.153848325302064       0.36084960209676303     
   2.6709999523162984       -28.147355498129940       0.36057554978827733     
   2.6699999523162985       -28.140867608956984       0.36030093561964505     
   2.6689999523162986       -28.134384667889837       0.36002576036191491     
   2.6679999523162987       -28.127906685020630       0.35975002485479085     
   2.6669999523162988       -28.121433670425748       0.35947373000632715     
   2.6659999523162989       -28.114965634164648       0.35919687679251466     
   2.6649999523162990       -28.108502586278597       0.35891946625690568     
   2.6639999523162992       -28.102044536789464       0.35864149951013569     
   2.6629999523162993       -28.095591495698557       0.35836297797861433     
   2.6619999523162994       -28.089143472985384       0.35808390240493643     
   2.6609999523162995       -28.082700478606448       0.35780427434902462     
   2.6599999523162996       -28.076262522494165       0.35752409518430056     
   2.6589999523162997       -28.069829614555648       0.35724336634828802     
   2.6579999523162998       -28.063401764671536       0.35696208934190365     
   2.6569999523162999       -28.056978982694911       0.35668026572869227     
   2.6559999523163000       -28.050561278450132       0.35639789713405928     
   2.6549999523163001       -28.044148661731775       0.35611498524440716     
   2.6539999523163003       -28.037741142303517       0.35583153180630767     
   2.6529999523163004       -28.031338729897044       0.35554753887760049     
   2.6519999523163005       -28.024941434211026       0.35526300781512699     
   2.6509999523163006       -28.018549264910050       0.35497794079574924     
   2.6499999523163007       -28.012162231623620       0.35469233979748976     
   2.6489999523163008       -28.005780343945123       0.35440620685379848     
   2.6479999523163009       -27.999403611430846       0.35411954405250473     
   2.6469999523163010       -27.993032043599047       0.35383235353479825     
   2.6459999523163011       -27.986665649928941       0.35354463775082812     
   2.6449999523163013       -27.980304439859808       0.35325639842769996     
   2.6439999523163014       -27.973948422790087       0.35296763812097709     
   2.6429999523163015       -27.967597608076439       0.35267835917440032     
   2.6419999523163016       -27.961252005032936       0.35238856397953278     
   2.6409999523163017       -27.954911622930155       0.35209825497462610     
   2.6399999523163018       -27.948576470994407       0.35180743464346853     
   2.6389999523163019       -27.942246558406868       0.35151610577083303     
   2.6379999523163020       -27.935921894302815       0.35122427040993559     
   2.6369999523163021       -27.929602487770886       0.35093193143563950     
   2.6359999523163022       -27.923288347852292       0.35063909150215328     
   2.6349999523163024       -27.916979483540104       0.35034575330333045     
   2.6339999523163025       -27.910675903778575       0.35005191957147663     
   2.6329999523163026       -27.904377617462433       0.34975759333384182     
   2.6319999523163027       -27.898084633436234       0.34946277687518912     
   2.6309999523163028       -27.891796960493693       0.34916747329925829     
   2.6299999523163029       -27.885514607377139       0.34887168548028602     
   2.6289999523163030       -27.879237582776803       0.34857541632507183     
   2.6279999523163031       -27.872965895330374       0.34827866903374716     
   2.6269999523163032       -27.866699553622354       0.34798144604460890     
   2.6259999523163033       -27.860438566183529       0.34768375062309487     
   2.6249999523163035       -27.854182941490532       0.34738558579446011     
   2.6239999523163036       -27.847932687965276       0.34708695461071443     
   2.6229999523163037       -27.841687813974492       0.34678786041427118     
   2.6219999523163038       -27.835448327829308       0.34648830577128914     
   2.6209999523163039       -27.829214237784790       0.34618829407861740     
   2.6199999523163040       -27.822985552039558       0.34588782848416555     
   2.6189999523163041       -27.816762278735354       0.34558691215708459     
   2.6179999523163042       -27.810544425956731       0.34528554855278615     
   2.6169999523163043       -27.804332001730611       0.34498374034072909     
   2.6159999523163044       -27.798125014026038       0.34468149102057027     
   2.6149999523163046       -27.791923470753837       0.34437880383603203     
   2.6139999523163047       -27.785727379766200       0.34407568204702638     
   2.6129999523163048       -27.779536748856618       0.34377212919471717     
   2.6119999523163049       -27.773351585759457       0.34346814802878284     
   2.6109999523163050       -27.767171898149734       0.34316374212518419     
   2.6099999523163051       -27.760997693642970       0.34285891479874336     
   2.6089999523163052       -27.754828979794855       0.34255366937575260     
   2.6079999523163053       -27.748665764101140       0.34224800945825190     
   2.6069999523163054       -27.742508053997412       0.34194193785490284     
   2.6059999523163055       -27.736355856858957       0.34163545819394775     
   2.6049999523163057       -27.730209180000568       0.34132857383887888     
   2.6039999523163058       -27.724068030676435       0.34102128843169027     
   2.6029999523163059       -27.717932416080025       0.34071360479923929     
   2.6019999523163060       -27.711802343343958       0.34040552660372136     
   2.6009999523163061       -27.705677819539900       0.34009705723306027     
   2.5999999523163062       -27.699558851678518       0.33978820007945992     
   2.5989999523163063       -27.693445446709369       0.33947895880768603     
   2.5979999523163064       -27.687337611520881       0.33916933627037921     
   2.5969999523163065       -27.681235352940245       0.33885933614564034     
   2.5959999523163066       -27.675138677733475       0.33854896183597977     
   2.5949999523163068       -27.669047592605274       0.33823821674490334     
   2.5939999523163069       -27.662962104199107       0.33792710454256936     
   2.5929999523163070       -27.656882219097170       0.33761562809204543     
   2.5919999523163071       -27.650807943820389       0.33730379107088965     
   2.5909999523163072       -27.644739284828450       0.33699159688080660     
   2.5899999523163073       -27.638676248519825       0.33667904919333691     
   2.5889999523163074       -27.632618841231810       0.33636615085440441     
   2.5879999523163075       -27.626567069240544       0.33605290553910749     
   2.5869999523163076       -27.620520938761139       0.33573931663903278     
   2.5859999523163077       -27.614480455947621       0.33542538754210083     
   2.5849999523163079       -27.608445626893129       0.33511112190064907     
   2.5839999523163080       -27.602416457629904       0.33479652254838016     
   2.5829999523163081       -27.596392954129406       0.33448159313688219     
   2.5819999523163082       -27.590375122302405       0.33416633703520815     
   2.5809999523163083       -27.584362967999095       0.33385075788096163     
   2.5799999523163084       -27.578356497009150       0.33353485847438180     
   2.5789999523163085       -27.572355715061892       0.33321864244969646     
   2.5779999523163086       -27.566360627826366       0.33290211315131035     
   2.5769999523163087       -27.560371240911490       0.33258527391668807     
   2.5759999523163088       -27.554387559866175       0.33226812834738634     
   2.5749999523163090       -27.548409590179432       0.33195067921472038     
   2.5739999523163091       -27.542437337280564       0.33163293011395401     
   2.5729999523163092       -27.536470806539263       0.33131488435204215     
   2.5719999523163093       -27.530510003265743       0.33099654550547797     
   2.5709999523163094       -27.524554932710945       0.33067791630001608     
   2.5699999523163095       -27.518605600066678       0.33035900030422616     
   2.5689999523163096       -27.512662010465700       0.33003980079089856     
   2.5679999523163097       -27.506724168982018       0.32972032102371368     
   2.5669999523163098       -27.500792080630887       0.32940056453285066     
   2.5659999523163100       -27.494865750369154       0.32908053400317744     
   2.5649999523163101       -27.488945183095296       0.32876023295518153     
   2.5639999523163102       -27.483030383649584       0.32843966461487173     
   2.5629999523163103       -27.477121356814390       0.32811883219842158     
   2.5619999523163104       -27.471218107314236       0.32779773918622562     
   2.5609999523163105       -27.465320639816049       0.32747638821743918     
   2.5599999523163106       -27.459428958929280       0.32715478276153614     
   2.5589999523163107       -27.453543069206152       0.32683292599447039     
   2.5579999523163108       -27.447662975141800       0.32651082136436710     
   2.5569999523163109       -27.441788681174433       0.32618847145251118     
   2.5559999523163111       -27.435920191685625       0.32586587969566272     
   2.5549999523163112       -27.430057511000381       0.32554304922823413     
   2.5539999523163113       -27.424200643387408       0.32521998317408579     
   2.5529999523163114       -27.418349593059254       0.32489668492888635     
   2.5519999523163115       -27.412504364172555       0.32457315702130768     
   2.5509999523163116       -27.406664960828181       0.32424940283516707     
   2.5499999523163117       -27.400831387071417       0.32392542545176090     
   2.5489999523163118       -27.395003646892206       0.32360122794166835     
   2.5479999523163119       -27.389181744225304       0.32327681364807259     
   2.5469999523163120       -27.383365682950508       0.32295218504426865     
   2.5459999523163122       -27.377555466892801       0.32262734546139782     
   2.5449999523163123       -27.371751099822578       0.32230229792709458     
   2.5439999523163124       -27.365952585455840       0.32197704545824291     
   2.5429999523163125       -27.360159927454358       0.32165159134632959     
   2.5419999523163126       -27.354373129425934       0.32132593800698578     
   2.5409999523163127       -27.348592194924493       0.32100008871971614     
   2.5399999523163128       -27.342817127450349       0.32067404645858399     
   2.5389999523163129       -27.337047930450389       0.32034781418700514     
   2.5379999523163130       -27.331284607318246       0.32002139485773301     
   2.5369999523163131       -27.325527161394504       0.31969479169231296     
   2.5359999523163133       -27.319775595966856       0.31936800705473739     
   2.5349999523163134       -27.314029914270371       0.31904104415459700     
   2.5339999523163135       -27.308290119487562       0.31871390590251258     
   2.5329999523163136       -27.302556214748719       0.31838659519859669     
   2.5319999523163137       -27.296828203131948       0.31805911521649538     
   2.5309999523163138       -27.291106087663501       0.31773146825883497     
   2.5299999523163139       -27.285389871317857       0.31740365748777727     
   2.5289999523163140       -27.279679557017936       0.31707568576214162     
   2.5279999523163141       -27.273975147635305       0.31674755593050469     
   2.5269999523163142       -27.268276645990355       0.31641927083128341     
   2.5259999523163144       -27.262584054852443       0.31609083357371776     
   2.5249999523163145       -27.256897376940152       0.31576224640552741     
   2.5239999523163146       -27.251216614921397       0.31543351242489848     
   2.5229999523163147       -27.245541771413617       0.31510463443020043     
   2.5219999523163148       -27.239872848984007       0.31477561520989500     
   2.5209999523163149       -27.234209850149639       0.31444645783115682     
   2.5199999523163150       -27.228552777377626       0.31411716447704680     
   2.5189999523163151       -27.222901633085399       0.31378773820437533     
   2.5179999523163152       -27.217256419640723       0.31345818176275653     
   2.5169999523163153       -27.211617139362019       0.31312849789218306     
   2.5159999523163155       -27.205983794518463       0.31279868932317467     
   2.5149999523163156       -27.200356387330110       0.31246875906581578     
   2.5139999523163157       -27.194734919968212       0.31213870924507969     
   2.5129999523163158       -27.189119394555224       0.31180854286132537     
   2.5119999523163159       -27.183509813165077       0.31147826260765904     
   2.5109999523163160       -27.177906177823253       0.31114787116805737     
   2.5099999523163161       -27.172308490507064       0.31081737121730763     
   2.5089999523163162       -27.166716753145739       0.31048676542116649     
   2.5079999523163163       -27.161130967620593       0.31015605671927110     
   2.5069999523163164       -27.155551135765201       0.30982524718535459     
   2.5059999523163166       -27.149977259365571       0.30949433974983154     
   2.5049999523163167       -27.144409340160273       0.30916333704284243     
   2.5039999523163168       -27.138847379840630       0.30883224168578177     
   2.5029999523163169       -27.133291380050824       0.30850105629135816     
   2.5019999523163170       -27.127741342388113       0.30816978375125470     
