   1.6000000238418579       -37.655607277791141       0.62892771966963934       0.33351411172531736     
   1.6010000238418578       -37.662792913043852       0.62773276147970647       0.33341080587287170     
   1.6020000238418577       -37.669988981212605       0.62652832697572913       0.33330754515048100     
   1.6030000238418576       -37.677195520885007       0.62531423366955918       0.33320432818886925     
   1.6040000238418575       -37.684412571344559       0.62409027930828953       0.33310115279853142     
   1.6050000238418574       -37.691640172595022       0.62285627070821148       0.33299801760134257     
   1.6060000238418572       -37.698878365386904       0.62161199146939006       0.33289492024309325     
   1.6070000238418571       -37.706127191244313       0.62035722992117526       0.33279185896014868     
   1.6080000238418570       -37.713386692493998       0.61909176593068116       0.33268883186085463     
   1.6090000238418569       -37.720656912295098       0.61781535971824253       0.33258583634431393     
   1.6100000238418568       -37.727937894671470       0.61652777820134641       0.33248287053858816     
   1.6110000238418567       -37.735229684545118       0.61522876319986863       0.33237993161633089     
   1.6120000238418566       -37.742532327771279       0.61391805890627338       0.33227701728058306     
   1.6130000238418565       -37.749845871176170       0.61259539890142989       0.33217412508761002     
   1.6140000238418564       -37.757170362596327       0.61126049407752481       0.33207125185252362     
   1.6150000238418563       -37.764505850920429       0.60991305582028854       0.33196839487613311     
   1.6160000238418561       -37.771852386133439       0.60855278316988348       0.33186555129698309     
   1.6170000238418560       -37.779210019363610       0.60717935016320856       0.33176271748760455     
   1.6180000238418559       -37.786578802932034       0.60579242936773514       0.33165989027377268     
   1.6190000238418558       -37.793958790405632       0.60439167461133758       0.33155706609115909     
   1.6200000238418557       -37.801350036652849       0.60297672828707627       0.33145424138256485     
   1.6210000238418556       -37.808752597903855       0.60154720400153394       0.33135141178834726     
   1.6220000238418555       -37.816166531813707       0.60010271021439754       0.33124857333838281     
   1.6230000238418554       -37.823591897530363       0.59864283245016092       0.33114572162432560     
   1.6240000238418553       -37.831028755766688       0.59716713621774919       0.33104285198824512     
   1.6250000238418552       -37.838477168878221       0.59567516562339984       0.33093995950457705     
   1.6260000238418550       -37.845937200945784       0.59416644185720580       0.33083703895997402     
   1.6270000238418549       -37.853408917864087       0.59264046153961303       0.33073408483176142     
   1.6280000238418548       -37.860892387436877       0.59109669491093175       0.33063109126378665     
   1.6290000238418547       -37.868387679479703       0.58953458384528235       0.33052805204017982     
   1.6300000238418546       -37.875894865929418       0.58795353966889152       0.33042496055644743     
   1.6310000238418545       -37.883414020963350       0.58635294075692446       0.33032180978736281     
   1.6320000238418544       -37.890945221127311       0.58473212988182566       0.33021859225178757     
   1.6330000238418543       -37.898488545474365       0.58309041128089589       0.33011529997335132     
   1.6340000238418542       -37.906044075714838       0.58142704299083270       0.33001192425049486     
   1.6350000238418541       -37.913611896379798       0.57974125068903859       0.32990845634749888     
   1.6360000238418539       -37.921192094998098       0.57803219776193515       0.32980488633972382     
   1.6370000238418538       -37.928784762290178       0.57629899340953294       0.32970120359743887     
   1.6380000238418537       -37.936389992378821       0.57454070111138023       0.32959739726410053     
   1.6390000238418536       -37.944007883021044       0.57275630221297402       0.32949345492078391     
   1.6400000238418535       -37.951638535861576       0.57094472460804291       0.32938936392394857     
   1.6410000238418534       -37.959282056711984       0.56910480029577970       0.32928510989285342     
   1.6420000238418533       -37.966938555859414       0.56723528829303460       0.32918067783691668     
   1.6430000238418532       -37.974608148406951       0.56533484738424855       0.32907605131481632     
   1.6440000238418531       -37.982290954652058       0.56340203002612099       0.32897121247055749     
   1.6450000238418530       -37.989987100507882       0.56143527013163308       0.32886614186587504     
   1.6460000238418528       -37.997696717973355       0.55943286898709033       0.32876081828695486     
   1.6470000238418527       -38.005419945660591       0.55739297894339501       0.32865521851995183     
   1.6480000238418526       -38.013156929388572       0.55531357988502572       0.32854931692757394     
   1.6490000238418525       -38.020907822853481       0.55319247493679891       0.32844308578116949     
   1.6500000238418524       -38.028672788389628       0.55102723308900936       0.32833649378702112     
   1.6510000238418523       -38.036451997837922       0.54881518946751229       0.32822950676361157     
   1.6520000238418522       -38.044245633540655       0.54655339051577545       0.32812208649442559     
   1.6530000238418521       -38.052053889488391       0.54423855424437140       0.32801419027201661     
   1.6540000238418520       -38.059876972650414       0.54186701196781828       0.32790576999829812     
   1.6550000238418519       -38.067715104527068       0.53943466124866846       0.32779677186634576     
   1.6560000238418517       -38.075568522975480       0.53693685319325701       0.32768713418647877     
   1.6570000238418516       -38.083437484372986       0.53436831968735776       0.32757678687276492     
   1.6580000238418515       -38.091322266203036       0.53172304314065366       0.32746564951674212     
   1.6590000238418514       -38.099223170176700       0.52899408606549003       0.32735362881662788     
   1.6600000238418513       -38.107140526040531       0.52617338367437938       0.32724061565945556     
   1.6610000238418512       -38.115074696279180       0.52325148583069248       0.32712648168100267     
   1.6620000238418511       -38.123026082001630       0.52021716932252637       0.32701107340214558     
   1.6630000238418510       -38.130995130425354       0.51705697645542836       0.32689420614807885     
   1.6640000238418509       -38.138982344562805       0.51375448535489554       0.32677565310266737     
   1.6650000238418508       -38.146988296023537       0.51028935418920573       0.32665513210357644     
   1.6660000238418506       -38.155013642350596       0.50663583857013794       0.32653228415213992     
   1.6670000238418505       -38.163059151199818       0.50276053898114648       0.32640664105368161     
   1.6680000238418504       -38.171125735282864       0.49861879770478418       0.32627757376794136     
   1.6690000238418503       -38.179214505172133       0.49414852932010767       0.32614420348146395     
   1.6700000238418502       -38.187326853793138       0.48925885696065663       0.32600523731930969     
   1.6710000238418501       -38.195464602383403       0.48380703669488079       0.32585863445898655     
   1.6720000238418500       -38.203630281553046       0.47754415559998681       0.32570081850595872     
   1.6730000238418499       -38.211827772112059       0.46995410959370865       0.32552433629119853     
   1.6740000238418498       -38.220064310698447       0.45949776482651061       0.32530684145264271     
   1.6750000238418497       -38.243677202166204       0.13965051851417462       0.32416661534532160     
   1.6760000238418495       -38.252555704171705       0.13964496724946251       0.32414322143048968     
   1.6770000238418494       -38.261436671304793       0.13963946042951203       0.32411983106895031     
   1.6780000238418493       -38.270320100385163       0.13963394818078712       0.32409644508671109     
   1.6790000238418492       -38.279205988237187       0.13962843036475706       0.32407306347178044     
   1.6800000238418491       -38.288094331691553       0.13962290789326770       0.32404968466089923     
   1.6810000238418490       -38.296985127583497       0.13961737892902382       0.32402631178888203     
   1.6820000238418489       -38.305878372753874       0.13961184441346927       0.32400294324625611     
   1.6830000238418488       -38.314774064048834       0.13960630435165799       0.32397957902123398     
   1.6840000238418487       -38.323672198319628       0.13960075874890299       0.32395621910190725     
   1.6850000238418485       -38.332572772423269       0.13959520672119949       0.32393286501294699     
   1.6860000238418484       -38.341475783221611       0.13958965007895963       0.32390951362588649     
   1.6870000238418483       -38.350381227582432       0.13958408791065174       0.32388616650972252     
   1.6880000238418482       -38.359289102377502       0.13957852022160616       0.32386282365286712     
   1.6890000238418481       -38.368199404485495       0.13957294701694856       0.32383948504339050     
   1.6900000238418480       -38.377112130789065       0.13956736917829923       0.32381614913868767     
   1.6910000238418479       -38.386027278176321       0.13956178493260352       0.32379281903095569     
   1.6920000238418478       -38.394944843541460       0.13955619518836185       0.32376949313375314     
   1.6930000238418477       -38.403864823782790       0.13955059995087582       0.32374617143564638     
   1.6940000238418476       -38.412787215804869       0.13954499922550850       0.32372285392480854     
   1.6950000238418474       -38.421712016516224       0.13953939215036723       0.32369954212168772     
   1.6960000238418473       -38.430639222831736       0.13953378049077356       0.32367623290935565     
   1.6970000238418472       -38.439568831670741       0.13952816335887008       0.32365292785063260     
   1.6980000238418471       -38.448500839958243       0.13952254076010451       0.32362962693397224     
   1.6990000238418470       -38.457435244624442       0.13951691269989580       0.32360633014777046     
   1.7000000238418469       -38.466372042604092       0.13951128004704977       0.32358303593931381     
   1.7010000238418468       -38.475311230837420       0.13950564105588120       0.32355974742065319     
   1.7020000238418467       -38.484252806269886       0.13949999662070484       0.32353646299679417     
   1.7030000238418466       -38.493196765852602       0.13949434674697006       0.32351318265626616     
   1.7040000238418465       -38.502143106540245       0.13948869144030027       0.32348990638799208     
   1.7050000238418463       -38.511091825294784       0.13948302984304503       0.32346663573814488     
   1.7060000238418462       -38.520042919080964       0.13947736371128527       0.32344336753971326     
   1.7070000238418461       -38.528996384870680       0.13947169216261998       0.32342010338032090     
   1.7080000238418460       -38.537952219639557       0.13946601520266511       0.32339684324889512     
   1.7090000238418459       -38.546910420368818       0.13946033283708498       0.32337358713415593     
   1.7100000238418458       -38.555870984045058       0.13945464507150904       0.32335033502484656     
   1.7110000238418457       -38.564833907658979       0.13944895275526056       0.32332708536737154     
   1.7120000238418456       -38.573799188207424       0.13944325418350287       0.32330384127478956     
   1.7130000238418455       -38.582766822691589       0.13943755022958010       0.32328060115302720     
   1.7140000238418454       -38.591736808118071       0.13943184089910485       0.32325736499105934     
   1.7150000238418452       -38.600709141497930       0.13942612619782790       0.32323413277795254     
   1.7160000238418451       -38.609683819848307       0.13942040527920305       0.32321090607771175     
   1.7170000238418450       -38.618660840190316       0.13941467987643930       0.32318768169006784     
   1.7180000238418449       -38.627640199550427       0.13940894911949511       0.32316446121912840     
   1.7190000238418448       -38.636621894960236       0.13940321301409048       0.32314124465405997     
   1.7200000238418447       -38.645605923456010       0.13939747156609258       0.32311803198397254     
   1.7210000238418446       -38.654592282079534       0.13939172478126721       0.32309482319791699     
   1.7220000238418445       -38.663580967876975       0.13938597350793783       0.32307161670765733     
   1.7230000238418444       -38.672571977899821       0.13938021604459308       0.32304841569566417     
   1.7240000238418443       -38.681565309204295       0.13937445326266568       0.32302521853409544     
   1.7250000238418441       -38.690560958851620       0.13936868516793544       0.32300202521234195     
   1.7260000238418440       -38.699558923908029       0.13936291176622259       0.32297883571970654     
   1.7270000238418439       -38.708559201444857       0.13935713306337782       0.32295565004540394     
   1.7280000238418438       -38.717561788537765       0.13935134822784143       0.32293246976721734     
   1.7290000238418437       -38.726566682267794       0.13934555896209666       0.32290929166018856     
   1.7300000238418436       -38.735573879720661       0.13933976441243368       0.32288611734041078     
   1.7310000238418435       -38.744583377987368       0.13933396458470654       0.32286294679743854     
   1.7320000238418434       -38.753595174163173       0.13932815948488975       0.32283978002079117     
   1.7330000238418433       -38.762609265348829       0.13932234911890451       0.32281661699979758     
   1.7340000238418432       -38.771625648649263       0.13931653349278886       0.32279345772406970     
   1.7350000238418430       -38.780644321174819       0.13931071342879131       0.32277030061130435     
   1.7360000238418429       -38.789665280040595       0.13930488727951282       0.32274714883121342     
   1.7370000238418428       -38.798688522366305       0.13929905588867297       0.32272400076395302     
   1.7380000238418427       -38.807714045276583       0.13929321926213553       0.32270085639930390     
   1.7390000238418426       -38.816741845900950       0.13928737740600930       0.32267771572692933     
   1.7400000238418425       -38.825771921373672       0.13928153032620016       0.32265457873651116     
   1.7410000238418424       -38.834804268833949       0.13927567720750733       0.32263144701962976     
   1.7420000238418423       -38.843838885425427       0.13926981971886684       0.32260831732608908     
   1.7430000238418422       -38.852875768296926       0.13926395702430314       0.32258519128442420     
   1.7440000238418421       -38.861914914601812       0.13925808912973359       0.32256206888462546     
   1.7450000238418419       -38.870956321498419       0.13925221604133092       0.32253895011645134     
   1.7460000238418418       -38.879999986149386       0.13924633776512602       0.32251583496980707     
   1.7470000238418417       -38.889045905722654       0.13924045430724682       0.32249272343449714     
   1.7480000238418416       -38.898094077390667       0.13923456648496924       0.32246961389450185     
   1.7490000238418415       -38.907144498330261       0.13922867266235342       0.32244650958743393     
   1.7500000238418414       -38.916197165723908       0.13922277367695701       0.32242340886050769     
   1.7510000238418413       -38.925252076757666       0.13921686953494647       0.32240031170394029     
   1.7520000238418412       -38.934309228623214       0.13921096024230520       0.32237721810774261     
   1.7530000238418411       -38.943368618516224       0.13920504580529003       0.32235412806203506     
   1.7540000238418409       -38.952430243637600       0.13919912623002245       0.32233104155684633     
   1.7550000238418408       -38.961494101192784       0.13919320152258807       0.32230795858232031     
   1.7560000238418407       -38.970560188391637       0.13918727090214603       0.32228488071389927     
   1.7570000238418406       -38.979628502448996       0.13918133596761079       0.32226180473710436     
   1.7580000238418405       -38.988699040584066       0.13917539591915806       0.32223873226213889     
   1.7590000238418404       -38.997771800021084       0.13916945076282855       0.32221566327937451     
   1.7600000238418403       -39.006846777988414       0.13916350050491622       0.32219259777906506     
   1.7610000238418402       -39.015923971719488       0.13915754515159834       0.32216953575151025     
   1.7620000238418401       -39.025003378452155       0.13915158470912234       0.32214647718694756     
   1.7630000238418400       -39.034084995429183       0.13914561997186581       0.32212342046432874     
   1.7640000238418398       -39.043168819897076       0.13913964935144651       0.32210036883101401     
   1.7650000238418397       -39.052254849108238       0.13913367366107762       0.32207732063090488     
   1.7660000238418396       -39.061343080318473       0.13912769290692217       0.32205427585464169     
   1.7670000238418395       -39.070433510788831       0.13912170709528099       0.32203123449265902     
   1.7680000238418394       -39.079526137784796       0.13911571623242588       0.32200819653542201     
   1.7690000238418393       -39.088620958576278       0.13910972032457852       0.32198516197348337     
   1.7700000238418392       -39.097717970437820       0.13910371937801569       0.32196213079748603     
   1.7710000238418391       -39.106817170648597       0.13909771262283016       0.32193910461218489     
   1.7720000238418390       -39.115918556492105       0.13909170163520668       0.32191608014663603     
   1.7730000238418389       -39.125022125257132       0.13908568562735357       0.32189305903924820     
   1.7740000238418387       -39.134127874235446       0.13907966460559815       0.32187004128097585     
   1.7750000238418386       -39.143235800724725       0.13907363857624797       0.32184702686235295     
   1.7760000238418385       -39.152345902026823       0.13906760754550779       0.32182401577417735     
   1.7770000238418384       -39.161458175447777       0.13906157151978099       0.32180100800711947     
   1.7780000238418383       -39.170572618298024       0.13905553050543829       0.32177800355204472     
   1.7790000238418382       -39.179689227893263       0.13904948527918079       0.32175500076968355     
   1.7800000238418381       -39.188808001552630       0.13904343428944277       0.32173200294356008     
   1.7810000238418380       -39.197928936600789       0.13903737833054525       0.32170900840090150     
   1.7820000238418379       -39.207052030365638       0.13903131740878008       0.32168601713287931     
   1.7830000238418378       -39.216177280180887       0.13902525153044648       0.32166302913030936     
   1.7840000238418376       -39.225304683383463       0.13901918070194158       0.32164004438414356     
   1.7850000238418375       -39.234434237315476       0.13901310492962837       0.32161706288541320     
   1.7860000238418374       -39.243565939323027       0.13900702421986305       0.32159408462510214     
   1.7870000238418373       -39.252699786757169       0.13900093857899645       0.32157110959416857     
   1.7880000238418372       -39.261835776972980       0.13899484725991026       0.32154813940885230     
   1.7890000238418371       -39.270973907329768       0.13898875179222056       0.32152517077847081     
   1.7900000238418370       -39.280114175191443       0.13898265141227528       0.32150220535126262     
   1.7910000238418369       -39.289256577926622       0.13897654612645283       0.32147924311846032     
   1.7920000238418368       -39.298401112907847       0.13897043594111075       0.32145628407119653     
   1.7930000238418367       -39.307547777511971       0.13896432086270433       0.32143332820070492     
   1.7940000238418365       -39.316696569120737       0.13895820089759844       0.32141037549817203     
   1.7950000238418364       -39.325847485119503       0.13895207605221765       0.32138742595483799     
   1.7960000238418363       -39.335000522898696       0.13894594633298896       0.32136447956193082     
   1.7970000238418362       -39.344155679852591       0.13893981248983203       0.32134153467622878     
   1.7980000238418361       -39.353312953379756       0.13893367302649032       0.32131859458929202     
