   1.8500000238418579       -51.993334661808113       0.47485537869583400     
   1.8490000238418580       -51.984807707890880       0.47488149663015300     
   1.8480000238418581       -51.976282506383249       0.47490759903357876     
   1.8470000238418582       -51.967759059132511       0.47493368442718720     
   1.8460000238418584       -51.959237367988671       0.47495975277157004     
   1.8450000238418585       -51.950717434804588       0.47498580402744012     
   1.8440000238418586       -51.942199261436230       0.47501183815540732     
   1.8430000238418587       -51.933682849742183       0.47503785511604529     
   1.8420000238418588       -51.925168201584199       0.47506385486982378     
   1.8410000238418589       -51.916655318826685       0.47508983737717336     
   1.8400000238418590       -51.908144203337301       0.47511580259838837     
   1.8390000238418591       -51.899634856986395       0.47514175049373047     
   1.8380000238418592       -51.891127281647293       0.47516768102335827     
   1.8370000238418593       -51.882621479196544       0.47519359414733003     
   1.8360000238418595       -51.874117451512930       0.47521948982574802     
   1.8350000238418596       -51.865615200478928       0.47524536801848449     
   1.8340000238418597       -51.857114727979777       0.47527122868537508     
   1.8330000238418598       -51.848616035903248       0.47529707178625880     
   1.8320000238418599       -51.840119126140692       0.47532289728078514     
   1.8310000238418600       -51.831624000585833       0.47534870512863109     
   1.8300000238418601       -51.823130661136076       0.47537449528927339     
   1.8290000238418602       -51.814639109690937       0.47540026772224941     
   1.8280000238418603       -51.806149348153625       0.47542602238688481     
   1.8270000238418604       -51.797661378430114       0.47545175924252064     
   1.8260000238418606       -51.789175202429263       0.47547747824836456     
   1.8250000238418607       -51.780690822063164       0.47550317936355430     
   1.8240000238418608       -51.772208239246119       0.47552886254724380     
   1.8230000238418609       -51.763727455896969       0.47555452775829721     
   1.8220000238418610       -51.755248473936021       0.47558017495571303     
   1.8210000238418611       -51.746771295287644       0.47560580409826936     
   1.8200000238418612       -51.738295921878567       0.47563141514474794     
   1.8190000238418613       -51.729822355639037       0.47565700805378763     
   1.8180000238418614       -51.721350598501793       0.47568258278403330     
   1.8170000238418615       -51.712880652403356       0.47570813929390415     
   1.8160000238418617       -51.704412519282428       0.47573367754190915     
   1.8150000238418618       -51.695946201081384       0.47575919748637030     
   1.8140000238418619       -51.687481699745533       0.47578469908553295     
   1.8130000238418620       -51.679019017222984       0.47581018229761329     
   1.8120000238418621       -51.670558155465379       0.47583564708067438     
   1.8110000238418622       -51.662099116426859       0.47586109339276927     
   1.8100000238418623       -51.653641902064983       0.47588652119183728     
   1.8090000238418624       -51.645186514340580       0.47591193043570201     
   1.8080000238418625       -51.636732955216878       0.47593732108219999     
   1.8070000238418626       -51.628281226660924       0.47596269308898254     
   1.8060000238418628       -51.619831330642597       0.47598804641365322     
   1.8050000238418629       -51.611383269134429       0.47601338101380963     
   1.8040000238418630       -51.602937044113098       0.47603869684680006     
   1.8030000238418631       -51.594492657557126       0.47606399387008541     
   1.8020000238418632       -51.586050111449140       0.47608927204090867     
   1.8010000238418633       -51.577609407774382       0.47611453131647274     
   1.8000000238418634       -51.569170548521441       0.47613977165388288     
   1.7990000238418635       -51.560733535681848       0.47616499301020504     
   1.7980000238418636       -51.552298371250622       0.47619019534233215     
   1.7970000238418637       -51.543865057225332       0.47621537860720203     
   1.7960000238418639       -51.535433595607273       0.47624054276154865     
   1.7950000238418640       -51.527003988400566       0.47626568776209244     
   1.7940000238418641       -51.518576237612393       0.47629081356547698     
   1.7930000238418642       -51.510150345253550       0.47631592012818974     
   1.7920000238418643       -51.501726313337649       0.47634100740669222     
   1.7910000238418644       -51.493304143881410       0.47636607535736253     
   1.7900000238418645       -51.484883838905006       0.47639112393647498     
   1.7890000238418646       -51.476465400431749       0.47641615310019858     
   1.7880000238418647       -51.468048830487483       0.47644116280472737     
   1.7870000238418648       -51.459634131102597       0.47646615300596795     
   1.7860000238418650       -51.451221304309144       0.47649112365997071     
   1.7850000238418651       -51.442810352143475       0.47651607472253410     
   1.7840000238418652       -51.434401276644877       0.47654100614942707     
   1.7830000238418653       -51.425994079855300       0.47656591789638786     
   1.7820000238418654       -51.417588763820817       0.47659080991895497     
   1.7810000238418655       -51.409185330590205       0.47661568217265515     
   1.7800000238418656       -51.400783782215328       0.47664053461293654     
   1.7790000238418657       -51.392384120751359       0.47666536719517361     
   1.7780000238418658       -51.383986348257274       0.47669017987454537     
   1.7770000238418659       -51.375590466794520       0.47671497260627338     
   1.7760000238418661       -51.367196478428170       0.47673974534545582     
   1.7750000238418662       -51.358804385226620       0.47676449804703896     
   1.7740000238418663       -51.350414189261215       0.47678923066600309     
   1.7730000238418664       -51.342025892607090       0.47681394315707393     
   1.7720000238418665       -51.333639497342105       0.47683863547505811     
   1.7710000238418666       -51.325255005547405       0.47686330757462048     
   1.7700000238418667       -51.316872419307813       0.47688795941030382     
   1.7690000238418668       -51.308491740711347       0.47691259093655780     
   1.7680000238418669       -51.300112971849003       0.47693720210779844     
   1.7670000238418671       -51.291736114815372       0.47696179287831586     
   1.7660000238418672       -51.283361171708329       0.47698636320232157     
   1.7650000238418673       -51.274988144628921       0.47701091303393262     
   1.7640000238418674       -51.266617035681335       0.47703544232722783     
   1.7630000238418675       -51.258247846973568       0.47705995103611087     
   1.7620000238418676       -51.249880580616633       0.47708443911444370     
   1.7610000238418677       -51.241515238724723       0.47710890651603560     
   1.7600000238418678       -51.233151823415895       0.47713335319451183     
   1.7590000238418679       -51.224790336810798       0.47715777910351320     
   1.7580000238418680       -51.216430781033779       0.47718218419657482     
   1.7570000238418682       -51.208073158213168       0.47720656842700382     
   1.7560000238418683       -51.199717470479484       0.47723093174821440     
   1.7550000238418684       -51.191363719967406       0.47725527411342317     
   1.7540000238418685       -51.183011908814919       0.47727959547572979     
   1.7530000238418686       -51.174662039162797       0.47730389578826909     
   1.7520000238418687       -51.166314113155671       0.47732817500399982     
   1.7510000238418688       -51.157968132941818       0.47735243307574848     
   1.7500000238418689       -51.149624100672256       0.47737666995631778     
   1.7490000238418690       -51.141282018501798       0.47740088559843424     
   1.7480000238418691       -51.132941888588405       0.47742507995469752     
   1.7470000238418693       -51.124603713093897       0.47744925297758684     
   1.7460000238418694       -51.116267494182985       0.47747340461955318     
   1.7450000238418695       -51.107933234024053       0.47749753483294621     
   1.7440000238418696       -51.099600934788647       0.47752164357000804     
   1.7430000238418697       -51.091270598652173       0.47754573078287699     
   1.7420000238418698       -51.082942227793190       0.47756979642359504     
   1.7410000238418699       -51.074615824393703       0.47759384044415953     
   1.7400000238418700       -51.066291390639265       0.47761786279643659     
   1.7390000238418701       -51.057968928718601       0.47764186343221937     
   1.7380000238418702       -51.049648440824122       0.47766584230322096     
   1.7370000238418704       -51.041329929151708       0.47768979936100853     
   1.7360000238418705       -51.033013395900682       0.47771373455710059     
   1.7350000238418706       -51.024698843273619       0.47773764784294226     
   1.7340000238418707       -51.016386273476769       0.47776153916985070     
   1.7330000238418708       -51.008075688720034       0.47778540848901002     
   1.7320000238418709       -50.999767091216441       0.47780925575160399     
   1.7310000238418710       -50.991460483182458       0.47783308090870885     
   1.7300000238418711       -50.983155866838572       0.47785688391120701     
   1.7290000238418712       -50.974853244408173       0.47788066471002000     
   1.7280000238418713       -50.966552618118669       0.47790442325585580     
   1.7270000238418715       -50.958253990200433       0.47792815949944678     
   1.7260000238418716       -50.949957362887851       0.47795187339135203     
   1.7250000238418717       -50.941662738418543       0.47797556488203402     
   1.7240000238418718       -50.933370119033704       0.47799923392192450     
   1.7230000238418719       -50.925079506978150       0.47802288046128411     
   1.7220000238418720       -50.916790904500026       0.47804650445035729     
   1.7210000238418721       -50.908504313851303       0.47807010583922632     
   1.7200000238418722       -50.900219737287166       0.47809368457793422     
   1.7190000238418723       -50.891937177066758       0.47811724061635780     
   1.7180000238418724       -50.883656635452674       0.47814077390431581     
   1.7170000238418726       -50.875378114710458       0.47816428439162728     
   1.7160000238418727       -50.867101617110151       0.47818777202784585     
   1.7150000238418728       -50.858827144924895       0.47821123676252014     
   1.7140000238418729       -50.850554700431168       0.47823467854514118     
   1.7130000238418730       -50.842284285909564       0.47825809732501612     
   1.7120000238418731       -50.834015903643973       0.47828149305141587     
   1.7110000238418732       -50.825749555921902       0.47830486567349578     
   1.7100000238418733       -50.817485245034703       0.47832821514029317     
   1.7090000238418734       -50.809222973276754       0.47835154140081720     
   1.7080000238418735       -50.800962742946574       0.47837484440392086     
   1.7070000238418737       -50.792704556346010       0.47839812409839205     
   1.7060000238418738       -50.784448415780972       0.47842138043286270     
   1.7050000238418739       -50.776194323560375       0.47844461335595156     
   1.7040000238418740       -50.767942281997328       0.47846782281610678     
   1.7030000238418741       -50.759692293408065       0.47849100876175776     
   1.7020000238418742       -50.751444360112764       0.47851417114117212     
   1.7010000238418743       -50.743198484435275       0.47853730990255872     
   1.7000000238418744       -50.734954668702940       0.47856042499399248     
   1.6990000238418745       -50.726712915246921       0.47858351636348867     
   1.6980000238418747       -50.718473226402274       0.47860658395890127     
   1.6970000238418748       -50.710235604506884       0.47862962772809620     
   1.6960000238418749       -50.702000051903418       0.47865264761869702     
   1.6950000238418750       -50.693766570937335       0.47867564357837228     
   1.6940000238418751       -50.685535163958015       0.47869861555463483     
   1.6930000238418752       -50.677305833318954       0.47872156349484524     
   1.6920000238418753       -50.669078581376887       0.47874448734634473     
   1.6910000238418754       -50.660853410492244       0.47876738705635141     
   1.6900000238418755       -50.652630323029555       0.47879026257194368     
   1.6890000238418756       -50.644409321356470       0.47881311384020253     
   1.6880000238418758       -50.636190407845241       0.47883594080795405     
   1.6870000238418759       -50.627973584870851       0.47885874342208040     
   1.6860000238418760       -50.619758854812751       0.47888152162925857     
   1.6850000238418761       -50.611546220053903       0.47890427537607888     
   1.6840000238418762       -50.603335682980664       0.47892700460913473     
   1.6830000238418763       -50.595127245983591       0.47894970927481445     
   1.6820000238418764       -50.586920911456779       0.47897238931941860     
   1.6810000238418765       -50.578716681798319       0.47899504468916265     
   1.6800000238418766       -50.570514559409780       0.47901767533017359     
   1.6790000238418767       -50.562314546696676       0.47904028118843622     
   1.6780000238418769       -50.554116646068124       0.47906286220991962     
   1.6770000238418770       -50.545920859937162       0.47908541834040341     
   1.6760000238418771       -50.537727190720631       0.47910794952560809     
   1.6750000238418772       -50.529535640839093       0.47913045571114388     
   1.6740000238418773       -50.521346212717013       0.47915293684250404     
   1.6730000238418774       -50.513158908782302       0.47917539286515726     
   1.6720000238418775       -50.504973731467246       0.47919782372434061     
   1.6710000238418776       -50.496790683207543       0.47922022936530012     
   1.6700000238418777       -50.488609766442785       0.47924260973313448     
   1.6690000238418778       -50.480430983616351       0.47926496477285979     
   1.6680000238418780       -50.472254337175656       0.47928729442935175     
   1.6670000238418781       -50.464079829571745       0.47930959864742068     
   1.6660000238418782       -50.455907463259607       0.47933187737176486     
   1.6650000238418783       -50.447737240697947       0.47935413054697701     
   1.6640000238418784       -50.439569164349606       0.47937635811753876     
   1.6630000238418785       -50.431403236680680       0.47939856002789072     
   1.6620000238418786       -50.423239460161909       0.47942073622226528     
   1.6610000238418787       -50.415077837267447       0.47944288664485246     
   1.6600000238418788       -50.406918370475367       0.47946501123973717     
   1.6590000238418789       -50.398761062267617       0.47948710995090721     
   1.6580000238418791       -50.390605915130052       0.47950918272223880     
   1.6570000238418792       -50.382452931552429       0.47953122949750260     
   1.6560000238418793       -50.374302114028417       0.47955325022036033     
   1.6550000238418794       -50.366153465055781       0.47957524483433445     
   1.6540000238418795       -50.358006987135553       0.47959721328294985     
   1.6530000238418796       -50.349862682773342       0.47961915550954237     
   1.6520000238418797       -50.341720554478592       0.47964107145730750     
   1.6510000238418798       -50.333580604764087       0.47966296106950007     
   1.6500000238418799       -50.325442836147403       0.47968482428904557     
   1.6490000238418800       -50.317307251149259       0.47970666105896609     
   1.6480000238418802       -50.309173852294762       0.47972847132206120     
   1.6470000238418803       -50.301042642112918       0.47975025502105251     
   1.6460000238418804       -50.292913623136698       0.47977201209856357     
   1.6450000238418805       -50.284786797902740       0.47979374249712387     
   1.6440000238418806       -50.276662168951937       0.47981544615914540     
   1.6430000238418807       -50.268539738828963       0.47983712302694659     
   1.6420000238418808       -50.260419510082720       0.47985877304270436     
   1.6410000238418809       -50.252301485266045       0.47988039614850447     
   1.6400000238418810       -50.244185666935223       0.47990199228637465     
   1.6390000238418811       -50.236072057651299       0.47992356139817738     
   1.6380000238418813       -50.227960659978883       0.47994510342566143     
   1.6370000238418814       -50.219851476486561       0.47996661831053949     
   1.6360000238418815       -50.211744509747000       0.47998810599437963     
   1.6350000238418816       -50.203639762337119       0.48000956641858572     
   1.6340000238418817       -50.195537236837261       0.48003099952457595     
   1.6330000238418818       -50.187436935832274       0.48005240525358178     
   1.6320000238418819       -50.179338861910999       0.48007378354671271     
   1.6310000238418820       -50.171243017666093       0.48009513434502055     
   1.6300000238418821       -50.163149405694540       0.48011645758939664     
   1.6290000238418822       -50.155058028596955       0.48013775322069957     
   1.6280000238418824       -50.146968888978357       0.48015902117962461     
   1.6270000238418825       -50.138881989447768       0.48018026140675130     
   1.6260000238418826       -50.130797332617945       0.48020147384261669     
   1.6250000238418827       -50.122714921106159       0.48022265842756240     
   1.6240000238418828       -50.114634757533587       0.48024381510186714     
   1.6230000238418829       -50.106556844525137       0.48026494380576001     
   1.6220000238418830       -50.098481184710288       0.48028604447924056     
   1.6210000238418831       -50.090407780722408       0.48030711706227830     
   1.6200000238418832       -50.082336635198935       0.48032816149471308     
   1.6190000238418834       -50.074267750781402       0.48034917771629115     
   1.6180000238418835       -50.066201130115303       0.48037016566666590     
   1.6170000238418836       -50.058136775850770       0.48039112528526773     
   1.6160000238418837       -50.050074690641182       0.48041205651160940     
   1.6150000238418838       -50.042014877144858       0.48043295928491986     
   1.6140000238418839       -50.033957338023789       0.48045383354441817     
   1.6130000238418840       -50.025902075944103       0.48047467922919396     
   1.6120000238418841       -50.017849093576210       0.48049549627820348     
   1.6110000238418842       -50.009798393594579       0.48051628463030682     
   1.6100000238418843       -50.001749978677822       0.48053704422427007     
   1.6090000238418845       -49.993703851508819       0.48055777499871283     
   1.6080000238418846       -49.985660014774211       0.48057847689220956     
   1.6070000238418847       -49.977618471165435       0.48059914984313196     
   1.6060000238418848       -49.969579223377607       0.48061979378980013     
   1.6050000238418849       -49.961542274109874       0.48064040867046537     
   1.6040000238418850       -49.953507626066106       0.48066099442316151     
   1.6030000238418851       -49.945475281954060       0.48068155098588999     
   1.6020000238418852       -49.937445244485509       0.48070207829652162     
   1.6010000238418853       -49.929417516376752       0.48072257629280152     
