   2.1000000000000001       -26.522448576986790        0.0000000000000000        9.9920072216264089E-016
   2.1010000000000000       -26.522448576986790        0.0000000000000000        1.5049689889363233E-015
   2.1019999999999999       -26.522448576986790        0.0000000000000000        1.7763568394002505E-015
   2.1029999999999998       -26.522448576986790        0.0000000000000000        1.9984014443252818E-015
   2.1039999999999996       -26.522448576986790        0.0000000000000000        2.1094237467877974E-015
   2.1049999999999995       -26.522448576986790        0.0000000000000000        2.2697892947892088E-015
   2.1059999999999994       -26.522448576986790        0.0000000000000000        2.3314683517128287E-015
   2.1069999999999993       -26.522448576986790        0.0000000000000000        2.4918338997142401E-015
   2.1079999999999992       -26.522448576986790        0.0000000000000000        2.5535129566378600E-015
   2.1089999999999991       -26.522448576986790        0.0000000000000000        2.7138785046392714E-015
   2.1099999999999990       -26.522448576986790        0.0000000000000000        2.7755575615628914E-015
   2.1109999999999989       -26.522448576986790        0.0000000000000000        2.9359231095643027E-015
   2.1119999999999988       -26.522448576986790        0.0000000000000000        2.9976021664879227E-015
   2.1129999999999987       -26.522448576986790        0.0000000000000000        3.1579677144893340E-015
   2.1139999999999985       -26.522448576986790        0.0000000000000000        3.2196467714129540E-015
   2.1149999999999984       -26.522448576986790        0.0000000000000000        3.3800123194143653E-015
   2.1159999999999983       -26.522448576986790        0.0000000000000000        3.5527136788005009E-015
   2.1169999999999982       -26.522448576986790        0.0000000000000000        3.6637359812630166E-015
   2.1179999999999981       -26.522448576986790        0.0000000000000000        3.8241015292644279E-015
   2.1189999999999980       -26.522448576986790        0.0000000000000000        3.9968028886505635E-015
   2.1199999999999979       -26.522448576986790        0.0000000000000000        4.1078251911130792E-015
   2.1209999999999978       -26.522448576986790        0.0000000000000000        4.2681907391144905E-015
   2.1219999999999977       -26.522448576986793        0.0000000000000000        4.4408920985006262E-015
   2.1229999999999976       -26.522448576986793        0.0000000000000000        4.6629367034256575E-015
   2.1239999999999974       -26.522448576986790        0.0000000000000000        4.8849813083506888E-015
   2.1249999999999973       -26.522448576986793        0.0000000000000000        5.1070259132757201E-015
   2.1259999999999972       -26.522448576986797        0.0000000000000000        5.3290705182007514E-015
   2.1269999999999971       -26.522448576986793        0.0000000000000000        5.5511151231257827E-015
   2.1279999999999970       -26.522448576986793        0.0000000000000000        5.7731597280508140E-015
   2.1289999999999969       -26.522448576986793        0.0000000000000000        5.9952043329758453E-015
   2.1299999999999968       -26.522448576986793        0.0000000000000000        6.2172489379008766E-015
   2.1309999999999967       -26.522448576986793        0.0000000000000000        6.4392935428259079E-015
   2.1319999999999966       -26.522448576986790        0.0000000000000000        6.6613381477509392E-015
   2.1329999999999965       -26.522448576986793        0.0000000000000000        6.9944050551384862E-015
   2.1339999999999963       -26.522448576986793        0.0000000000000000        7.2781287169871375E-015
   2.1349999999999962       -26.522448576986797        0.0000000000000000        7.5495165674510645E-015
   2.1359999999999961       -26.522448576986793        0.0000000000000000        7.8825834748386114E-015
   2.1369999999999960       -26.522448576986793        0.0000000000000000        8.1663071366872627E-015
   2.1379999999999959       -26.522448576986793        0.0000000000000000        8.5487172896137054E-015
   2.1389999999999958       -26.522448576986793        0.0000000000000000        8.9311274425401480E-015
   2.1399999999999957       -26.522448576986793        0.0000000000000000        9.2148511043887993E-015
   2.1409999999999956       -26.522448576986793        0.0000000000000000        9.5972612573152419E-015
   2.1419999999999955       -26.522448576986793        0.0000000000000000        9.9920072216264089E-015
   2.1429999999999954       -26.522448576986793        0.0000000000000000        1.0436096431476471E-014
   2.1439999999999952       -26.522448576986797        0.0000000000000000        1.0880185641326534E-014
   2.1449999999999951       -26.522448576986797        0.0000000000000000        1.1324274851176597E-014
   2.1459999999999950       -26.522448576986797        0.0000000000000000        1.1768364061026659E-014
   2.1469999999999949       -26.522448576986797        0.0000000000000000        1.2212453270876722E-014
   2.1479999999999948       -26.522448576986797        0.0000000000000000        1.2767564783189300E-014
   2.1489999999999947       -26.522448576986797        0.0000000000000000        1.3273333049962983E-014
   2.1499999999999946       -26.522448576986797        0.0000000000000000        1.3766765505351941E-014
   2.1509999999999945       -26.522448576986797        0.0000000000000000        1.4321877017664519E-014
   2.1519999999999944       -26.522448576986797        0.0000000000000000        1.4926331775515995E-014
   2.1529999999999943       -26.522448576986797        0.0000000000000000        1.5543122344752192E-014
   2.1539999999999941       -26.522448576986797        0.0000000000000000        1.6209256159527285E-014
   2.1549999999999940       -26.522448576986797        0.0000000000000000        1.6875389974302379E-014
   2.1559999999999939       -26.522448576986797        0.0000000000000000        1.7541523789077473E-014
   2.1569999999999938       -26.522448576986797        0.0000000000000000        1.8207657603852567E-014
   2.1579999999999937       -26.522448576986800        0.0000000000000000        1.8984813721090177E-014
   2.1589999999999936       -26.522448576986797        0.0000000000000000        1.9712626592788889E-014
   2.1599999999999935       -26.522448576986797        0.0000000000000000        2.0539125955565396E-014
   2.1609999999999934       -26.522448576986797        0.0000000000000000        2.1365625318341903E-014
   2.1619999999999933       -26.522448576986800        0.0000000000000000        2.2204460492503131E-014
   2.1629999999999932       -26.522448576986800        0.0000000000000000        2.3092638912203256E-014
   2.1639999999999930       -26.522448576986804        0.0000000000000000        2.4091839634365897E-014
   2.1649999999999929       -26.522448576986804        0.0000000000000000        2.5041697110989641E-014
   2.1659999999999928       -26.522448576986804        0.0000000000000000        2.6090241078691179E-014
   2.1669999999999927       -26.522448576986804        0.0000000000000000        2.7138785046392717E-014
   2.1679999999999926       -26.522448576986804        0.0000000000000000        2.8199664825478976E-014
   2.1689999999999925       -26.522448576986804        0.0000000000000000        2.9420910152566648E-014
   2.1699999999999924       -26.522448576986804        0.0000000000000000        3.0592812234115423E-014
   2.1709999999999923       -26.522448576986804        0.0000000000000000        3.1863400806741993E-014
   2.1719999999999922       -26.522448576986804        0.0000000000000000        3.3133989379368562E-014
   2.1729999999999920       -26.522448576986804        0.0000000000000000        3.4527936065842368E-014
   2.1739999999999919       -26.522448576986804        0.0000000000000000        3.5921882752316175E-014
   2.1749999999999918       -26.522448576986807        0.0000000000000000        3.7414515929867775E-014
   2.1759999999999917       -26.522448576986811        0.0000000000000000        3.8907149107419376E-014
   2.1769999999999916       -26.522448576986804        0.0000000000000000        4.0523140398818214E-014
   2.1779999999999915       -26.522448576986811        0.0000000000000000        4.2237818181294846E-014
   2.1789999999999914       -26.522448576986811        0.0000000000000000        4.3964831775156199E-014
   2.1799999999999913       -26.522448576986811        0.0000000000000000        4.5741188614556449E-014
   2.1809999999999912       -26.522448576986811        0.0000000000000000        4.7628567756419216E-014
   2.1819999999999911       -26.522448576986811        0.0000000000000000        4.9565290143820879E-014
   2.1829999999999909       -26.522448576986815        0.0000000000000000        5.1514348342607263E-014
   2.1839999999999908       -26.522448576986815        0.0000000000000000        5.3623772089395061E-014
   2.1849999999999907       -26.522448576986818        0.0000000000000000        5.5782539081721756E-014
   2.1859999999999906       -26.522448576986818        0.0000000000000000        5.8064664187895687E-014
   2.1869999999999905       -26.522448576986818        0.0000000000000000        6.0445475785147413E-014
   2.1879999999999904       -26.522448576986818        0.0000000000000000        6.2949645496246376E-014
   2.1889999999999903       -26.522448576986822        0.0000000000000000        6.5552501698423133E-014
   2.1899999999999902       -26.522448576986822        0.0000000000000000        6.8167693711984612E-014
   2.1909999999999901       -26.522448576986825        0.0000000000000000        7.0943251273547503E-014
   2.1919999999999900       -26.522448576986825        0.0000000000000000        7.3891510194496528E-014
   2.1929999999999898       -26.522448576986825        0.0000000000000000        7.6938455606523348E-014
   2.1939999999999897       -26.522448576986825        0.0000000000000000        8.0108759132397405E-014
   2.1949999999999896       -26.522448576986832        0.0000000000000000        8.3377749149349256E-014
   2.1959999999999895       -26.522448576986832        0.0000000000000000        8.6770097280148344E-014
   2.1969999999999894       -26.522448576986836        0.0000000000000000        9.0261131902025227E-014
   2.1979999999999893       -26.522448576986832        0.0000000000000000        9.3974211128827141E-014
   2.1989999999999892       -26.522448576986832        0.0000000000000000        9.7810648469476291E-014
   2.1999999999999891       -26.522448576986839        0.0000000000000000        1.0174577230120324E-013
   2.2009999999999890       -26.522448576986839        0.0000000000000000        1.0591527654923993E-013
   2.2019999999999889       -26.522448576986839        0.0000000000000000        1.1024514634527804E-013
   2.2029999999999887       -26.522448576986843        0.0000000000000000        1.1474771750070230E-013
   2.2039999999999886       -26.522448576986847        0.0000000000000000        1.1945999744966684E-013
   2.2049999999999885       -26.522448576986847        0.0000000000000000        1.2434497875801753E-013
   2.2059999999999884       -26.522448576986850        0.0000000000000000        1.2945200467129325E-013
   2.2069999999999883       -26.522448576986854        0.0000000000000000        1.3467005288703149E-013
   2.2079999999999882       -26.522448576986854        0.0000000000000000        1.4015948895323364E-013
   2.2089999999999881       -26.522448576986857        0.0000000000000000        1.4588330543574557E-013
   2.2099999999999880       -26.522448576986861        0.0000000000000000        1.5187850976872141E-013
   2.2109999999999879       -26.522448576986861        0.0000000000000000        1.5809575870662229E-013
   2.2119999999999878       -26.522448576986868        0.0000000000000000        1.6453505224944820E-013
   2.2129999999999876       -26.522448576986868        0.0000000000000000        1.7119639039719914E-013
   2.2139999999999875       -26.522448576986875        0.0000000000000000        1.7819079545233762E-013
   2.2149999999999874       -26.522448576986875        0.0000000000000000        1.8545658835794003E-013
   2.2159999999999873       -26.522448576986882        0.0000000000000000        1.9295676167985221E-013
   2.2169999999999872       -26.522448576986882        0.0000000000000000        2.0083934515469082E-013
   2.2179999999999871       -26.522448576986889        0.0000000000000000        2.0911667459384061E-013
   2.2189999999999870       -26.522448576986889        0.0000000000000000        2.1771473512899320E-013
   2.2199999999999869       -26.522448576986896        0.0000000000000000        2.2653484026907082E-013
   2.2209999999999868       -26.522448576986900        0.0000000000000000        2.3570034812792073E-013
   2.2219999999999867       -26.522448576986903        0.0000000000000000        2.4530994519662071E-013
   2.2229999999999865       -26.522448576986910        0.0000000000000000        2.5535129566378600E-013
   2.2239999999999864       -26.522448576986914        0.0000000000000000        2.6578739209526248E-013
   2.2249999999999863       -26.522448576986918        0.0000000000000000        2.7666757773658901E-013
   2.2259999999999862       -26.522448576986925        0.0000000000000000        2.8799185258776561E-013
   2.2269999999999861       -26.522448576986928        0.0000000000000000        2.9976021664879227E-013
   2.2279999999999860       -26.522448576986935        0.0000000000000000        3.1197266991966899E-013
   2.2289999999999859       -26.522448576986939        0.0000000000000000        3.2462921240039577E-013
   2.2299999999999858       -26.522448576986946        0.0000000000000000        3.3784086639343514E-013
   2.2309999999999857       -26.522448576986953        0.0000000000000000        3.5166931095571071E-013
   2.2319999999999856       -26.522448576986960        0.0000000000000000        3.6604053121891411E-013
   2.2329999999999854       -26.522448576986974        0.0000000000000000        3.8097919880581484E-013
   2.2339999999999853       -26.522448576986974        0.0000000000000000        3.9657166439610592E-013
   2.2349999999999852       -26.522448576986982        0.0000000000000000        4.1278092055563320E-013
   2.2359999999999851       -26.522448576986989        0.0000000000000000        4.2954528822747307E-013
   2.2369999999999850       -26.522448576986996        0.0000000000000000        4.4702513295962691E-013
   2.2379999999999849       -26.522448576987003        0.0000000000000000        4.6529446962040311E-013
   2.2389999999999848       -26.522448576987017        0.0000000000000000        4.8432862658703217E-013
   2.2399999999999847       -26.522448576987024        0.0000000000000000        5.0404125317982107E-013
   2.2409999999999846       -26.522448576987031        0.0000000000000000        5.2469140143784898E-013
   2.2419999999999844       -26.522448576987045        0.0000000000000000        5.4611870581311450E-013
   2.2429999999999843       -26.522448576987053        0.0000000000000000        5.6838484536254126E-013
   2.2439999999999842       -26.522448576987067        0.0000000000000000        5.9163784982274592E-013
   2.2449999999999841       -26.522448576987077        0.0000000000000000        6.1577903270265070E-013
   2.2459999999999840       -26.522448576987088        0.0000000000000000        6.4082072981364036E-013
   2.2469999999999839       -26.522448576987102        0.0000000000000000        6.6702199319479405E-013
   2.2479999999999838       -26.522448576987117        0.0000000000000000        6.9422245729811038E-013
   2.2489999999999837       -26.522448576987131        0.0000000000000000        7.2258248767159076E-013
   2.2499999999999836       -26.522448576987138        0.0000000000000000        7.5206507688108104E-013
   2.2509999999999835       -26.522448576987156        0.0000000000000000        7.8270723236073536E-013
   2.2519999999999833       -26.522448576987170        0.0000000000000000        8.1468165546993987E-013
   2.2529999999999832       -26.522448576987188        0.0000000000000000        8.4787732390623205E-013
   2.2539999999999831       -26.522448576987202        0.0000000000000000        8.8245460321761330E-013
   2.2549999999999830       -26.522448576987216        0.0000000000000000        9.1848750827239201E-013
   2.2559999999999829       -26.522448576987237        0.0000000000000000        9.5595136744779877E-013
   2.2569999999999828       -26.522448576987255        0.0000000000000000        9.9498187466906529E-013
   2.2579999999999827       -26.522448576987273        0.0000000000000000        1.0356160373703460E-012
   2.2589999999999826       -26.522448576987294        0.0000000000000000        1.0779155346085645E-012
   2.2599999999999825       -26.522448576987316        0.0000000000000000        1.1219420454406442E-012
   2.2609999999999824       -26.522448576987337        0.0000000000000000        1.1677325773007396E-012
   2.2619999999999822       -26.522448576987358        0.0000000000000000        1.2153611450571589E-012
   2.2629999999999821       -26.522448576987379        0.0000000000000000        1.2649387710123644E-012
   2.2639999999999820       -26.522448576987408        0.0000000000000000        1.3166134849029731E-012
   2.2649999999999819       -26.522448576987429        0.0000000000000000        1.3702866002379072E-012
   2.2659999999999818       -26.522448576987458        0.0000000000000000        1.4261924974334761E-012
   2.2669999999999817       -26.522448576987486        0.0000000000000000        1.4843681839238343E-012
   2.2679999999999816       -26.522448576987511        0.0000000000000000        1.5449863610683678E-012
   2.2689999999999815       -26.522448576987543        0.0000000000000000        1.6080470288670767E-012
   2.2699999999999814       -26.522448576987575        0.0000000000000000        1.6736612096224235E-012
   2.2709999999999813       -26.522448576987607        0.0000000000000000        1.7419892688824096E-012
   2.2719999999999811       -26.522448576987635        0.0000000000000000        1.8129941992128806E-012
   2.2729999999999810       -26.522448576987671        0.0000000000000000        1.8870460749553786E-012
   2.2739999999999809       -26.522448576987706        0.0000000000000000        1.9640338738074409E-012
   2.2749999999999808       -26.522448576987742        0.0000000000000000        2.0441426329398382E-012
   2.2759999999999807       -26.522448576987784        0.0000000000000000        2.1276314043916500E-012
   2.2769999999999806       -26.522448576987827        0.0000000000000000        2.2144508449173372E-012
   2.2779999999999805       -26.522448576987866        0.0000000000000000        2.3048229991218250E-012
   2.2789999999999804       -26.522448576987912        0.0000000000000000        2.3988588893075757E-012
   2.2799999999999803       -26.522448576987955        0.0000000000000000        2.4968422391364381E-012
   2.2809999999999802       -26.522448576988005        0.0000000000000000        2.5986990337401039E-012
   2.2819999999999800       -26.522448576988054        0.0000000000000000        2.7047746758373453E-012
   2.2829999999999799       -26.522448576988104        0.0000000000000000        2.8150815012395469E-012
   2.2839999999999798       -26.522448576988161        0.0000000000000000        2.9299895842882506E-012
   2.2849999999999797       -26.522448576988218        0.0000000000000000        3.0496099472859190E-012
   2.2859999999999796       -26.522448576988271        0.0000000000000000        3.1740166051008600E-012
   2.2869999999999795       -26.522448576988335        0.0000000000000000        3.3035302888290768E-012
   2.2879999999999794       -26.522448576988396        0.0000000000000000        3.4383607072641098E-012
   2.2889999999999793       -26.522448576988459        0.0000000000000000        3.5786928975767296E-012
   2.2899999999999792       -26.522448576988531        0.0000000000000000        3.7247982476174002E-012
   2.2909999999999791       -26.522448576988605        0.0000000000000000        3.8767877796885841E-012
   2.2919999999999789       -26.522448576988676        0.0000000000000000        4.0350439039432079E-012
   2.2929999999999788       -26.522448576988751        0.0000000000000000        4.1996406352495796E-012
   2.2939999999999787       -26.522448576988833        0.0000000000000000        4.3709973911947803E-012
   2.2949999999999786       -26.522448576988914        0.0000000000000000        4.5493608880065040E-012
   2.2959999999999785       -26.522448576989007        0.0000000000000000        4.7350518567807537E-012
   2.2969999999999784       -26.522448576989095        0.0000000000000000        4.9283910286135324E-012
   2.2979999999999783       -26.522448576989188        0.0000000000000000        5.1295017616186872E-012
   2.2989999999999782       -26.522448576989284        0.0000000000000000        5.3388404808174528E-012
   2.2999999999999781       -26.522448576989390        0.0000000000000000        5.5567772605513710E-012
   2.3009999999999780       -26.522448576989497        0.0000000000000000        5.7835464812367515E-012
   2.3019999999999778       -26.522448576989603        0.0000000000000000        6.0196292395175988E-012
   2.3029999999999777       -26.522448576989717        0.0000000000000000        6.2652105725646834E-012
   2.3039999999999776       -26.522448576989838        0.0000000000000000        6.5208949351358569E-012
   2.3049999999999775       -26.522448576989959        0.0000000000000000        6.7869660508929680E-012
   2.3059999999999774       -26.522448576990094        0.0000000000000000        7.0640160387824835E-012
   2.3069999999999773       -26.522448576990229        0.0000000000000000        7.3522916150320985E-012
   2.3079999999999772       -26.522448576990367        0.0000000000000000        7.6523232195313540E-012
   2.3089999999999771       -26.522448576990513        0.0000000000000000        7.9646289563584105E-012
   2.3099999999999770       -26.522448576990666        0.0000000000000000        8.2896405789117320E-012
   2.3109999999999769       -26.522448576990822        0.0000000000000000        8.6279872135719415E-012
   2.3119999999999767       -26.522448576990989        0.0000000000000000        8.9801499569830412E-012
   2.3129999999999766       -26.522448576991160        0.0000000000000000        9.3466345774118054E-012
   2.3139999999999765       -26.522448576991337        0.0000000000000000        9.7280455296160848E-012
   2.3149999999999764       -26.522448576991525        0.0000000000000000        1.0125011939976503E-011
   2.3159999999999763       -26.522448576991717        0.0000000000000000        1.0538236949741986E-011
   2.3169999999999762       -26.522448576991920        0.0000000000000000        1.0968337349481772E-011
   2.3179999999999761       -26.522448576992129        0.0000000000000000        1.1415979273010635E-011
   2.3189999999999760       -26.522448576992346        0.0000000000000000        1.1881828854143350E-011
   2.3199999999999759       -26.522448576992574        0.0000000000000000        1.2366774271299619E-011
   2.3209999999999757       -26.522448576992815        0.0000000000000000        1.2871481658294215E-011
   2.3219999999999756       -26.522448576993053        0.0000000000000000        1.3396728171244376E-011
   2.3229999999999755       -26.522448576993309        0.0000000000000000        1.3943463667626728E-011
   2.3239999999999754       -26.522448576993575        0.0000000000000000        1.4512502310992659E-011
   2.3249999999999753       -26.522448576993852        0.0000000000000000        1.5104756951384642E-011
   2.3259999999999752       -26.522448576994144        0.0000000000000000        1.5721202117902067E-011
   2.3269999999999751       -26.522448576994442        0.0000000000000000        1.6362800003832945E-011
   2.3279999999999750       -26.522448576994755        0.0000000000000000        1.7030549809899438E-011
   2.3289999999999749       -26.522448576995082        0.0000000000000000        1.7725598766560324E-011
   2.3299999999999748       -26.522448576995416        0.0000000000000000        1.8449020089406076E-011
   2.3309999999999746       -26.522448576995771        0.0000000000000000        1.9201973344706857E-011
   2.3319999999999745       -26.522448576996133        0.0000000000000000        1.9985568755487293E-011
   2.3329999999999744       -26.522448576996517        0.0000000000000000        2.0801249611679395E-011
   2.3339999999999743       -26.522448576996915        0.0000000000000000        2.1650187815364714E-011
   2.3349999999999742       -26.522448576997327        0.0000000000000000        2.2533752641606952E-011
   2.3359999999999741       -26.522448576997760        0.0000000000000000        2.3453350372903969E-011
   2.3369999999999740       -26.522448576998205        0.0000000000000000        2.4410424299187779E-011
   2.3379999999999739       -26.522448576998674        0.0000000000000000        2.5406676762429470E-011
   2.3389999999999738       -26.522448576999157        0.0000000000000000        2.6443563388372442E-011
   2.3399999999999737       -26.522448576999658        0.0000000000000000        2.7522650825062556E-011
   2.3409999999999735       -26.522448577000187        0.0000000000000000        2.8645863459075827E-011
   2.3419999999999734       -26.522448577000731        0.0000000000000000        2.9814989983063041E-011
   2.3429999999999733       -26.522448577001303        0.0000000000000000        3.1031732738995288E-011
   2.3439999999999732       -26.522448577001896        0.0000000000000000        3.2298213486430742E-011
   2.3449999999999731       -26.522448577002510        0.0000000000000000        3.3616331940322652E-011
   2.3459999999999730       -26.522448577003154        0.0000000000000000        3.4988185188606420E-011
   2.3469999999999729       -26.522448577003821        0.0000000000000000        3.6416092363822372E-011
   2.3479999999999728       -26.522448577004514        0.0000000000000000        3.7902298583642531E-011
   2.3489999999999727       -26.522448577005242        0.0000000000000000        3.9449110644795837E-011
   2.3499999999999726       -26.522448577005989        0.0000000000000000        4.1059045052804777E-011
   2.3509999999999724       -26.522448577006774        0.0000000000000000        4.2734655320625987E-011
   2.3519999999999723       -26.522448577007587        0.0000000000000000        4.4478754013255184E-011
   2.3529999999999722       -26.522448577008440        0.0000000000000000        4.6293906979460391E-011
   2.3539999999999721       -26.522448577009321        0.0000000000000000        4.8183124157219481E-011
   2.3549999999999720       -26.522448577010245        0.0000000000000000        5.0149612857492483E-011
   2.3559999999999719       -26.522448577011197        0.0000000000000000        5.2196247324332035E-011
   2.3569999999999718       -26.522448577012195        0.0000000000000000        5.4326432241680322E-011
   2.3579999999999717       -26.522448577013233        0.0000000000000000        5.6543485942799836E-011
   2.3589999999999716       -26.522448577014309        0.0000000000000000        5.8851035156237685E-011
   2.3599999999999715       -26.522448577015435        0.0000000000000000        6.1252829968654831E-011
   2.3609999999999713       -26.522448577016604        0.0000000000000000        6.3752558787655289E-011
   2.3619999999999712       -26.522448577017819        0.0000000000000000        6.6354366445864343E-011
   2.3629999999999711       -26.522448577019087        0.0000000000000000        6.9062360768473107E-011
   2.3639999999999710       -26.522448577020398        0.0000000000000000        7.1880834617843448E-011
   2.3649999999999709       -26.522448577021777        0.0000000000000000        7.4814426259056043E-011
   2.3659999999999708       -26.522448577023205        0.0000000000000000        7.7867601255832142E-011
   2.3669999999999707       -26.522448577024690        0.0000000000000000        8.1045441962462272E-011
   2.3679999999999706       -26.522448577026239        0.0000000000000000        8.4352969054179994E-011
   2.3689999999999705       -26.522448577027845        0.0000000000000000        8.7795548608937679E-011
   2.3699999999999704       -26.522448577029522        0.0000000000000000        9.1378571376310447E-011
   2.3709999999999702       -26.522448577031266        0.0000000000000000        9.5107748836969430E-011
   2.3719999999999701       -26.522448577033082        0.0000000000000000        9.8989150210115895E-011
   2.3729999999999700       -26.522448577034972        0.0000000000000000        1.0302896807306500E-010
   2.3739999999999699       -26.522448577036936        0.0000000000000000        1.0723366639098231E-010
   2.3749999999999698       -26.522448577038986        0.0000000000000000        1.1161000518850667E-010
   2.3759999999999697       -26.522448577041118        0.0000000000000000        1.1616485551257938E-010
   2.3769999999999696       -26.522448577043331        0.0000000000000000        1.2090580388720204E-010
   2.3779999999999695       -26.522448577045637        0.0000000000000000        1.2584012844109160E-010
   2.3789999999999694       -26.522448577048038        0.0000000000000000        1.3097582278002543E-010
   2.3799999999999693       -26.522448577050540        0.0000000000000000        1.3632110255438570E-010
   2.3809999999999691       -26.522448577053140        0.0000000000000000        1.4188443013078236E-010
   2.3819999999999690       -26.522448577055847        0.0000000000000000        1.4767479831571487E-010
   2.3829999999999689       -26.522448577058668        0.0000000000000000        1.5370159466164701E-010
   2.3839999999999688       -26.522448577061603        0.0000000000000000        1.5997429307172220E-010
   2.3849999999999687       -26.522448577064655        0.0000000000000000        1.6650291022478492E-010
   2.3859999999999686       -26.522448577067834        0.0000000000000000        1.7329807959024871E-010
   2.3869999999999685       -26.522448577071138        0.0000000000000000        1.8037048398077282E-010
   2.3879999999999684       -26.522448577074581        0.0000000000000000        1.8773153402188805E-010
   2.3889999999999683       -26.522448577078165        0.0000000000000000        1.9539296107022133E-010
   2.3899999999999681       -26.522448577081892        0.0000000000000000        2.0336721195945984E-010
   2.3909999999999680       -26.522448577085775        0.0000000000000000        2.1166689388883875E-010
   2.3919999999999679       -26.522448577089818        0.0000000000000000        2.2030515683329416E-010
   2.3929999999999678       -26.522448577094018        0.0000000000000000        2.2929598960293637E-010
   2.3939999999999677       -26.522448577098395        0.0000000000000000        2.3865372641059440E-010
   2.3949999999999676       -26.522448577102949        0.0000000000000000        2.4839333059547797E-010
   2.3959999999999675       -26.522448577107689        0.0000000000000000        2.5853049330966843E-010
   2.3969999999999674       -26.522448577112627        0.0000000000000000        2.6908139913770257E-010
   2.3979999999999673       -26.522448577117760        0.0000000000000000        2.8006286179049766E-010
   2.3989999999999672       -26.522448577123104        0.0000000000000000        2.9149249680671119E-010
   2.3999999999999670       -26.522448577128667        0.0000000000000000        3.0338847483651282E-010
   2.4009999999999669       -26.522448577134458        0.0000000000000000        3.1577015076796516E-010
   2.4019999999999668       -26.522448577140484        0.0000000000000000        3.2865700284724475E-010
   2.4029999999999667       -26.522448577146754        0.0000000000000000        3.4206974290166653E-010
   2.4039999999999666       -26.522448577153284        0.0000000000000000        3.5603004495183338E-010
   2.4049999999999665       -26.522448577160077        0.0000000000000000        3.7055991608525574E-010
   2.4059999999999664       -26.522448577167150        0.0000000000000000        3.8568276967194176E-010
   2.4069999999999663       -26.522448577174515        0.0000000000000000        4.0142288875660231E-010
   2.4079999999999662       -26.522448577182175        0.0000000000000000        4.1780534587587681E-010
   2.4089999999999661       -26.522448577190147        0.0000000000000000        4.3485644714754318E-010
   2.4099999999999659       -26.522448577198446        0.0000000000000000        4.5260328818130802E-010
   2.4109999999999658       -26.522448577207086        0.0000000000000000        4.7107452506701797E-010
   2.4119999999999657       -26.522448577216075        0.0000000000000000        4.9029957871482566E-010
   2.4129999999999656       -26.522448577225433        0.0000000000000000        5.1030935033224978E-010
   2.4139999999999655       -26.522448577235171        0.0000000000000000        5.3113551828292627E-010
   2.4149999999999654       -26.522448577245306        0.0000000000000000        5.5281170998869000E-010
   2.4159999999999653       -26.522448577255858        0.0000000000000000        5.7537249039304094E-010
   2.4169999999999652       -26.522448577266839        0.0000000000000000        5.9885407743820451E-010
   2.4179999999999651       -26.522448577278269        0.0000000000000000        6.2329394731916765E-010
   2.4189999999999650       -26.522448577290163        0.0000000000000000        6.4873124156545403E-010
   2.4199999999999648       -26.522448577302548        0.0000000000000000        6.7520676704112426E-010
   2.4209999999999647       -26.522448577315430        0.0000000000000000        7.0276273689273694E-010
   2.4219999999999646       -26.522448577328845        0.0000000000000000        7.3144337500410628E-010
   2.4229999999999645       -26.522448577342804        0.0000000000000000        7.6129436088478997E-010
   2.4239999999999644       -26.522448577357331        0.0000000000000000        7.9236365616945170E-010
   2.4249999999999643       -26.522448577372455        0.0000000000000000        8.2470102352121755E-010
   2.4259999999999642       -26.522448577388193        0.0000000000000000        8.5835806363910983E-010
   2.4269999999999641       -26.522448577404578        0.0000000000000000        8.9338863467563412E-010
   2.4279999999999640       -26.522448577421628        0.0000000000000000        9.2984902493813904E-010
   2.4289999999999639       -26.522448577439377        0.0000000000000000        9.6779724974756687E-010
   2.4299999999999637       -26.522448577457844        0.0000000000000000        1.0072943096912152E-009
   2.4309999999999636       -26.522448577477064        0.0000000000000000        1.0484032777726939E-009
   2.4319999999999635       -26.522448577497073        0.0000000000000000        1.0911901259112886E-009
   2.4329999999999634       -26.522448577517899        0.0000000000000000        1.1357230218007115E-009
   2.4339999999999633       -26.522448577539578        0.0000000000000000        1.1820734267963138E-009
   2.4349999999999632       -26.522448577562137        0.0000000000000000        1.2303154297812726E-009
   2.4359999999999631       -26.522448577585614        0.0000000000000000        1.2805263886287814E-009
   2.4369999999999630       -26.522448577610056        0.0000000000000000        1.3327865847993319E-009
   2.4379999999999629       -26.522448577635494        0.0000000000000000        1.3871795317359985E-009
   2.4389999999999628       -26.522448577661965        0.0000000000000000        1.4437924127857431E-009
   2.4399999999999626       -26.522448577689520        0.0000000000000000        1.5027159146659603E-009
   2.4409999999999625       -26.522448577718201        0.0000000000000000        1.5640439930840620E-009
   2.4419999999999624       -26.522448577748051        0.0000000000000000        1.6278752050051064E-009
   2.4429999999999623       -26.522448577779116        0.0000000000000000        1.6943114689027539E-009
   2.4439999999999622       -26.522448577811453        0.0000000000000000        1.7634591934860093E-009
   2.4449999999999621       -26.522448577845111        0.0000000000000000        1.8354288829532568E-009
   2.4459999999999620       -26.522448577880137        0.0000000000000000        1.9103358894767553E-009
   2.4469999999999619       -26.522448577916595        0.0000000000000000        1.9883002158296552E-009
   2.4479999999999618       -26.522448577954542        0.0000000000000000        2.0694464537069419E-009
   2.4489999999999617       -26.522448577994037        0.0000000000000000        2.1539044868666855E-009
   2.4499999999999615       -26.522448578035146        0.0000000000000000        2.2418094541226057E-009
   2.4509999999999614       -26.522448578077931        0.0000000000000000        2.3333019960602996E-009
   2.4519999999999613       -26.522448578122461        0.0000000000000000        2.4285287978129429E-009
   2.4529999999999612       -26.522448578168810        0.0000000000000000        2.5276420832930233E-009
   2.4539999999999611       -26.522448578217052        0.0000000000000000        2.6308004416917026E-009
   2.4549999999999610       -26.522448578267259        0.0000000000000000        2.7381690618592338E-009
   2.4559999999999609       -26.522448578319519        0.0000000000000000        2.8499198433272630E-009
   2.4569999999999608       -26.522448578373908        0.0000000000000000        2.9662316553608687E-009
   2.4579999999999607       -26.522448578430520        0.0000000000000000        3.0872906083464122E-009
   2.4589999999999606       -26.522448578489438        0.0000000000000000        3.2132903991942561E-009
   2.4599999999999604       -26.522448578550765        0.0000000000000000        3.3444326567414842E-009
   2.4609999999999603       -26.522448578614593        0.0000000000000000        3.4809274968634125E-009
   2.4619999999999602       -26.522448578681026        0.0000000000000000        3.6229932140783046E-009
   2.4629999999999601       -26.522448578750172        0.0000000000000000        3.7708573424271527E-009
   2.4639999999999600       -26.522448578822136        0.0000000000000000        3.9247564704365026E-009
   2.4649999999999599       -26.522448578897041        0.0000000000000000        4.0849369812671439E-009
   2.4659999999999598       -26.522448578975002        0.0000000000000000        4.2516553117661396E-009
   2.4669999999999597       -26.522448579056146        0.0000000000000000        4.4251782485263096E-009
   2.4679999999999596       -26.522448579140601        0.0000000000000000        4.6057836495311868E-009
   2.4689999999999594       -26.522448579228502        0.0000000000000000        4.7937604626587431E-009
   2.4699999999999593       -26.522448579319992        0.0000000000000000        4.9894097002104827E-009
   2.4709999999999592       -26.522448579415212        0.0000000000000000        5.1930446239486132E-009
   2.4719999999999591       -26.522448579514322        0.0000000000000000        5.4049910596592418E-009
   2.4729999999999590       -26.522448579617475        0.0000000000000000        5.6255884518642398E-009
   2.4739999999999589       -26.522448579724845        0.0000000000000000        5.8551899995151757E-009
   2.4749999999999588       -26.522448579836588        0.0000000000000000        6.0941630137318406E-009
   2.4759999999999587       -26.522448579952890        0.0000000000000000        6.3428902253982580E-009
   2.4769999999999586       -26.522448580073949        0.0000000000000000        6.6017699085207937E-009
   2.4779999999999585       -26.522448580199942        0.0000000000000000        6.8712162996457477E-009
   2.4789999999999583       -26.522448580331087        0.0000000000000000        7.1516610164776591E-009
   2.4799999999999582       -26.522448580467568        0.0000000000000000        7.4435530085360648E-009
   2.4809999999999581       -26.522448580609630        0.0000000000000000        7.7473596180352740E-009
   2.4819999999999580       -26.522448580757491        0.0000000000000000        8.0635671226600732E-009
   2.4829999999999579       -26.522448580911387        0.0000000000000000        8.3926819938184849E-009
   2.4839999999999578       -26.522448581071558        0.0000000000000000        8.7352313160593553E-009
   2.4849999999999577       -26.522448581238272        0.0000000000000000        9.0917633421838673E-009
   2.4859999999999576       -26.522448581411787        0.0000000000000000        9.4628491277405474E-009
   2.4869999999999575       -26.522448581592386        0.0000000000000000        9.8490829689465738E-009
   2.4879999999999574       -26.522448581780360        0.0000000000000000        1.0251083648604720E-008
   2.4889999999999572       -26.522448581976001        0.0000000000000000        1.0669494300409433E-008
   2.4899999999999571       -26.522448582179628        0.0000000000000000        1.1104985196840211E-008
   2.4909999999999570       -26.522448582391569        0.0000000000000000        1.1558253675146723E-008
   2.4919999999999569       -26.522448582612157        0.0000000000000000        1.2030025802683358E-008
   2.4929999999999568       -26.522448582841754        0.0000000000000000        1.2521057406949470E-008
   2.4939999999999567       -26.522448583080720        0.0000000000000000        1.3032134809570156E-008
   2.4949999999999566       -26.522448583329442        0.0000000000000000        1.3564076442287545E-008
   2.4959999999999565       -26.522448583588314        0.0000000000000000        1.4117734512295341E-008
   2.4969999999999564       -26.522448583857752        0.0000000000000000        1.4693995945928387E-008
   2.4979999999999563       -26.522448584138189        0.0000000000000000        1.5293783770273549E-008
   2.4989999999999561       -26.522448584430073        0.0000000000000000        1.5918058969709314E-008
