   7.9000000953674316       -75.039212551891879       0.91773076395038677     
   7.8990000953674313       -75.022634752418838       0.91746200852380100     
   7.8980000953674310       -75.006061498047245       0.91719273070617524     
   7.8970000953674306       -74.989492797765323       0.91692293163450700     
   7.8960000953674303       -74.972928660551204       0.91665261237085316     
   7.8950000953674300       -74.956369095372665       0.91638177399200516     
   7.8940000953674296       -74.939814111187033       0.91611041758951750     
   7.8930000953674293       -74.923263716940880       0.91583854426973543     
   7.8920000953674290       -74.906717921570035       0.91556615515382156     
   7.8910000953674286       -74.890176733999169       0.91529325137778217     
   7.8900000953674283       -74.873640163141800       0.91501983409248178     
   7.8890000953674280       -74.857108217899977       0.91474590446366777     
   7.8880000953674276       -74.840580907164153       0.91447146367200538     
   7.8870000953674273       -74.824058239813013       0.91419651291307502     
   7.8860000953674270       -74.807540224713208       0.91392105339741669     
   7.8850000953674266       -74.791026870719293       0.91364508635053276     
   7.8840000953674263       -74.774518186673433       0.91336861301291405     
   7.8830000953674260       -74.758014181405187       0.91309163464005416     
   7.8820000953674256       -74.741514863731481       0.91281415250246867     
   7.8810000953674253       -74.725020242456253       0.91253616788570446     
   7.8800000953674250       -74.708530326370337       0.91225768209036695     
   7.8790000953674246       -74.692045124251251       0.91197869643212615     
   7.8780000953674243       -74.675564644863059       0.91169921224172590     
   7.8770000953674240       -74.659088896956078       0.91141923086500176     
   7.8760000953674236       -74.642617889266774       0.91113875366289954     
   7.8750000953674233       -74.626151630517526       0.91085778201146594     
   7.8740000953674230       -74.609690129416506       0.91057631730188504     
   7.8730000953674226       -74.593233394657361       0.91029436094045935     
   7.8720000953674223       -74.576781434919113       0.91001191434863671     
   7.8710000953674220       -74.560334258865922       0.90972897896301019     
   7.8700000953674216       -74.543891875146926       0.90944555623532208     
   7.8690000953674213       -74.527454292396072       0.90916164763247842     
   7.8680000953674210       -74.511021519231818       0.90887725463654390     
   7.8670000953674206       -74.494593564257016       0.90859237874473975     
   7.8660000953674203       -74.478170436058733       0.90830702146946329     
   7.8650000953674200       -74.461752143207988       0.90802118433827317     
   7.8640000953674196       -74.445338694259618       0.90773486889389965     
   7.8630000953674193       -74.428930097752072       0.90744807669423944     
   7.8620000953674190       -74.412526362207146       0.90716080931235432     
   7.8610000953674186       -74.396127496129907       0.90687306833646120     
   7.8600000953674183       -74.379733508008414       0.90658485536994682     
   7.8590000953674179       -74.363344406313487       0.90629617203134827     
   7.8580000953674176       -74.346960199498653       0.90600701995434796     
   7.8570000953674173       -74.330580895999773       0.90571740078777252     
   7.8560000953674169       -74.314206504234974       0.90542731619558070     
   7.8550000953674166       -74.297837032604420       0.90513676785685881     
   7.8540000953674163       -74.281472489490056       0.90484575746580631     
   7.8530000953674159       -74.265112883255526       0.90455428673172866     
   7.8520000953674156       -74.248758222245826       0.90426235737902694     
   7.8510000953674153       -74.232408514787238       0.90396997114717315     
   7.8500000953674149       -74.216063769187059       0.90367712979071557     
   7.8490000953674146       -74.199723993733400       0.90338383507924880     
   7.8480000953674143       -74.183389196695089       0.90309008879740515     
   7.8470000953674139       -74.167059386321313       0.90279589274483085     
   7.8460000953674136       -74.150734570841536       0.90250124873617865     
   7.8450000953674133       -74.134414758465255       0.90220615860107622     
   7.8440000953674129       -74.118099957381801       0.90191062418411738     
   7.8430000953674126       -74.101790175760158       0.90161464734483077     
   7.8420000953674123       -74.085485421748785       0.90131822995766775     
   7.8410000953674119       -74.069185703475341       0.90102137391197545     
   7.8400000953674116       -74.052891029046535       0.90072408111196234     
   7.8390000953674113       -74.036601406547959       0.90042635347668742     
   7.8380000953674109       -74.020316844043805       0.90012819294002511     
   7.8370000953674106       -74.004037349576762       0.89982960145064306     
   7.8360000953674103       -73.987762931167751       0.89953058097196703     
   7.8350000953674099       -73.971493596815733       0.89923113348215800     
   7.8340000953674096       -73.955229354497533       0.89893126097407205     
   7.8330000953674093       -73.938970212167590       0.89863096545523946     
   7.8320000953674089       -73.922716177757877       0.89833024894782676     
   7.8310000953674086       -73.906467259177560       0.89802911348859715     
   7.8300000953674083       -73.890223464312854       0.89772756112888452     
   7.8290000953674079       -73.873984801026864       0.89742559393454746     
   7.8280000953674076       -73.857751277159323       0.89712321398594397     
   7.8270000953674073       -73.841522900526442       0.89682042337788404     
   7.8260000953674069       -73.825299678920700       0.89651722421959157     
   7.8250000953674066       -73.809081620110604       0.89621361863465965     
   7.8240000953674063       -73.792868731840542       0.89590960876102066     
   7.8230000953674059       -73.776661021830591       0.89560519675089045     
   7.8220000953674056       -73.760458497776213       0.89530038477073459     
   7.8210000953674053       -73.744261167348242       0.89499517500121306     
   7.8200000953674049       -73.728069038192515       0.89468956963714674     
   7.8190000953674046       -73.711882117929747       0.89438357088745513     
   7.8180000953674043       -73.695700414155354       0.89407718097511812     
   7.8170000953674039       -73.679523934439189       0.89377040213712355     
   7.8160000953674036       -73.663352686325425       0.89346323662442018     
   7.8150000953674033       -73.647186677332300       0.89315568670186019     
   7.8140000953674029       -73.631025914951934       0.89284775464814758     
   7.8130000953674026       -73.614870406650141       0.89253944275578556     
   7.8120000953674023       -73.598720159866204       0.89223075333102342     
   7.8110000953674019       -73.582575182012746       0.89192168869379451     
   7.8100000953674016       -73.566435480475491       0.89161225117766718     
   7.8090000953674013       -73.550301062613030       0.89130244312977835     
   7.8080000953674009       -73.534171935756660       0.89099226691077982     
   7.8070000953674006       -73.518048107210234       0.89068172489477504     
   7.8060000953674002       -73.501929584249908       0.89037081946925456     
   7.8050000953673999       -73.485816374123971       0.89005955303504158     
   7.8040000953673996       -73.469708484052632       0.88974792800622127     
   7.8030000953673992       -73.453605921227833       0.88943594681007632     
   7.8020000953673989       -73.437508692813111       0.88912361188702327     
   7.8010000953673986       -73.421416805943267       0.88881092569054543     
   7.8000000953673982       -73.405330267724338       0.88849789068711815     
   7.7990000953673979       -73.389249085233317       0.88818450935615767     
   7.7980000953673976       -73.373173265517948       0.88787078418992538     
   7.7970000953673972       -73.357102815596576       0.88755671769347233     
   7.7960000953673969       -73.341037742457928       0.88724231238456441     
   7.7950000953673966       -73.324978053060974       0.88692757079361328     
   7.7940000953673962       -73.308923754334643       0.88661249546358711     
   7.7930000953673959       -73.292874853177722       0.88629708894995329     
   7.7920000953673956       -73.276831356458629       0.88598135382058163     
   7.7910000953673952       -73.260793271015217       0.88566529265568716     
   7.7900000953673949       -73.244760603654612       0.88534890804773714     
   7.7890000953673946       -73.228733361153004       0.88503220260137550     
   7.7880000953673942       -73.212711550255463       0.88471517893334584     
   7.7870000953673939       -73.196695177675778       0.88439783967239882     
   7.7860000953673936       -73.180684250096206       0.88408018745922046     
   7.7850000953673932       -73.164678774167356       0.88376222494633982     
   7.7840000953673929       -73.148678756507991       0.88344395479805338     
   7.7830000953673926       -73.132684203704812       0.88312537969032834     
   7.7820000953673922       -73.116695122312294       0.88280650155511309     
   7.7810000953673919       -73.100711518852506       0.88248732460175683     
   7.7800000953673916       -73.084733399814922       0.88216785078605142     
   7.7790000953673912       -73.068760771656230       0.88184808282977989     
   7.7780000953673909       -73.052793640800175       0.88152802346596537     
   7.7770000953673906       -73.036832013637365       0.88120767543876033     
   7.7760000953673902       -73.020875896525084       0.88088704150336450     
   7.7750000953673899       -73.004925295787118       0.88056612442592574     
   7.7740000953673896       -72.988980217713589       0.88024492698345047     
   7.7730000953673892       -72.973040668560728       0.87992345196370225     
   7.7720000953673889       -72.957106654550799       0.87960170216510669     
   7.7710000953673886       -72.941178181871777       0.87927968039665294     
   7.7700000953673882       -72.925255256677360       0.87895738947779656     
   7.7690000953673879       -72.909337885086543       0.87863483223835648     
   7.7680000953673876       -72.893426073183747       0.87831201151841987     
   7.7670000953673872       -72.877519827018361       0.87798893016823421     
   7.7660000953673869       -72.861619152604746       0.87766559104810482     
   7.7650000953673866       -72.845724055922034       0.87734199702829718     
   7.7640000953673862       -72.829834542913844       0.87701815098892433     
   7.7630000953673859       -72.813950619488310       0.87669405581985649     
   7.7620000953673856       -72.798072291517727       0.87636971442059330     
   7.7610000953673852       -72.782199564838493       0.87604512970017145     
   7.7600000953673849       -72.766332445250882       0.87572030457705574     
   7.7590000953673846       -72.750470938518916       0.87539524197902119     
   7.7580000953673842       -72.734615050370181       0.87506994484305500     
   7.7570000953673839       -72.718764786495640       0.87474441611524201     
   7.7560000953673836       -72.702920152549510       0.87441865875064628     
   7.7550000953673832       -72.687081154149070       0.87409267571320959     
   7.7540000953673829       -72.671247796874539       0.87376646997562712     
   7.7530000953673825       -72.655420086268791       0.87344004451924606     
   7.7520000953673822       -72.639598027837422       0.87311340233394275     
   7.7510000953673819       -72.623781627048345       0.87278654641800857     
   7.7500000953673815       -72.607970889331753       0.87245947977803018     
   7.7490000953673812       -72.592165820079984       0.87213220542877934     
   7.7480000953673809       -72.576366424647290       0.87180472639309803     
   7.7470000953673805       -72.560572708349738       0.87147704570176010     
   7.7460000953673802       -72.544784676465042       0.87114916639337747     
   7.7450000953673799       -72.529002334232359       0.87082109151426657     
   7.7440000953673795       -72.513225686852209       0.87049282411832096     
   7.7430000953673792       -72.497454739486273       0.87016436726691004     
   7.7420000953673789       -72.481689497257278       0.86983572402873399     
   7.7410000953673785       -72.465929965248833       0.86950689747971754     
   7.7400000953673782       -72.450176148505221       0.86917789070288098     
   7.7390000953673779       -72.434428052031365       0.86884870678821169     
   7.7380000953673775       -72.418685680792592       0.86851934883254245     
   7.7370000953673772       -72.402949039714500       0.86818981993942979     
   7.7360000953673769       -72.387218133682893       0.86786012321901973     
   7.7350000953673765       -72.371492967543503       0.86753026178792958     
   7.7340000953673762       -72.355773546101943       0.86720023876911156     
   7.7330000953673759       -72.340059874123540       0.86687005729172595     
   7.7320000953673755       -72.324351956333203       0.86653972049102412     
   7.7310000953673752       -72.308649797415271       0.86620923150820461     
   7.7300000953673749       -72.292953402013367       0.86587859349028617     
   7.7290000953673745       -72.277262774730289       0.86554780958998490     
   7.7280000953673742       -72.261577920127849       0.86521688296557420     
   7.7270000953673739       -72.245898842726760       0.86488581678075860     
   7.7260000953673735       -72.230225547006469       0.86455461420453461     
   7.7250000953673732       -72.214558037405112       0.86422327841107338     
   7.7240000953673729       -72.198896318319242       0.86389181257957004     
   7.7230000953673725       -72.183240394103791       0.86356021989411247     
   7.7220000953673722       -72.167590269071979       0.86322850354356495     
   7.7210000953673719       -72.151945947495065       0.86289666672140264     
   7.7200000953673715       -72.136307433602369       0.86256471262561141     
   7.7190000953673712       -72.120674731581005       0.86223264445852177     
   7.7180000953673709       -72.105047845575854       0.86190046542669208     
   7.7170000953673705       -72.089426779689404       0.86156817874076308     
   7.7160000953673702       -72.073811537981641       0.86123578761532094     
   7.7150000953673699       -72.058202124469929       0.86090329526876397     
   7.7140000953673695       -72.042598543128889       0.86057070492316678     
   7.7130000953673692       -72.027000797890267       0.86023801980413972     
   7.7120000953673689       -72.011408892642876       0.85990524314067696     
   7.7110000953673685       -71.995822831232388       0.85957237816503596     
   7.7100000953673682       -71.980242617461300       0.85923942811260323     
   7.7090000953673679       -71.964668255088824       0.85890639622172660     
   7.7080000953673675       -71.949099747830701       0.85857328573360481     
   7.7070000953673672       -71.933537099359185       0.85824009989212469     
   7.7060000953673669       -71.917980313302877       0.85790684194373745     
   7.7050000953673665       -71.902429393246635       0.85757351513730928     
   7.7040000953673662       -71.886884342731477       0.85724012272398287     
   7.7030000953673659       -71.871345165254482       0.85690666795703785     
   7.7020000953673655       -71.855811864268674       0.85657315409174073     
   7.7010000953673652       -71.840284443182924       0.85623958438521508     
   7.7000000953673648       -71.824762905361865       0.85590596209628922     
   7.6990000953673645       -71.809247254125793       0.85557229048536554     
   7.6980000953673642       -71.793737492750552       0.85523857281426374     
   7.6970000953673638       -71.778233624467489       0.85490481234609061     
   7.6960000953673635       -71.762735652463292       0.85457101234508803     
   7.6950000953673632       -71.747243579879949       0.85423717607649774     
   7.6940000953673628       -71.731757409814634       0.85390330680641613     
   7.6930000953673625       -71.716277145319665       0.85356940780164736     
   7.6920000953673622       -71.700802789402374       0.85323548232956670     
   7.6910000953673618       -71.685334345025012       0.85290153365796817     
   7.6900000953673615       -71.669871815104727       0.85256756505492526     
   7.6890000953673612       -71.654415202513377       0.85223357978865577     
   7.6880000953673608       -71.638964510077614       0.85189958112737008     
   7.6870000953673605       -71.623519740578615       0.85156557233911756     
   7.6860000953673602       -71.608080896752170       0.85123155669166806     
   7.6850000953673598       -71.592647981288493       0.85089753745234076     
   7.6840000953673595       -71.577220996832224       0.85056351788788576     
   7.6830000953673592       -71.561799945982301       0.85022950126431573     
   7.6820000953673588       -71.546384831291945       0.84989549084678762     
   7.6810000953673585       -71.530975655268534       0.84956148989943747     
   7.6800000953673582       -71.515572420373587       0.84922750168524763     
   7.6790000953673578       -71.500175129022651       0.84889352946590313     
   7.6780000953673575       -71.484783783585300       0.84855957650163982     
   7.6770000953673572       -71.469398386385038       0.84822564605111817     
   7.6760000953673568       -71.454018939699168       0.84789174137126055     
   7.6750000953673565       -71.438645445758908       0.84755786571712521     
   7.6740000953673562       -71.423277906749163       0.84722402234174121     
   7.6730000953673558       -71.407916324808525       0.84689021449599433     
   7.6720000953673555       -71.392560702029300       0.84655644542845743     
   7.6710000953673552       -71.377211040457354       0.84622271838527585     
   7.6700000953673548       -71.361867342092054       0.84588903660998582     
   7.6690000953673545       -71.346529608886357       0.84555540334341328     
   7.6680000953673542       -71.331197842746604       0.84522182182350880     
   7.6670000953673538       -71.315872045532558       0.84488829528521137     
   7.6660000953673535       -71.300552219057352       0.84455482696030570     
   7.6650000953673532       -71.285238365087451       0.84422142007728529     
   7.6640000953673528       -71.269930485342570       0.84388807786119890     
   7.6630000953673525       -71.254628581495737       0.84355480353353018     
   7.6620000953673522       -71.239332655173101       0.84322160031203486     
   7.6610000953673518       -71.224042707954069       0.84288847141062562     
   7.6600000953673515       -71.208758741371170       0.84255542003920303     
   7.6590000953673512       -71.193480756909992       0.84222244940353985     
   7.6580000953673508       -71.178208756009312       0.84188956270513304     
   7.6570000953673505       -71.162942740060885       0.84155676314106165     
   7.6560000953673502       -71.147682710409526       0.84122405390385224     
   7.6550000953673498       -71.132428668353057       0.84089143818134349     
   7.6540000953673495       -71.117180615142317       0.84055891915654202     
   7.6530000953673492       -71.101938551981078       0.84022650000748400     
   7.6520000953673488       -71.086702480026091       0.83989418390711479     
   7.6510000953673485       -71.071472400387023       0.83956197402312760     
   7.6500000953673482       -71.056248314126492       0.83922987351784384     
   7.6490000953673478       -71.041030222260005       0.83889788554807587     
   7.6480000953673475       -71.025818125755976       0.83856601326498559     
   7.6470000953673471       -71.010612025535721       0.83823425981395472     
   7.6460000953673468       -70.995411922473423       0.83790262833445073     
   7.6450000953673465       -70.980217817396166       0.83757112195989170     
   7.6440000953673461       -70.965029711083886       0.83723974381751398     
   7.6430000953673458       -70.949847604269436       0.83690849702822945     
   7.6420000953673455       -70.934671497638490       0.83657738470651499     
   7.6410000953673451       -70.919501391829670       0.83624640996026156     
   7.6400000953673448       -70.904337287434430       0.83591557589064958     
   7.6390000953673445       -70.889179184997133       0.83558488559202360     
   7.6380000953673441       -70.874027085015058       0.83525434215175265     
   7.6370000953673438       -70.858880987938377       0.83492394865010311     
   7.6360000953673435       -70.843740894170168       0.83459370816012113     
   7.6350000953673431       -70.828606804066482       0.83426362374749319     
   7.6340000953673428       -70.813478717936292       0.83393369847040910     
   7.6330000953673425       -70.798356636041547       0.83360393537946420     
   7.6320000953673421       -70.783240558597214       0.83327433751750934     
   7.6310000953673418       -70.768130485771209       0.83294490791953013     
   7.6300000953673415       -70.753026417684538       0.83261564961252410     
   7.6290000953673411       -70.737928354411252       0.83228656561537651     
   7.6280000953673408       -70.722836295978468       0.83195765893874418     
   7.6270000953673405       -70.707750242366430       0.83162893258491111     
   7.6260000953673401       -70.692670193508548       0.83130038954769059     
   7.6250000953673398       -70.677596149291375       0.83097203281228404     
   7.6240000953673395       -70.662528109554714       0.83064386535518320     
   7.6230000953673391       -70.647466074091554       0.83031589014402152     
   7.6220000953673388       -70.632410042648274       0.82998811013748208     
   7.6210000953673385       -70.617360014924486       0.82966052828515768     
   7.6200000953673381       -70.602315990573217       0.82933314752744747     
   7.6190000953673378       -70.587277969200926       0.82900597079543048     
   7.6180000953673375       -70.572245950367488       0.82867900101075853     
   7.6170000953673371       -70.557219933586325       0.82835224108553318     
   7.6160000953673368       -70.542199918324386       0.82802569392219394     
   7.6150000953673365       -70.527185904002266       0.82769936241340147     
   7.6140000953673361       -70.512177889994177       0.82737324944193924     
   7.6130000953673358       -70.497175875628130       0.82704735788057593     
   7.6120000953673355       -70.482179860185809       0.82672169059197875     
   7.6110000953673351       -70.467189842902826       0.82639625042858311     
   7.6100000953673348       -70.452205822968622       0.82607104023249911     
   7.6090000953673345       -70.437227799526653       0.82574606283539242     
   7.6080000953673341       -70.422255771674358       0.82542132105838784     
   7.6070000953673338       -70.407289738463291       0.82509681771194243     
   7.6060000953673335       -70.392329698899175       0.82477255559576201     
   7.6050000953673331       -70.377375651941918       0.82444853749868063     
   7.6040000953673328       -70.362427596505782       0.82412476619855712     
   7.6030000953673325       -70.347485531459384       0.82380124446218739     
   7.6020000953673321       -70.332549455625809       0.82347797504518683     
   7.6010000953673318       -70.317619367782655       0.82315496069188721     
   7.6000000953673315       -70.302695266662127       0.82283220413524383     
   7.5990000953673311       -70.287777150951143       0.82250970809673662     
   7.5980000953673308       -70.272865019291373       0.82218747528626435     
   7.5970000953673305       -70.257958870279396       0.82186550840205996     
   7.5960000953673301       -70.243058702466669       0.82154381013057665     
   7.5950000953673298       -70.228164514359747       0.82122238314640117     
   7.5940000953673295       -70.213276304420290       0.82090123011216021     
   7.5930000953673291       -70.198394071065152       0.82058035367842930     
   7.5920000953673288       -70.183517812666551       0.82025975648362737     
   7.5910000953673284       -70.168647527552110       0.81993944115394113     
   7.5900000953673281       -70.153783214004903       0.81961941030322039     
   7.5890000953673278       -70.138924870263679       0.81929966653289688     
   7.5880000953673274       -70.124072494522878       0.81898021243189545     
   7.5870000953673271       -70.109226084932715       0.81866105057653848     
   7.5860000953673268       -70.094385639599395       0.81834218353047072     
   7.5850000953673264       -70.079551156585083       0.81802361384456246     
   7.5840000953673261       -70.064722633908133       0.81770534405683426     
   7.5830000953673258       -70.049900069543099       0.81738737669236128     
   7.5820000953673254       -70.035083464377692       0.81706971215112356     
   7.5810000953673251       -70.020272810527047       0.81675235706578830     
   7.5800000953673248       -70.005468108656842       0.81643531189599927     
   7.5790000953673244       -69.990669356568034       0.81611857911406827     
   7.5780000953673241       -69.975876552018363       0.81580216117895399     
   7.5770000953673238       -69.961089692722567       0.81548606053618611     
   7.5760000953673234       -69.946308776352438       0.81517027961779143     
   7.5750000953673231       -69.931533800536968       0.81485482084222205     
   7.5740000953673228       -69.916764762862485       0.81453968661427723     
   7.5730000953673224       -69.902001660872756       0.81422487932501875     
   7.5720000953673221       -69.887244492069129       0.81391040135172910     
   7.5710000953673218       -69.872493253910690       0.81359625505780842     
   7.5700000953673214       -69.857747941027796       0.81328244433108898     
   7.5690000953673211       -69.843008556232988       0.81296896852315292     
   7.5680000953673208       -69.828275094202155       0.81265583140558617     
   7.5670000953673204       -69.813547552226282       0.81234303528586382     
   7.5660000953673201       -69.798825927554788       0.81203058245724391     
   7.5650000953673198       -69.784110217395593       0.81171847519873253     
   7.5640000953673194       -69.769400418915339       0.81140671577500800     
   7.5630000953673191       -69.754696529239411       0.81109530643635841     
   7.5620000953673188       -69.739998545452224       0.81078424941862592     
   7.5610000953673184       -69.725306464597196       0.81047354694314333     
   7.5600000953673181       -69.710620283677116       0.81016320121667595     
   7.5590000953673178       -69.695939999654087       0.80985321443137182     
   7.5580000953673174       -69.681265612187218       0.80954358687297567     
   7.5570000953673171       -69.666597112818025       0.80923432438923570     
   7.5560000953673168       -69.651934500996390       0.80892542732965689     
   7.5550000953673164       -69.637277773523834       0.80861689782708712     
   7.5540000953673161       -69.622626927162088       0.80830873799947378     
   7.5530000953673158       -69.607981958633204       0.80800094994979710     
   7.5520000953673154       -69.593342864619771       0.80769353576603209     
   7.5510000953673151       -69.578709641765002       0.80738649752109970     
   7.5500000953673148       -69.564082286672985       0.80707983727281762     
   7.5490000953673144       -69.549460795908800       0.80677355706385556     
   7.5480000953673141       -69.534845163463302       0.80646766063510078     
   7.5470000953673138       -69.520235390767454       0.80616214667066721     
   7.5460000953673134       -69.505631471856404       0.80585701878745875     
   7.5450000953673131       -69.491033403140605       0.80555227896738146     
   7.5440000953673128       -69.476441180992396       0.80524792917697241     
   7.5430000953673124       -69.461854801746114       0.80494397136737394     
   7.5420000953673121       -69.447274261698269       0.80464040747430299     
   7.5410000953673118       -69.432699557107725       0.80433723941800406     
   7.5400000953673114       -69.418130684195887       0.80403446910322141     
   7.5390000953673111       -69.403567639146885       0.80373209841916204     
   7.5380000953673107       -69.389010420537502       0.80343012743170628     
   7.5370000953673104       -69.374459019742190       0.80312856151206846     
   7.5360000953673101       -69.359913435146026       0.80282740079159298     
   7.5350000953673097       -69.345373662786017       0.80252664709672750     
   7.5340000953673094       -69.330839698662828       0.80222630223819913     
   7.5330000953673091       -69.316311538740962       0.80192636801098627     
   7.5320000953673087       -69.301789178948908       0.80162684619431379     
   7.5310000953673084       -69.287272615179361       0.80132773855160755     
   7.5300000953673081       -69.272761843289402       0.80102904683047760     
   7.5290000953673077       -69.258256859100683       0.80073077276269311     
   7.5280000953673074       -69.243757655994827       0.80043291993365751     
   7.5270000953673071       -69.229264234408603       0.80013548641444865     
   7.5260000953673067       -69.214776587772121       0.79983847565475297     
   7.5250000953673064       -69.200294711767000       0.79954188932308434     
   7.5240000953673061       -69.185818602040413       0.79924572907201941     
   7.5230000953673057       -69.171348254205299       0.79894999653819332     
   7.5220000953673054       -69.156883663840560       0.79865469334227557     
   7.5210000953673051       -69.142424826491123       0.79835982108894799     
   7.5200000953673047       -69.127971739883435       0.79806537953442658     
   7.5190000953673044       -69.113524395181727       0.79777137380690144     
   7.5180000953673041       -69.099082789934855       0.79747780373375776     
   7.5170000953673037       -69.084646919554572       0.79718467085531364     
   7.5160000953673034       -69.070216779419837       0.79689197669583356     
   7.5150000953673031       -69.055792364876964       0.79659972276351376     
   7.5140000953673027       -69.041373671239839       0.79630791055048211     
   7.5130000953673024       -69.026960693790130       0.79601654153279011     
   7.5120000953673021       -69.012553427777490       0.79572561717040757     
   7.5110000953673017       -68.998151866213632       0.79543514084573408     
   7.5100000953673014       -68.983756008579576       0.79514511022825429     
   7.5090000953673011       -68.969365847935805       0.79485552855640318     
   7.5080000953673007       -68.954981379405709       0.79456639722618383     
   7.5070000953673004       -68.940602598081739       0.79427771761751442     
   7.5060000953673001       -68.926229499025652       0.79398949109423755     
   7.5050000953672997       -68.911862077268552       0.79370171900412756     
   7.5040000953672994       -68.897500329841151       0.79341440079241066     
   7.5030000953672991       -68.883144247764335       0.79312754142965192     
   7.5020000953672987       -68.868793827904355       0.79284114043988030     
   7.5010000953672984       -68.854449065172602       0.79255519910622207     
   7.5000000953672981       -68.840109954451009       0.79226971869572860     
   7.4990000953672977       -68.825776490592247       0.79198470045940084     
   7.4980000953672974       -68.811448668420013       0.79170014563217295     
   7.4970000953672971       -68.797126480819827       0.79141605731090126     
   7.4960000953672967       -68.782809926271781       0.79113243306283887     
   7.4950000953672964       -68.768498997704114       0.79084927583988529     
   7.4940000953672961       -68.754193689826394       0.79056658681332737     
   7.4930000953672957       -68.739893997320308       0.79028436713846606     
   7.4920000953672954       -68.725599914839805       0.79000261795465321     
   7.4910000953672951       -68.711311437011375       0.78972134038529940     
   7.4900000953672947       -68.697028560268492       0.78944053361760480     
   7.4890000953672944       -68.682751275616880       0.78916020245818597     
   7.4880000953672941       -68.668479579339419       0.78888034618008140     
   7.4870000953672937       -68.654213465955166       0.78860096584266293     
   7.4860000953672934       -68.639952929956820       0.78832206248940861     
   7.4850000953672930       -68.625697965811014       0.78804363714795833     
   7.4840000953672927       -68.611448567958462       0.78776569083011738     
   7.4830000953672924       -68.597204729016823       0.78748822654294370     
   7.4820000953672920       -68.582966446869619       0.78721124137872645     
   7.4810000953672917       -68.568733714179658       0.78693473818738813     
   7.4800000953672914       -68.554506525286115       0.78665871791820507     
   7.4790000953672910       -68.540284874503470       0.78638318150473474     
   7.4780000953672907       -68.526068756121660       0.78610812986491307     
   7.4770000953672904       -68.511858166104346       0.78583356188029396     
   7.4760000953672900       -68.497653095393446       0.78555948234137341     
   7.4750000953672897       -68.483453539813269       0.78528589022719253     
   7.4740000953672894       -68.469259493558127       0.78501278639281691     
   7.4730000953672890       -68.455070950798969       0.78474017167776400     
   7.4720000953672887       -68.440887904141590       0.78446804884438148     
   7.4710000953672884       -68.426710350706159       0.78419641495969450     
   7.4700000953672880       -68.412538283137067       0.78392527262910239     
   7.4690000953672877       -68.398371695513916       0.78365462263092334     
   7.4680000953672874       -68.384210581894038       0.78338446572813947     
   7.4670000953672870       -68.370054936312798       0.78311480266843370     
   7.4660000953672867       -68.355904754287522       0.78284563215596181     
   7.4650000953672864       -68.341760026890029       0.78257695882037304     
   7.4640000953672860       -68.327620749512178       0.78230878146965011     
   7.4630000953672857       -68.313486916103884       0.78204110079006228     
   7.4620000953672854       -68.299358520594211       0.78177391745273639     
   7.4610000953672850       -68.285235555486324       0.78150723413317347     
   7.4600000953672847       -68.271118017396830       0.78124104757993207     
   7.4590000953672844       -68.257005898866325       0.78097536030217996     
   7.4580000953672840       -68.242899193742744       0.78071017291161471     
   7.4570000953672837       -68.228797895854328       0.78044548600504382     
   7.4560000953672834       -68.214702000340210       0.78018129811811754     
   7.4550000953672830       -68.200611498407611       0.77991761375920032     
   7.4540000953672827       -68.186526385083297       0.77965443157498049     
   7.4530000953672824       -68.172446654119312       0.77939175210245837     
   7.4520000953672820       -68.158372299249223       0.77912957586392195     
   7.4510000953672817       -68.144303312914147       0.77886790547639873     
   7.4500000953672814       -68.130239691284487       0.77860673737327124     
   7.4490000953672810       -68.116181426836832       0.77834607399488875     
   7.4480000953672807       -68.102128513232898       0.77808591580605624     
   7.4470000953672804       -68.088080945281334       0.77782626120357001     
   7.4460000953672800       -68.074038714349811       0.77756711457254646     
   7.4450000953672797       -68.060001815147444       0.77730847442741602     
   7.4440000953672794       -68.045970241268037       0.77705034117483696     
   7.4430000953672790       -68.031943985215023       0.77679271723458265     
   7.4420000953672787       -68.017923042633598       0.77653559908933067     
   7.4410000953672784       -68.003907406055760       0.77627898898339653     
   7.4400000953672780       -67.989897069010908       0.77602288726765145     
   7.4390000953672777       -67.975892026012048       0.77576729224951935     
   7.4380000953672774       -67.961892268618925       0.77551220814845834     
   7.4370000953672770       -67.947897791257759       0.77525763339390641     
   7.4360000953672767       -67.933908587397354       0.77500356828023176     
   7.4350000953672764       -67.919924649555526       0.77475001514740338     
   7.4340000953672760       -67.905945972989684       0.77449697031128695     
   7.4330000953672757       -67.891972550241874       0.77424443592976189     
   7.4320000953672753       -67.878004374723858       0.77399241224331594     
   7.4310000953672750       -67.864041440717017       0.77374089736058216     
   7.4300000953672747       -67.850083739891019       0.77348989555595893     
   7.4290000953672743       -67.836131266451289       0.77323940507283151     
   7.4280000953672740       -67.822184012965280       0.77298942813276017     
   7.4270000953672737       -67.808241974314669       0.77273996100868558     
   7.4260000953672733       -67.794305143085609       0.77249100573741758     
   7.4250000953672730       -67.780373512598885       0.77224256246596745     
   7.4240000953672727       -67.766447076915881       0.77199462918068618     
   7.4230000953672723       -67.752525827870485       0.77174721011287017     
   7.4220000953672720       -67.738609759459635       0.77150030339216069     
   7.4210000953672717       -67.724698864277869       0.77125391122260978     
   7.4200000953672713       -67.710793136908421       0.77100802964960102     
   7.4190000953672710       -67.696892569959957       0.77076266068228283     
   7.4180000953672707       -67.682997157287318       0.77051780228242173     
   7.4170000953672703       -67.669106890925363       0.77027345849692308     
   7.4160000953672700       -67.655221764676142       0.77002962743287617     
   7.4150000953672697       -67.641341771193993       0.76978631120852614     
   7.4140000953672693       -67.627466904760936       0.76954350581821385     
   7.4130000953672690       -67.613597158039738       0.76930121318142974     
   7.4120000953672687       -67.599732524712067       0.76905943115211661     
   7.4110000953672683       -67.585872996971361       0.76881816375895673     
   7.4100000953672680       -67.572018568457324       0.76857740901007232     
   7.4090000953672677       -67.558169231874089       0.76833716902577143     
   7.4080000953672673       -67.544324981246319       0.76809743958845733     
   7.4070000953672670       -67.530485809280719       0.76785822260882552     
   7.4060000953672667       -67.516651709504870       0.76761951574735132     
   7.4050000953672663       -67.502822674255569       0.76738132318470942     
   7.4040000953672660       -67.488998696691624       0.76714364489068443     
   7.4030000953672657       -67.475179770584106       0.76690647666750733     
   7.4020000953672653       -67.461365888704123       0.76666982032663322     
   7.4010000953672650       -67.447557044432543       0.76643367346890212     
   7.4000000953672647       -67.433753230278100       0.76619804021191973     
   7.3990000953672643       -67.419954439364091       0.76596292050599579     
   7.3980000953672640       -67.406160665235760       0.76572831003844422     
   7.3970000953672637       -67.392371900912266       0.76549420847704530     
   7.3960000953672633       -67.378588139069322       0.76526061962443981     
   7.3950000953672630       -67.364809372950134       0.76502754134511519     
   7.3940000953672627       -67.351035595463344       0.76479497568874821     
   7.3930000953672623       -67.337266799936373       0.76456291808932841     
   7.3920000953672620       -67.323502979352369       0.76433136811375291     
   7.3910000953672617       -67.309744126543890       0.76410032976426656     
   7.3900000953672613       -67.295990234592566       0.76386980296497775     
   7.3890000953672610       -67.282241296633970       0.76363978320111225     
   7.3880000953672607       -67.268497305626298       0.76341026996521855     
   7.3870000953672603       -67.254758254551547       0.76318126717897661     
   7.3860000953672600       -67.241024136481798       0.76295277475758794     
   7.3850000953672597       -67.227294944369461       0.76272478812639077     
   7.3840000953672593       -67.213570671146869       0.76249730669969473     
   7.3830000953672590       -67.199851309949551       0.76227033443100456     
   7.3820000953672587       -67.186136853847827       0.76204387123419415     
   7.3810000953672583       -67.172427295462583       0.76181791022821155     
   7.3800000953672580       -67.158722628129780       0.76159245714837565     
   7.3790000953672577       -67.145022844916539       0.76136751189239527     
   7.3780000953672573       -67.131327938468459       0.76114306991449487     
   7.3770000953672570       -67.117637901675124       0.76091913049773052     
   7.3760000953672566       -67.103952728199616       0.76069569965873152     
   7.3750000953672563       -67.090272410375206       0.76047277091824450     
   7.3740000953672560       -67.076596941075536       0.76025034350970588     
   7.3730000953672556       -67.062926313824406       0.76002842119214276     
   7.3720000953672553       -67.049260521710139       0.75980700387562849     
   7.3710000953672550       -67.035599556663541       0.75958608442886311     
   7.3700000953672546       -67.021943413009566       0.75936567078824213     
   7.3690000953672543       -67.008292082729298       0.75914575651627825     
   7.3680000953672540       -66.994645558659144       0.75892634073196286     
   7.3670000953672536       -66.981003835025646       0.75870742936190050     
   7.3660000953672533       -66.967366903606248       0.75848901581630157     
   7.3650000953672530       -66.953734757214093       0.75827109914606261     
   7.3640000953672526       -66.940107390324101       0.75805368550072916     
   7.3630000953672523       -66.926484793935487       0.75783676582056836     
   7.3620000953672520       -66.912866963001420       0.75762034779733101     
   7.3610000953672516       -66.899253889038548       0.75740442496562477     
   7.3600000953672513       -66.885645564828053       0.75718899628271641     
   7.3590000953672510       -66.872041985188787       0.75697406788167687     
   7.3580000953672506       -66.858443140665955       0.75675963054905693     
   7.3570000953672503       -66.844849026696451       0.75654569216296941     
   7.3560000953672500       -66.831259633747408       0.75633224380042863     
   7.3550000953672496       -66.817674957351358       0.75611929307466874     
   7.3540000953672493       -66.804094987873469       0.75590683123872915     
   7.3530000953672490       -66.790519720969158       0.75569486575133005     
   7.3520000953672486       -66.776949146873463       0.75548338793527992     
   7.3510000953672483       -66.763383261396541       0.75527240519918359     
   7.3500000953672480       -66.749822054610163       0.75506190883325630     
   7.3490000953672476       -66.736265522516646       0.75485190629847887     
   7.3480000953672473       -66.722713654985085       0.75464238875006018     
   7.3470000953672470       -66.709166448254194       0.75443336380584025     
   7.3460000953672466       -66.695623891943370       0.75422482237963684     
   7.3450000953672463       -66.682085982580773       0.75401677235665576     
   7.3440000953672460       -66.668552709479030       0.75380920429479226     
   7.3430000953672456       -66.655024068536534       0.75360212426632778     
   7.3420000953672453       -66.641500052678964       0.75339553122440994     
   7.3410000953672450       -66.627980652051036       0.75318941818010487     
   7.3400000953672446       -66.614465862661859       0.75298379095416024     
   7.3390000953672443       -66.600955677483256       0.75277864857482124     
   7.3380000953672440       -66.587450086468095       0.75257398400190889     
   7.3370000953672436       -66.573949085845555       0.75236980305512335     
   7.3360000953672433       -66.560452668638504       0.75216610482898016     
   7.3350000953672430       -66.546960825666474       0.75196288423666724     
   7.3340000953672426       -66.533473549959339       0.75176014061338259     
   7.3330000953672423       -66.519990836896966       0.75155787756330239     
   7.3320000953672420       -66.506512678352479       0.75135609207027620     
   7.3310000953672416       -66.493039068608908       0.75115478550636283     
   7.3300000953672413       -66.479569998286337       0.75095395273872201     
   7.3290000953672410       -66.466105461691882       0.75075359518820894     
   7.3280000953672406       -66.452645451904374       0.75055371205670773     
   7.3270000953672403       -66.439189962008612       0.75035430254003643     
   7.3260000953672400       -66.425738985095393       0.75015536582804321     
   7.3250000953672396       -66.412292514261821       0.74995690110466906     
   7.3240000953672393       -66.398850542611299       0.74975890754802199     
   7.3230000953672389       -66.385413063253736       0.74956138433044550     
   7.3220000953672386       -66.371980069305678       0.74936433061859775     
   7.3210000953672383       -66.358551552375019       0.74916774330781422     
   7.3200000953672379       -66.345127508539008       0.74897162599522193     
   7.3190000953672376       -66.331707931050360       0.74877597790251482     
   7.3180000953672373       -66.318292810037278       0.74858079376288211     
   7.3170000953672369       -66.304882138462716       0.74838607254196710     
   7.3160000953672366       -66.291475914322049       0.74819182019434805     
   7.3150000953672363       -66.278074124396227       0.74799802690938577     
   7.3140000953672359       -66.264676768286478       0.74780470068189209     
   7.3130000953672356       -66.251283832642670       0.74761183173955659     
   7.3120000953672353       -66.237895315650320       0.74741942594787736     
   7.3110000953672349       -66.224511210456100       0.74722748225846147     
   7.3100000953672346       -66.211131506928297       0.74703599541375443     
   7.3090000953672343       -66.197756199977334       0.74684496674408707     
   7.3080000953672339       -66.184385282824138       0.74665439534089595     
   7.3070000953672336       -66.171018748698344       0.74646428029127143     
   7.3060000953672333       -66.157656590838542       0.74627462067806249     
   7.3050000953672329       -66.144298800635411       0.74608541334499667     
   7.3040000953672326       -66.130945374943906       0.74589666172585367     
   7.3030000953672323       -66.117596307257088       0.74570836508200578     
   7.3020000953672319       -66.104251586909868       0.74552051782264639     
   7.3010000953672316       -66.090911207229539       0.74533311914039402     
   7.3000000953672313       -66.077575165342864       0.74514617251728676     
   7.2990000953672309       -66.064243454596948       0.74495967698041121     
   7.2980000953672306       -66.050916064405357       0.74477362718120277     
   7.2970000953672303       -66.037592987923489       0.74458802205526431     
   7.2960000953672299       -66.024274222622523       0.74440286520918664     
   7.2950000953672296       -66.010959759760837       0.74421815337156605     
   7.2940000953672293       -65.997649592686230       0.74403388557310512     
   7.2930000953672289       -65.984343716955792       0.74385006315004221     
   7.2920000953672286       -65.971042121626951       0.74366668057432561     
   7.2910000953672283       -65.957744802247859       0.74348373916658272     
   7.2900000953672279       -65.944451752123101       0.74330123785556212     
   7.2890000953672276       -65.931162964742427       0.74311917574604014     
   7.2880000953672273       -65.917878431205352       0.74293754954195046     
   7.2870000953672269       -65.904598151711767       0.74275636500796416     
   7.2860000953672266       -65.891322110632416       0.74257561215778556     
   7.2850000953672263       -65.878050308262644       0.74239529675406069     
   7.2840000953672259       -65.864782738047737       0.74221541771865174     
   7.2830000953672256       -65.851519386499433       0.74203596738168975     
   7.2820000953672253       -65.838260256464181       0.74185695366970494     
   7.2810000953672249       -65.825005334345420       0.74167836884617744     
   7.2800000953672246       -65.811754615980419       0.74150021411548661     
