   1.6000000238418579       -29.270499251220059       0.13491394652500352     
   1.6010000238418578       -29.279304741191901       0.13490877406509677     
   1.6020000238418577       -29.288116128693723       0.13490360183192721     
   1.6030000238418576       -29.296933412269595       0.13489843087532358     
   1.6040000238418575       -29.305756590539140       0.13489326073692987     
   1.6050000238418574       -29.314585662197661       0.13488809244282018     
   1.6060000238418572       -29.323420626015523       0.13488292853692960     
   1.6070000238418571       -29.332261480838024       0.13487776927409512     
   1.6080000238418570       -29.341108225584815       0.13487261643168499     
   1.6090000238418569       -29.349960859250281       0.13486746947483061     
   1.6100000238418568       -29.358819380902570       0.13486233016982571     
   1.6110000238418567       -29.367683789683710       0.13485719950603137     
   1.6120000238418566       -29.376554084809392       0.13485207768520799     
   1.6130000238418565       -29.385430265568573       0.13484696724717862     
   1.6140000238418564       -29.394312331323594       0.13484186838015924     
   1.6150000238418563       -29.403200281509591       0.13483678204918742     
   1.6160000238418561       -29.412094115634872       0.13483170921365267     
   1.6170000238418560       -29.420993833280288       0.13482665082772119     
   1.6180000238418559       -29.429899434099269       0.13482160784037123     
   1.6190000238418558       -29.438810917817968       0.13481658200401003     
   1.6200000238418557       -29.447728284234863       0.13481157264451710     
   1.6210000238418556       -29.456651533220700       0.13480658150288480     
   1.6220000238418555       -29.465580664718743       0.13480160951023146     
   1.6230000238418554       -29.474515678744638       0.13479665759352966     
   1.6240000238418553       -29.483456575386228       0.13479172584880594     
   1.6250000238418552       -29.492403354803756       0.13478681684547889     
   1.6260000238418550       -29.501356017230059       0.13478193067755401     
   1.6270000238418549       -29.510314562970272       0.13477706825903993     
   1.6280000238418548       -29.519278992402164       0.13477223050109061     
   1.6290000238418547       -29.528249305976559       0.13476741831238678     
   1.6300000238418546       -29.537225504216742       0.13476263259957780     
   1.6310000238418545       -29.546207587719472       0.13475787426734062     
   1.6320000238418544       -29.555195557154544       0.13475314508054778     
   1.6330000238418543       -29.564189413265538       0.13474844422793711     
   1.6340000238418542       -29.573189156869716       0.13474377346220998     
   1.6350000238418541       -29.582194788858573       0.13473913368345383     
   1.6360000238418539       -29.591206310197947       0.13473452491166127     
   1.6370000238418538       -29.600223721928714       0.13472994979240044     
   1.6380000238418537       -29.609247025166951       0.13472540835754279     
   1.6390000238418536       -29.618276221104409       0.13472090239886503     
   1.6400000238418535       -29.627311311009016       0.13471643104868780     
   1.6410000238418534       -29.636352296225642       0.13471199608625950     
   1.6420000238418533       -29.645399178176014       0.13470759750531214     
   1.6430000238418532       -29.654451958360109       0.13470323801289219     
   1.6440000238418531       -29.663510638356158       0.13469891853683155     
   1.6450000238418530       -29.672575219822090       0.13469463817695859     
   1.6460000238418528       -29.681645704495082       0.13469039782066464     
   1.6470000238418527       -29.690722094193720       0.13468620020686076     
   1.6480000238418526       -29.699804390817707       0.13468204628291758     
   1.6490000238418525       -29.708892596349472       0.13467793513212972     
   1.6500000238418524       -29.717986712854756       0.13467386764948433     
   1.6510000238418523       -29.727086742483653       0.13466984663047332     
   1.6520000238418522       -29.736192687471853       0.13466587304912009     
   1.6530000238418521       -29.745304550141643       0.13466194595960873     
   1.6540000238418520       -29.754422332902827       0.13465806627036220     
   1.6550000238418519       -29.763546038254702       0.13465423782825714     
   1.6560000238418517       -29.772675668786405       0.13465045874039014     
   1.6570000238418516       -29.781811227179098       0.13464672993070650     
   1.6580000238418515       -29.790952716207130       0.13464305531017812     
   1.6590000238418514       -29.800100138739559       0.13463943297092984     
   1.6600000238418513       -29.809253497741857       0.13463586385669282     
   1.6610000238418512       -29.818412796277585       0.13463235196484369     
   1.6620000238418511       -29.827578037510335       0.13462889536077122     
   1.6630000238418510       -29.836749224705525       0.13462549501282217     
   1.6640000238418509       -29.845926361232411       0.13462215502928196     
   1.6650000238418508       -29.855109450566243       0.13461887240578901     
   1.6660000238418506       -29.864298496290488       0.13461565226148120     
   1.6670000238418505       -29.873493502099425       0.13461249266360442     
   1.6680000238418504       -29.882694471800097       0.13460939463605170     
   1.6690000238418503       -29.891901409315395       0.13460636245472932     
   1.6700000238418502       -29.901114318686723       0.13460339305861352     
   1.6710000238418501       -29.910333204076675       0.13460049179235081     
   1.6720000238418500       -29.919558069772535       0.13459765562205200     
   1.6730000238418499       -29.928788920189014       0.13459488994618268     
   1.6740000238418498       -29.938025759872055       0.13459219283346793     
   1.6750000238418497       -29.947268593502066       0.13458956542123246     
   1.6760000238418495       -29.956517425898227       0.13458701230502351     
   1.6770000238418494       -29.965772262021929       0.13458453032687626     
   1.6780000238418493       -29.975033106981481       0.13458212525471289     
   1.6790000238418492       -29.984299966036023       0.13457979393497277     
   1.6800000238418491       -29.993572844601065       0.13457754224903218     
   1.6810000238418490       -30.002851748252645       0.13457536704168685     
   1.6820000238418489       -30.012136682733448       0.13457327432730845     
   1.6830000238418488       -30.021427653957534       0.13457126094323885     
   1.6840000238418487       -30.030724668017054       0.13456933305801949     
   1.6850000238418485       -30.040027731188125       0.13456748749585246     
   1.6860000238418484       -30.049336849937717       0.13456572941495112     
   1.6870000238418483       -30.058652030930592       0.13456406038684815     
   1.6880000238418482       -30.067973281037105       0.13456247857108788     
   1.6890000238418481       -30.077300607341090       0.13456099043495900     
   1.6900000238418480       -30.086634017148292       0.13455959294301997     
   1.6910000238418479       -30.095973517995777       0.13455829280322087     
   1.6920000238418478       -30.105319117661605       0.13455708819727458     
   1.6930000238418477       -30.114670824174816       0.13455598111972442     
   1.6940000238418476       -30.124028645827302       0.13455497727790378     
   1.6950000238418474       -30.133392591185025       0.13455407503163683     
   1.6960000238418473       -30.142762669101074       0.13455327658651195     
   1.6970000238418472       -30.152138888729155       0.13455258793229918     
   1.6980000238418471       -30.161521259538638       0.13455200762893643     
   1.6990000238418470       -30.170909791329859       0.13455153939476827     
   1.7000000238418469       -30.180304494251445       0.13455118582163847     
   1.7010000238418468       -30.189705378818569       0.13455094946251778     
   1.7020000238418467       -30.199112455932806       0.13455083313983171     
   1.7030000238418466       -30.208525736903660       0.13455083980077340     
   1.7040000238418465       -30.217945233471450       0.13455097238718983     
   1.7050000238418463       -30.227370957833024       0.13455123418186035     
   1.7060000238418462       -30.236802922668979       0.13455162844286508     
   1.7070000238418461       -30.246241141173549       0.13455215871097828     
   1.7080000238418460       -30.255685627087558       0.13455282875658184     
   1.7090000238418459       -30.265136394733926       0.13455364251264917     
   1.7100000238418458       -30.274593459057225       0.13455460316302126     
   1.7110000238418457       -30.284056835666771       0.13455571716976550     
   1.7120000238418456       -30.293526540884319       0.13455698815211056     
   1.7130000238418455       -30.303002591796901       0.13455842111188671     
   1.7140000238418454       -30.312485006315072       0.13456002138961651     
   1.7150000238418452       -30.321973803238279       0.13456179488178702     
   1.7160000238418451       -30.331469002327569       0.13456374755581119     
   1.7170000238418450       -30.340970624386717       0.13456588602705910     
   1.7180000238418449       -30.350478691353892       0.13456821751046139     
   1.7190000238418448       -30.359993226405212       0.13457074966273777     
   1.7200000238418447       -30.369514254071809       0.13457349095667837     
   1.7210000238418446       -30.379041800373649       0.13457645049388775     
   1.7220000238418445       -30.388575892972181       0.13457963831993480     
   1.7230000238418444       -30.398116561346981       0.13458306548098123     
   1.7240000238418443       -30.407663836999276       0.13458674423870962     
   1.7250000238418441       -30.417217753690235       0.13459068809092967     
   1.7260000238418440       -30.426778347719885       0.13459491223235567     
   1.7270000238418439       -30.436345658257803       0.13459943364851595     
   1.7280000238418438       -30.445919727736829       0.13460427160239441     
   1.7290000238418437       -30.455500602328144       0.13460944800996433     
   1.7300000238418436       -30.465088332519009       0.13461498810627928     
   1.7310000238418435       -30.474682973824649       0.13462092116919061     
   1.7320000238418434       -30.484284587676299       0.13462728150281145     
   1.7330000238418433       -30.493893242546790       0.13463410983425758     
   1.7340000238418432       -30.503509015401594       0.13464145525464841     
   1.7350000238418430       -30.513131993607534       0.13464937780201602     
   1.7360000238418429       -30.522762277504732       0.13465795251287280     
   1.7370000238418428       -30.532399983967434       0.13466727528011313     
   1.7380000238418427       -30.542045251513184       0.13467747233298136     
   1.7390000238418426       -30.551698247942600       0.13468871622694598     
   1.7400000238418425       -30.561359182406395       0.13470125423695645     
   1.7410000238418424       -30.571028325880604       0.13471546507858218     
   1.7420000238418423       -30.580706049586492       0.13473198681197684     
   1.7430000238418422       -30.590392908963949       0.13475207342423753     
   1.7440000238418421       -30.600089884440870       0.13477905517997535     
   1.7450000238418419       -30.609811180343488       0.13490657512337512     
   1.7460000238418418       -30.619546333965740       0.13489404577952258     
   1.7470000238418417       -30.629283434987560       0.13488152350180124     
   1.7480000238418416       -30.639022481302035       0.13486900781316200     
   1.7490000238418415       -30.648763470805228       0.13485649858843560     
   1.7500000238418414       -30.658506401395719       0.13484399581727630     
   1.7510000238418413       -30.668251270975045       0.13483149948925877     
   1.7520000238418412       -30.677998077447747       0.13481901158359244     
   1.7530000238418411       -30.687746818720846       0.13480652812905244     
   1.7540000238418409       -30.697497492704343       0.13479404923013780     
   1.7550000238418408       -30.707250097311029       0.13478158055181025     
   1.7560000238418407       -30.717004630456600       0.13476911440966236     
   1.7570000238418406       -30.726761090059384       0.13475665662485403     
   1.7580000238418405       -30.736519474040790       0.13474420713333074     
   1.7590000238418404       -30.746279780324901       0.13473176205547613     
   1.7600000238418403       -30.756042006838108       0.13471932333884598     
   1.7610000238418402       -30.765806151510191       0.13470688906619241     
   1.7620000238418401       -30.775572212273623       0.13469446306543961     
   1.7630000238418400       -30.785340187063550       0.13468204339170337     
   1.7640000238418398       -30.795110073817810       0.13466963003543531     
   1.7650000238418397       -30.804881870477136       0.13465722298680838     
   1.7660000238418396       -30.814655574984968       0.13464482415996817     
   1.7670000238418395       -30.824431185287665       0.13463242969572001     
   1.7680000238418394       -30.834208699334201       0.13462004151346643     
   1.7690000238418393       -30.843988115076101       0.13460765767220359     
   1.7700000238418392       -30.853769430468333       0.13459528201469928     
   1.7710000238418391       -30.863552643467674       0.13458291260568975     
   1.7720000238418390       -30.873337752034534       0.13457054943553914     
   1.7730000238418389       -30.883124754131117       0.13455819249440001     
   1.7740000238418387       -30.892913647723404       0.13454584177241452     
   1.7750000238418386       -30.902704430779497       0.13453349921410168     
   1.7760000238418385       -30.912497101270148       0.13452116093561622     
   1.7770000238418384       -30.922291657169364       0.13450882885130622     
   1.7780000238418383       -30.932088096453125       0.13449650098682980     
   1.7790000238418382       -30.941886417100971       0.13448418121647313     
   1.7800000238418381       -30.951686617094378       0.13447186955884863     
   1.7810000238418380       -30.961488694418026       0.13445956215237898     
   1.7820000238418379       -30.971292647059499       0.13444725893820667     
   1.7830000238418378       -30.981098473007723       0.13443496375399558     
   1.7840000238418376       -30.990906170256601       0.13442267665676588     
   1.7850000238418375       -31.000715736800736       0.13441039377313657     
   1.7860000238418374       -31.010527170638316       0.13439811500522844     
   1.7870000238418373       -31.020340469770019       0.13438584620280086     
   1.7880000238418372       -31.030155632199502       0.13437358160906612     
   1.7890000238418371       -31.039972655932615       0.13436132109957100     
   1.7900000238418370       -31.049791538978095       0.13434907052907127     
   1.7910000238418369       -31.059612279347611       0.13433682220712051     
   1.7920000238418368       -31.069434875055165       0.13432458177669548     
   1.7930000238418367       -31.079259324117732       0.13431234937545369     
   1.7940000238418365       -31.089085624553981       0.13430011912965473     
   1.7950000238418364       -31.098913774386872       0.13428789872759428     
   1.7960000238418363       -31.108743771641322       0.13427568055044997     
   1.7970000238418362       -31.118575614343673       0.13426347020218377     
   1.7980000238418361       -31.128409300524744       0.13425126786389840     
   1.7990000238418360       -31.138244828217058       0.13423906758107998     
   1.8000000238418359       -31.148082195455963       0.13422687716803117     
   1.8010000238418358       -31.157921400279488       0.13421468883701648     
   1.8020000238418357       -31.167762440727980       0.13420251031923383     
   1.8030000238418356       -31.177605314845128       0.13419033389369517     
   1.8040000238418354       -31.187450020676490       0.13417816724125164     
   1.8050000238418353       -31.197296556270647       0.13416600267513276     
   1.8060000238418352       -31.207144919678598       0.13415384785807991     
   1.8070000238418351       -31.216995108953757       0.13414169510553997     
   1.8080000238418350       -31.226847122153124       0.13412955209399427     
   1.8090000238418349       -31.236700957335188       0.13411741110914355     
   1.8100000238418348       -31.246556612561530       0.13410527987333973     
   1.8110000238418347       -31.256414085896488       0.13409315061032945     
   1.8120000238418346       -31.266273375406435       0.13408103112074821     
   1.8130000238418345       -31.276134479160920       0.13406891353360506     
   1.8140000238418343       -31.285997395231647       0.13405680382431140     
   1.8150000238418342       -31.295862121693613       0.13404470176003397     
   1.8160000238418341       -31.305728656623430       0.13403260174152137     
   1.8170000238418340       -31.315596998100506       0.13402051134682166     
   1.8180000238418339       -31.325467144207675       0.13400842289322887     
   1.8190000238418338       -31.335339093029294       0.13399634413924411     
   1.8200000238418337       -31.345212842653005       0.13398426914263312     
   1.8210000238418336       -31.355088391168373       0.13397219809409502     
   1.8220000238418335       -31.364965736668179       0.13396013660061731     
   1.8230000238418334       -31.374844877247401       0.13394807700641151     
   1.8240000238418332       -31.384725811003484       0.13393602707847643     
   1.8250000238418331       -31.394608536036781       0.13392398085183535     
   1.8260000238418330       -31.404493050449872       0.13391193850164335     
   1.8270000238418329       -31.414379352347865       0.13389990571647140     
   1.8280000238418328       -31.424267439838580       0.13388787470898489     
   1.8290000238418327       -31.434157311032177       0.13387585144000969     
   1.8300000238418326       -31.444048964041940       0.13386383572652077     
   1.8310000238418325       -31.453942396982772       0.13385182180329316     
   1.8320000238418324       -31.463837607972419       0.13383981557171820     
   1.8330000238418322       -31.473734595131496       0.13382781685938541     
   1.8340000238418321       -31.483633356582818       0.13381581992534308     
   1.8350000238418320       -31.493533890451825       0.13380383064875023     
   1.8360000238418319       -31.503436194866584       0.13379184886662976     
   1.8370000238418318       -31.513340267957322       0.13377986882707080     
   1.8380000238418317       -31.523246107857144       0.13376789642337999     
   1.8390000238418316       -31.533153712701104       0.13375593150089238     
   1.8400000238418315       -31.543063080627498       0.13374397020032602     
   1.8410000238418314       -31.552974209776522       0.13373201264854648     
   1.8420000238418313       -31.562887098291199       0.13372006451576207     
   1.8430000238418311       -31.572801744316980       0.13370811995242421     
   1.8440000238418310       -31.582718146001319       0.13369617907852849     
   1.8450000238418309       -31.592636301494860       0.13368424572453969     
   1.8460000238418308       -31.602556208950173       0.13367231975765026     
   1.8470000238418307       -31.612477866522866       0.13366039546792560     
   1.8480000238418306       -31.622401272370247       0.13364847871503766     
   1.8490000238418305       -31.632326424652891       0.13363656937238338     
