   1.6000000238418579       -33.906701069335476       0.47989359427915496       0.26183827900628698     
   1.6010000238418578       -33.914962319804815       0.47818567345775520       0.26177891537320280     
   1.6020000238418577       -33.923232870964114       0.47645630680571444       0.26171976753160564     
   1.6030000238418576       -33.931512774242513       0.47470476024815522       0.26166083826628345     
   1.6040000238418575       -33.939802082720242       0.47293027021447709       0.26160213074437100     
   1.6050000238418574       -33.948100851227117       0.47113202239628560       0.26154364816916997     
   1.6060000238418572       -33.956409136448869       0.46930915238200183       0.26148539388325420     
   1.6070000238418571       -33.964726997043243       0.46746074122322195       0.26142737137870931     
   1.6080000238418570       -33.973054493766497       0.46558581048338549       0.26136958430842228     
   1.6090000238418569       -33.981391689610753       0.46368331199651652       0.26131203641524070     
   1.6100000238418568       -33.989738649955498       0.46175214025625178       0.26125473187816062     
   1.6110000238418567       -33.998095442732499       0.45979109300246701       0.26119767475023881     
   1.6120000238418566       -34.006462138608285       0.45779890012691649       0.26114086962549332     
   1.6130000238418565       -34.014838811184745       0.45577417787340796       0.26108432102143214     
   1.6140000238418564       -34.023225537220853       0.45371545089374771       0.26102803395102092     
   1.6150000238418563       -34.031622396879179       0.45162112199049909       0.26097201363330130     
   1.6160000238418561       -34.040029473999510       0.44948945878418023       0.26091626552986930     
   1.6170000238418560       -34.048446856404681       0.44731859640633342       0.26086079565404474     
   1.6180000238418559       -34.056874636243549       0.44510648785593837       0.26080561012497722     
   1.6190000238418558       -34.065312910375738       0.44285091927354991       0.26075071574760128     
   1.6200000238418557       -34.073761780807594       0.44054944472467500       0.26069611947242793     
   1.6210000238418556       -34.082221355185553       0.43819940753747549       0.26064182915195205     
   1.6220000238418555       -34.090691747359287       0.43579785625820006       0.26058785291388653     
   1.6230000238418554       -34.099173078026368       0.43334154485297499       0.26053419978197684     
   1.6240000238418553       -34.107665475475642       0.43082684334744947       0.26048087924436442     
   1.6250000238418552       -34.116169076448116       0.42824972902090375       0.26042790197754750     
   1.6260000238418550       -34.124684027142060       0.42560565978353471       0.26037527931090232     
   1.6270000238418549       -34.133210484393445       0.42288954068913731       0.26032302401760682     
   1.6280000238418548       -34.141748617074818       0.42009555924987330       0.26027114988608385     
   1.6290000238418547       -34.150298607765649       0.41721710176178711       0.26021967253832257     
   1.6300000238418546       -34.158860654768077       0.41424652271804213       0.26016860915232187     
   1.6310000238418545       -34.167434974564401       0.41117496298730061       0.26011797928695185     
   1.6320000238418544       -34.176021804849256       0.40799203335303524       0.26006780515621919     
   1.6330000238418543       -34.184621408323665       0.40468540298332889       0.26001811213415277     
   1.6340000238418542       -34.193234077514767       0.40124028032838410       0.25996892977287145     
   1.6350000238418541       -34.201860141009554       0.39763865344212118       0.25992029286588164     
   1.6360000238418539       -34.210499971686438       0.39385819082853069       0.25987224288373728     
   1.6370000238418538       -34.219153997852665       0.38987066734740311       0.25982483040631116     
   1.6380000238418537       -34.227822718760819       0.38563949993497421       0.25977811842311865     
   1.6390000238418536       -34.236506727007168       0.38111581357352553       0.25973218770627265     
   1.6400000238418535       -34.245206742329401       0.37623172482965073       0.25968714565603573     
   1.6410000238418534       -34.253923665591969       0.37088803838497136       0.25964314226231994     
   1.6420000238418533       -34.262658671829378       0.36492926544036514       0.25960040160096509     
   1.6430000238418532       -34.271413388832727       0.35808509027072077       0.25955929376271220     
   1.6440000238418531       -34.280190302246268       0.34979802143646332       0.25952054082152476     
   1.6450000238418530       -34.288994009886487       0.33842712684497717       0.25948613902556261     
   1.6460000238418528       -34.300486578467428       0.11199252764316601       0.26011187968071586     
   1.6470000238418527       -34.309586177386073       0.11198596787492404       0.26008930078537934     
   1.6480000238418526       -34.318688213356822       0.11197953174287159       0.26006673736000530     
   1.6490000238418525       -34.327792683382235       0.11197310043753340       0.26004418527685852     
   1.6500000238418524       -34.336899584468583       0.11196667176191864       0.26002164465353833     
   1.6510000238418523       -34.346008913627934       0.11196024270423176       0.25999912012121168     
   1.6520000238418522       -34.355120667875880       0.11195381628789575       0.25997660685474533     
   1.6530000238418521       -34.364234844233195       0.11194739240095027       0.25995410496203042     
   1.6540000238418520       -34.373351439725035       0.11194096812282399       0.25993161901369410     
   1.6550000238418519       -34.382470451381302       0.11193454740776559       0.25990914267546800     
   1.6560000238418517       -34.391591876236241       0.11192812719156420       0.25988668075605192     
   1.6570000238418516       -34.400715711328687       0.11192170754998863       0.25986423308518403     
   1.6580000238418515       -34.409841953702241       0.11191529140619189       0.25984179493291343     
   1.6590000238418514       -34.418970600404563       0.11190887572611811       0.25981937108940156     
   1.6600000238418513       -34.428101648488649       0.11190246058045528       0.25979696139236902     
   1.6610000238418512       -34.437235095011417       0.11189604888047112       0.25977456110367464     
   1.6620000238418511       -34.446370937034679       0.11188963760339427       0.25975217502480430     
   1.6630000238418510       -34.455509171624030       0.11188322681540222       0.25972980300084747     
   1.6640000238418509       -34.464649795850434       0.11187681943382681       0.25970744025622772     
   1.6650000238418508       -34.473792806789163       0.11187041242878913       0.25968509163373166     
   1.6660000238418506       -34.482938201519879       0.11186400586247454       0.25966275698507535     
   1.6670000238418505       -34.492085977126287       0.11185760168639408       0.25964043308133505     
   1.6680000238418504       -34.501236130697485       0.11185119981467527       0.25961811999596557     
   1.6690000238418503       -34.510388659326495       0.11184479733583391       0.25959582242819962     
   1.6700000238418502       -34.519543560110748       0.11183839721809639       0.25957353547337586     
   1.6710000238418501       -34.528700830152239       0.11183199937926491       0.25955125920016908     
   1.6720000238418500       -34.537860466557746       0.11182560184664421       0.25952899679089103     
   1.6730000238418499       -34.547022466437994       0.11181920467169222       0.25950674811478458     
   1.6740000238418498       -34.556186826908458       0.11181280976973497       0.25948450995935723     
   1.6750000238418497       -34.565353545089209       0.11180641706612554       0.25946228238285457     
   1.6760000238418495       -34.574522618103984       0.11180002464256034       0.25944006850454115     
   1.6770000238418494       -34.583694043082168       0.11179363254384216       0.25941786820405316     
   1.6780000238418493       -34.592867817156240       0.11178724359870890       0.25939567672274438     
   1.6790000238418492       -34.602043937464266       0.11178085486432179       0.25937349889943889     
   1.6800000238418491       -34.611222401147785       0.11177446638309771       0.25935133461851556     
   1.6810000238418490       -34.620403205353256       0.11176808009000509       0.25932918059204840     
   1.6820000238418489       -34.629586347231495       0.11176169591949187       0.25930703686568957     
   1.6830000238418488       -34.638771823937461       0.11175531192042297       0.25928490665933002     
   1.6840000238418487       -34.647959632630808       0.11174892813000986       0.25926278986619095     
   1.6850000238418485       -34.657149770475314       0.11174254646673089       0.25924068320083160     
   1.6860000238418484       -34.666342234639025       0.11173616687097503       0.25921858670099113     
   1.6870000238418483       -34.675537022295153       0.11172978740023555       0.25919650359804763     
   1.6880000238418482       -34.684734130619802       0.11172340808707538       0.25917443379376842     
   1.6890000238418481       -34.693933556794718       0.11171703084949715       0.25915237397865254     
   1.6900000238418480       -34.703135298005598       0.11171065468595076       0.25913032579837891     
   1.6910000238418479       -34.712339351441955       0.11170428048812897       0.25910828767636346     
   1.6920000238418478       -34.721545714298635       0.11169790639472582       0.25908626273883067     
   1.6930000238418477       -34.730754383773657       0.11169153243166249       0.25906425089906132     
   1.6940000238418476       -34.739965357070609       0.11168516044472401       0.25904224893945810     
   1.6950000238418474       -34.749178631395608       0.11167879038660510       0.25902025688032876     
   1.6960000238418473       -34.758394203961245       0.11167242037265915       0.25899827791406915     
   1.6970000238418472       -34.767612071982811       0.11166605042474159       0.25897631196130022     
   1.6980000238418471       -34.776832232680619       0.11165968242032548       0.25895435572560138     
   1.6990000238418470       -34.786054683278529       0.11165331538076585       0.25893241084541202     
   1.7000000238418469       -34.795279421005660       0.11164695018957296       0.25891047573229725     
   1.7010000238418468       -34.804506443094859       0.11164058500598523       0.25888855353580792     
   1.7020000238418467       -34.813735746783109       0.11163421984614010       0.25886664418655353     
   1.7030000238418466       -34.822967329311716       0.11162785655245155       0.25884474441806860     
   1.7040000238418465       -34.832201187926493       0.11162149508802756       0.25882285423488205     
   1.7050000238418463       -34.841437319877294       0.11161513355723246       0.25880097690873666     
   1.7060000238418462       -34.850675722418494       0.11160877291195402       0.25877911072321957     
   1.7070000238418461       -34.859916392807712       0.11160241224054158       0.25875725723719933     
   1.7080000238418460       -34.869159328308051       0.11159605336943278       0.25873541318124121     
   1.7090000238418459       -34.878404526186216       0.11158969534823829       0.25871358017932622     
   1.7100000238418458       -34.887651983713326       0.11158333904716561       0.25869175663768684     
   1.7110000238418457       -34.896901698164214       0.11157698265630828       0.25866994571652108     
   1.7120000238418456       -34.906153666818312       0.11157062618218230       0.25864814736490599     
   1.7130000238418455       -34.915407886959201       0.11156427145336825       0.25862635827848157     
   1.7140000238418454       -34.924664355874683       0.11155791751950520       0.25860458009888659     
   1.7150000238418452       -34.933923070856771       0.11155156525727733       0.25858281120605597     
   1.7160000238418451       -34.943184029201156       0.11154521284521851       0.25856105481352931     
   1.7170000238418450       -34.952447228208257       0.11153886119737536       0.25853930923812307     
   1.7180000238418449       -34.961712665182489       0.11153250942677663       0.25851757603083514     
   1.7190000238418448       -34.970980337432202       0.11152615930951676       0.25849585194442098     
   1.7200000238418447       -34.980250242270117       0.11151980992323440       0.25847413859114476     
   1.7210000238418446       -34.989522377013188       0.11151346212498939       0.25845243436873216     
   1.7220000238418445       -34.998796738982158       0.11150711413530619       0.25843074245439912     
   1.7230000238418444       -35.008073325502117       0.11150076595080424       0.25840906281677078     
   1.7240000238418443       -35.017352133902151       0.11149441938740140       0.25838739210533740     
   1.7250000238418441       -35.026633161515477       0.11148807350315486       0.25836573198477819     
   1.7260000238418440       -35.035916405679693       0.11148172918016172       0.25834408079289939     
   1.7270000238418439       -35.045201863735834       0.11147538459008298       0.25832244182872760     
   1.7280000238418438       -35.054489533029773       0.11146904065035734       0.25830081336883820     
   1.7290000238418437       -35.063779410910925       0.11146269735081188       0.25827919538557575     
   1.7300000238418436       -35.073071494733277       0.11145635382417983       0.25825758943393151     
   1.7310000238418435       -35.082365781854143       0.11145001180724787       0.25823599226456601     
   1.7320000238418434       -35.091662269635385       0.11144367039971052       0.25821440549064167     
   1.7330000238418433       -35.100960955443391       0.11143733045105450       0.25819282748879269     
   1.7340000238418432       -35.110261836647290       0.11143099020138952       0.25817126147883546     
   1.7350000238418430       -35.119564910621826       0.11142465053328587       0.25814970577959589     
   1.7360000238418429       -35.128870174744307       0.11141831057367184       0.25812816197687022     
   1.7370000238418428       -35.138177626397351       0.11141197207104003       0.25810662676243395     
   1.7380000238418427       -35.147487262966578       0.11140563412017269       0.25808510177908262     
   1.7390000238418426       -35.156799081841982       0.11139929758198844       0.25806358536454987     
   1.7400000238418425       -35.166113080417773       0.11139296067524183       0.25804208081803592     
   1.7410000238418424       -35.175429256092464       0.11138662429331354       0.25802058641957992     
   1.7420000238418423       -35.184747606267472       0.11138028842701625       0.25799910214264038     
   1.7430000238418422       -35.194068128349137       0.11137395221834466       0.25797762956771209     
   1.7440000238418421       -35.203390819747398       0.11136761738530893       0.25795616540037741     
   1.7450000238418419       -35.212715677876453       0.11136128303933281       0.25793471127634798     
   1.7460000238418418       -35.222042700153992       0.11135495003226510       0.25791326552923810     
   1.7470000238418417       -35.231371884002229       0.11134861660336066       0.25789183146654415     
   1.7480000238418416       -35.240703226846854       0.11134228363575069       0.25787040736604538     
   1.7490000238418415       -35.250036726118246       0.11133595112038114       0.25784899320159860     
   1.7500000238418414       -35.259372379249271       0.11132961820277856       0.25782759057088511     
   1.7510000238418413       -35.268710183678493       0.11132328659432833       0.25780619614816491     
   1.7520000238418412       -35.278050136847348       0.11131695541083464       0.25778481158500388     
   1.7530000238418411       -35.287392236201370       0.11131062464365524       0.25776343685560560     
   1.7540000238418409       -35.296736479190038       0.11130429511838472       0.25774207031972501     
   1.7550000238418408       -35.306082863266916       0.11129796512994543       0.25772071523154516     
   1.7560000238418407       -35.315431385889156       0.11129163553314989       0.25769936989795666     
   1.7570000238418406       -35.324782044518379       0.11128530631953537       0.25767803429341196     
   1.7580000238418405       -35.334134836619526       0.11127897665468350       0.25765671000327295     
   1.7590000238418404       -35.343489759661352       0.11127264820938548       0.25763539373052308     
   1.7600000238418403       -35.352846811117097       0.11126632012123075       0.25761408711207845     
   1.7610000238418402       -35.362205988463543       0.11125999238195133       0.25759279012276726     
   1.7620000238418401       -35.371567289181073       0.11125366580453029       0.25757150112333410     
   1.7630000238418400       -35.380930710754718       0.11124733871168146       0.25755022336623556     
   1.7640000238418398       -35.390296250672478       0.11124101194422760       0.25752895516110785     
   1.7650000238418397       -35.399663906426497       0.11123468549406211       0.25750769648316774     
   1.7660000238418396       -35.409033675513044       0.11122835853385477       0.25748644893049422     
   1.7670000238418395       -35.418405555431939       0.11122203272032125       0.25746520918352944     
   1.7680000238418394       -35.427779543687194       0.11121570719936072       0.25744397889062159     
   1.7690000238418393       -35.437155637785906       0.11120938196306650       0.25742275802731918     
   1.7700000238418392       -35.446533835239734       0.11120305782446499       0.25740154493004197     
   1.7710000238418391       -35.455914133563908       0.11119673310813021       0.25738034290069245     
   1.7720000238418390       -35.465296530277357       0.11119040865408422       0.25735915022563677     
   1.7730000238418389       -35.474681022902892       0.11118408445458178       0.25733796688066668     
   1.7740000238418387       -35.484067608967138       0.11117775967667066       0.25731679450220907     
   1.7750000238418386       -35.493456286000779       0.11117143598883993       0.25729562969644770     
   1.7760000238418385       -35.502847051537607       0.11116511253198740       0.25727447414951110     
   1.7770000238418384       -35.512239903115564       0.11115878929861005       0.25725332783743843     
   1.7780000238418383       -35.521634838276540       0.11115246628127208       0.25723219073614290     
   1.7790000238418382       -35.531031854566073       0.11114614428040376       0.25721106118028114     
   1.7800000238418381       -35.540430949533132       0.11113982164837008       0.25718994247588750     
   1.7810000238418380       -35.549832120731018       0.11113349921118829       0.25716883290909565     
   1.7820000238418379       -35.559235365716319       0.11112717696154702       0.25714773245646849     
   1.7830000238418378       -35.568640682049818       0.11112085407340716       0.25712664277108249     
   1.7840000238418376       -35.578048067295228       0.11111453220161706       0.25710556042902405     
   1.7850000238418375       -35.587457519020845       0.11110821049511371       0.25708448713169663     
   1.7860000238418374       -35.596869034797919       0.11110188894679963       0.25706342285583655     
   1.7870000238418373       -35.606282612202541       0.11109556754953906       0.25704236757800752     
   1.7880000238418372       -35.615698248813182       0.11108924710525164       0.25702131960247004     
   1.7890000238418371       -35.625115942213135       0.11108292596556583       0.25700028229708516     
   1.7900000238418370       -35.634535689988454       0.11107660495694982       0.25697925391863624     
   1.7910000238418369       -35.643957489729530       0.11107028407250780       0.25695823444424715     
   1.7920000238418368       -35.653381339029941       0.11106396330545346       0.25693722385099804     
   1.7930000238418367       -35.662807235487620       0.11105764184644225       0.25691622379148882     
   1.7940000238418365       -35.672235176703808       0.11105132131678204       0.25689523084665078     
   1.7950000238418364       -35.681665160283117       0.11104500088361666       0.25687424671549397     
   1.7960000238418363       -35.691097183833975       0.11103868054022095       0.25685327137551606     
   1.7970000238418362       -35.700531244969170       0.11103236028000316       0.25683230480389596     
   1.7980000238418361       -35.709967341303873       0.11102604089659085       0.25681134529090766     
