   1.6000000238418579       -30.110383033419922       0.44450350433817248     
   1.6010000238418578       -30.118424332606970       0.44247036476263607     
   1.6020000238418577       -30.126479399847291       0.44042708458584318     
   1.6030000238418576       -30.134548242847870       0.43837354214416152     
   1.6040000238418575       -30.142630869200509       0.43630963803146000     
   1.6050000238418574       -30.150727286382974       0.43423526308674154     
   1.6060000238418572       -30.158837501761045       0.43215031207257376     
   1.6070000238418571       -30.166961522590281       0.43005465562080053     
   1.6080000238418570       -30.175099356017931       0.42794818218146097     
   1.6090000238418569       -30.183251009084991       0.42583076970990352     
   1.6100000238418568       -30.191416488728446       0.42370229260569220     
   1.6110000238418567       -30.199595801783403       0.42156262157352598     
   1.6120000238418566       -30.207788954985833       0.41941162346684385     
   1.6130000238418565       -30.215995954974453       0.41724916113492821     
   1.6140000238418564       -30.224216808293903       0.41507509325263059     
   1.6150000238418563       -30.232451521397234       0.41288927415238530     
   1.6160000238418561       -30.240700100648649       0.41069155363863641     
   1.6170000238418560       -30.248962552326553       0.40848177680285525     
   1.6180000238418559       -30.257238882626631       0.40625978382023109     
   1.6190000238418558       -30.265529097665059       0.40402540974682200     
   1.6200000238418557       -30.273833203481672       0.40177848429593688     
   1.6210000238418556       -30.282151206043402       0.39951882461607852     
   1.6220000238418555       -30.290483111248033       0.39724626290912324     
   1.6230000238418554       -30.298828924927605       0.39496060456474158     
   1.6240000238418553       -30.307188652852382       0.39266165553269095     
   1.6250000238418552       -30.315562300734623       0.39034920824010050     
   1.6260000238418550       -30.323949874232781       0.38802306876009840     
   1.6270000238418549       -30.332351378955657       0.38568301559832746     
   1.6280000238418548       -30.340766820466520       0.38332881956469922     
   1.6290000238418547       -30.349196204287765       0.38096026402269739     
   1.6300000238418546       -30.357639535905534       0.37857710390867422     
   1.6310000238418545       -30.366096820774040       0.37617908513501608     
   1.6320000238418544       -30.374568064320890       0.37376596547250529     
   1.6330000238418543       -30.383053271951660       0.37133746558947056     
   1.6340000238418542       -30.391552449055311       0.36889331708710049     
   1.6350000238418541       -30.400065601009327       0.36643324071761446     
   1.6360000238418539       -30.408592733185131       0.36395692641900518     
   1.6370000238418538       -30.417133850953540       0.36146407288332977     
   1.6380000238418537       -30.425688959690618       0.35895436666860625     
   1.6390000238418536       -30.434258064783450       0.35642746169202089     
   1.6400000238418535       -30.442841171636083       0.35388301885241735     
   1.6410000238418534       -30.451438285675799       0.35132067835700487     
   1.6420000238418533       -30.460049412359226       0.34874006578806555     
   1.6430000238418532       -30.468674557178943       0.34614079133100967     
   1.6440000238418531       -30.477313725670026       0.34352244895051620     
   1.6450000238418530       -30.485966923416814       0.34088461551154708     
   1.6460000238418528       -30.494634156059842       0.33822684983912854     
   1.6470000238418527       -30.503315429303058       0.33554868495119544     
   1.6480000238418526       -30.512010748920865       0.33284965386491633     
   1.6490000238418525       -30.520720120765802       0.33012924833290441     
   1.6500000238418524       -30.529443550775991       0.32738693733413382     
   1.6510000238418523       -30.538181044982842       0.32462217969413953     
   1.6520000238418522       -30.546932609519370       0.32183440857977608     
   1.6530000238418521       -30.555698250628041       0.31902301057902949     
   1.6540000238418520       -30.564477974669160       0.31618736367673583     
   1.6550000238418519       -30.573271788129578       0.31332680886468295     
   1.6560000238418517       -30.582079697631194       0.31044065488930400     
   1.6570000238418516       -30.590901709939935       0.30752817613571498     
   1.6580000238418515       -30.599737831975048       0.30458860369616331     
   1.6590000238418514       -30.608588070818378       0.30162114927805095     
   1.6600000238418513       -30.617452433723656       0.29862495644703274     
   1.6610000238418512       -30.626330928126706       0.29559915017488714     
   1.6620000238418511       -30.635223561654946       0.29254278103968612     
   1.6630000238418510       -30.644130342138205       0.28945486785103230     
   1.6640000238418509       -30.653051277618566       0.28633436069491719     
   1.6650000238418508       -30.661986376361561       0.28318016966251336     
   1.6660000238418506       -30.670935646866567       0.27999111418578454     
   1.6670000238418505       -30.679899097878732       0.27676596371345275     
   1.6680000238418504       -30.688876738399600       0.27350340579348004     
   1.6690000238418503       -30.697868577699328       0.27020204635279454     
   1.6700000238418502       -30.706874625328716       0.26686039610571322     
   1.6710000238418501       -30.715894891131025       0.26347688868062963     
   1.6720000238418500       -30.724929385254747       0.26004981981713549     
   1.6730000238418499       -30.733978118166540       0.25657740925649375     
   1.6740000238418498       -30.743041100664186       0.25305771797293303     
   1.6750000238418497       -30.752118343889791       0.24948868788121656     
   1.6760000238418495       -30.761209859343836       0.24586809519818054     
   1.6770000238418494       -30.770315658899030       0.24219356063447306     
   1.6780000238418493       -30.779435754814415       0.23846250512266723     
   1.6790000238418492       -30.788570159750201       0.23467215510676709     
   1.6800000238418491       -30.797718886782810       0.23081949276727162     
   1.6810000238418490       -30.806881949419655       0.22690125447113177     
   1.6820000238418489       -30.816059361615110       0.22291387303488536     
   1.6830000238418488       -30.825251137786267       0.21885346008114789     
   1.6840000238418487       -30.834457292828880       0.21471575624239542     
   1.6850000238418485       -30.843677842133943       0.21049608006168047     
   1.6860000238418484       -30.852912801604468       0.20618926094679751     
   1.6870000238418483       -30.862162187672354       0.20178959303362204     
   1.6880000238418482       -30.871426017315649       0.19729070292533454     
   1.6890000238418481       -30.880704308075941       0.19268548364502847     
   1.6900000238418480       -30.889997078076028       0.18796595984378556     
   1.6910000238418479       -30.899304346037564       0.18312310356230654     
   1.6920000238418478       -30.908626131299037       0.17814667618512547     
   1.6930000238418477       -30.917962453833571       0.17302494077773720     
   1.6940000238418476       -30.927313334266564       0.16774438439028591     
   1.6950000238418474       -30.936678793893780       0.16228926814254022     
   1.6960000238418473       -30.946058854698371       0.15664112020421156     
   1.6970000238418472       -30.955453539368193       0.15077799307577705     
   1.6980000238418471       -30.964862871312295       0.14467346852579802     
   1.6990000238418470       -30.974286874676785       0.13829530051613259     
   1.7000000238418469       -30.983725574359745       0.13160339104261021     
   1.7010000238418468       -30.993178996025069       0.12454684969749888     
   1.7020000238418467       -31.002647166114762       0.11705938895589647     
   1.7030000238418466       -31.012130111859641       0.10905190936509762     
   1.7040000238418465       -31.021627861287179       0.10039964791049633     
   1.7050000238418463       -31.031140443227848        9.0918256273912049E-002
   1.7060000238418462       -31.040667887316850        8.0314134768763257E-002
   1.7070000238418461       -31.050210223992760        6.8064026851189244E-002
   1.7080000238418460       -31.059767484491360        5.3038933032094976E-002
   1.7090000238418459       -31.069339700832842        3.1491342559260151E-002
   1.7100000238418458       -31.078925556788121        2.9558366712296848E-005
   1.7110000238418457       -31.088515389235795        9.2634761701281138E-006
   1.7120000238418456       -31.098107286125071        5.4829978310781220E-006
   1.7130000238418455       -31.107701245180408        3.2780763802848901E-006
   1.7140000238418454       -31.117297264128112        1.8017854989717714E-006
   1.7150000238418452       -31.126895340697484        9.0354188792921930E-007
   1.7160000238418451       -31.136495472620709        4.1155181550024524E-007
   1.7170000238418450       -31.146097657633263        1.6989571270202100E-007
   1.7180000238418449       -31.155701893473385        6.3409056431466368E-008
   1.7190000238418448       -31.165308177882402        2.1381381384546728E-008
   1.7200000238418447       -31.174916508604838        6.5344488739713409E-009
   1.7210000238418446       -31.184526883387960        1.8157274511092996E-009
   1.7220000238418445       -31.194139299982155        4.6014323061714812E-010
   1.7230000238418444       -31.203753756140685        1.0594207147354398E-010
   1.7240000238418443       -31.213370249620247        2.2411177851782642E-011
   1.7250000238418441       -31.222988778180223        4.3225037746650076E-012
   1.7260000238418440       -31.232609339582709        7.7209689259344967E-013
   1.7270000238418439       -31.242231931593324        1.3194229659458441E-013
   1.7280000238418438       -31.251856551980133        1.9843694588751583E-014
   1.7290000238418437       -31.261483198514927        4.4285562871159018E-015
   1.7300000238418436       -31.271111868972017       -2.0045693500176437E-017
   1.7310000238418435       -31.280742561128150       -2.7755575615628914E-017
   1.7320000238418434       -31.290375272764230       -1.7578531223231644E-016
   1.7330000238418433       -31.300010001663320       -2.3129646346357429E-017
   1.7340000238418432       -31.309646745611467       -1.7270135938613546E-016
   1.7350000238418430       -31.319285502397943        1.0639637319324417E-016
   1.7360000238418429       -31.328926269815163        1.2335811384723961E-017
   1.7370000238418428       -31.338569045658119        1.8349519434776892E-016
   1.7380000238418427       -31.348213827724635       -2.2050262850194082E-016
   1.7390000238418426       -31.357860613815870        3.1147923746428001E-016
   1.7400000238418425       -31.367509401735603        4.7801269115805354E-017
   1.7410000238418424       -31.377160189290940        2.5905203907920321E-016
   1.7420000238418423       -31.386812974291484       -3.2381504884900401E-017
   1.7430000238418422       -31.396467754550482        2.6213599192538418E-017
   1.7440000238418421       -31.406124527882817       -1.3569392523196359E-016
   1.7450000238418419       -31.415783292107747        1.8503717077085943E-016
   1.7460000238418418       -31.425444045046575        5.5511151231257827E-017
   1.7470000238418417       -31.435106784523995        8.3266726846886741E-017
   1.7480000238418416       -31.444771508366916        8.3883517416122936E-016
   1.7490000238418415       -31.454438214405805       -4.3175339846533866E-017
   1.7500000238418414       -31.464106900474043       -1.1873218457796813E-016
   1.7510000238418413       -31.473777564407413       -2.3129646346357429E-017
   1.7520000238418412       -31.483450204045226       -1.4957171303977804E-016
   1.7530000238418411       -31.493124817228985       -1.4648776019359704E-016
   1.7540000238418409       -31.502801401803769        2.0354088784794536E-016
   1.7550000238418408       -31.512479955617049       -2.5905203907920321E-016
   1.7560000238418407       -31.522160476519595        1.7578531223231644E-016
   1.7570000238418406       -31.531842962364770       -4.7801269115805354E-017
   1.7580000238418405       -31.541527411008516        3.2844097811827549E-016
   1.7590000238418404       -31.551213820310519        6.7846962615981794E-017
   1.7600000238418403       -31.560902188132545       -5.0422629035059196E-016
   1.7610000238418402       -31.570592512339839        3.0222737892573707E-016
   1.7620000238418401       -31.580284790799912       -1.4494578377050655E-016
   1.7630000238418400       -31.589979021383122        6.9388939039072284E-017
   1.7640000238418398       -31.599675201963596        4.6259292692714858E-017
   1.7650000238418397       -31.609373330417377       -9.2518585385429707E-018
   1.7660000238418396       -31.619073404623606       -1.2335811384723962E-016
   1.7670000238418395       -31.628775422464422       -2.0508286427103587E-016
   1.7680000238418394       -31.638479381824883        1.6961740653995449E-017
   1.7690000238418393       -31.648185280592500       -8.5888086766140578E-016
   1.7700000238418392       -31.657893116657590        1.8812112361704041E-016
   1.7710000238418391       -31.667602887914025       -5.8595104077438819E-017
   1.7720000238418390       -31.677314592257570        7.2627089527562327E-016
   1.7730000238418389       -31.687028227587763       -4.9343245538895844E-017
   1.7740000238418387       -31.696743791806185       -1.2335811384723961E-017
   1.7750000238418386       -31.706461282817504       -2.3129646346357429E-017
   1.7760000238418385       -31.716180698529300       -9.5602538231610708E-017
   1.7770000238418384       -31.725902036851700        5.5511151231257827E-017
   1.7780000238418383       -31.735625295698156       -9.2518585385429707E-018
   1.7790000238418382       -31.745350472984192        2.9297552038719409E-017
   1.7800000238418381       -31.755077566628593       -6.6304986192891292E-017
   1.7810000238418380       -31.764806574553170        9.0976608962339214E-017
   1.7820000238418379       -31.774537494681695        9.2518585385429707E-018
   1.7830000238418378       -31.784270324941438       -1.8195321792467843E-016
   1.7840000238418376       -31.794005063262581       -6.1679056923619804E-018
   1.7850000238418375       -31.803741707577345       -3.5311260088772338E-016
   1.7860000238418374       -31.813480255821379        3.0839528461809903E-016
   1.7870000238418373       -31.823220705932737        3.2381504884900401E-017
   1.7880000238418372       -31.832963055852296        2.7755575615628914E-017
   1.7890000238418371       -31.842707303523781        1.2181613742414913E-016
   1.7900000238418370       -31.852453446894035       -7.7098821154524757E-017
   1.7910000238418369       -31.862201483911875        6.1679056923619804E-018
   1.7920000238418368       -31.871951412529349       -5.7053127654348317E-017
   1.7930000238418367       -31.881703230701287        1.2952601953960160E-016
   1.7940000238418365       -31.891456936385424       -6.1679056923619804E-018
   1.7950000238418364       -31.901212527541340        4.6259292692714853E-018
   1.7960000238418363       -31.910970002132441        7.7098821154524763E-018
   1.7970000238418362       -31.920729358124575       -9.8686491077791687E-017
   1.7980000238418361       -31.930490593485768       -4.0553979927280023E-016
   1.7990000238418360       -31.940253706187601        1.3723590165505408E-016
   1.8000000238418359       -31.950018694203305       -3.6853236511862837E-016
   1.8010000238418358       -31.959785555510614        6.9388939039072284E-017
   1.8020000238418357       -31.969554288087796       -7.5556844731434267E-017
   1.8030000238418356       -31.979324889917123        3.1764714315664202E-016
   1.8040000238418354       -31.989097358983415       -1.5419764230904953E-017
   1.8050000238418353       -31.998871693274420        1.6190752442450199E-016
   1.8060000238418352       -32.008647890779891       -9.4060561808520206E-017
   1.8070000238418351       -32.018425949492851        9.2518585385429707E-018
   1.8080000238418350       -32.028205867408943       -8.4808703269977230E-017
   1.8090000238418349       -32.037987642526282       -3.7007434154171883E-017
   1.8100000238418348       -32.047771272845957       -3.5465457731081387E-017
   1.8110000238418347       -32.057556756371355        1.3877787807814457E-017
   1.8120000238418346       -32.067344091108872        6.3221033346710300E-017
   1.8130000238418345       -32.077133275067631       -6.9388939039072284E-017
   1.8140000238418343       -32.086924306258901       -2.6213599192538419E-016
   1.8150000238418342       -32.096717182697439        1.5419764230904953E-017
   1.8160000238418341       -32.106511902400236        1.8195321792467843E-016
   1.8170000238418340       -32.116308463386744       -5.0885221961986339E-017
   1.8180000238418339       -32.126106863679077        4.0091387000352874E-017
   1.8190000238418338       -32.135907101302521        1.1873218457796813E-016
   1.8200000238418337       -32.145709174284519        1.6499147727068299E-016
   1.8210000238418336       -32.155513080655489        1.6961740653995449E-017
   1.8220000238418335       -32.165318818448561       -1.1256427888560614E-016
   1.8230000238418334       -32.175126385698633        1.6190752442450199E-016
   1.8240000238418332       -32.184935780444398        1.1719020815487764E-016
   1.8250000238418331       -32.194747000726544       -1.3723590165505408E-016
   1.8260000238418330       -32.204560044588405        2.6213599192538418E-017
   1.8270000238418329       -32.214374910076678        4.6259292692714853E-018
   1.8280000238418328       -32.224191595239319        2.0970879354030734E-016
   1.8290000238418327       -32.234010098128010       -6.1679056923619804E-018
   1.8300000238418326       -32.243830416796996        1.9120507646322142E-016
   1.8310000238418325       -32.253652549301904       -2.6984587404083664E-016
   1.8320000238418324       -32.263476493702953        5.2427198385076835E-017
   1.8330000238418322       -32.273302248061341       -1.0793834961633466E-016
   1.8340000238418321       -32.283129810441551       -1.2490009027033011E-016
   1.8350000238418320       -32.292959178910664       -3.7007434154171883E-017
   1.8360000238418319       -32.302790351538121        1.8195321792467843E-016
   1.8370000238418318       -32.312623326396377        5.2427198385076835E-017
   1.8380000238418317       -32.322458101559860        2.7755575615628914E-017
   1.8390000238418316       -32.332294675105715        9.2518585385429716E-017
   1.8400000238418315       -32.342133045114274       -2.0045693500176437E-017
   1.8410000238418314       -32.351973209668266        7.2472891885253276E-017
   1.8420000238418313       -32.361815166851912        1.8503717077085941E-017
   1.8430000238418311       -32.371658914753944       -3.2381504884900401E-017
   1.8440000238418310       -32.381504451463925        1.4648776019359704E-016
   1.8450000238418309       -32.391351775074384       -5.0885221961986339E-017
   1.8460000238418308       -32.401200883681277        4.6259292692714853E-018
   1.8470000238418307       -32.411051775382077       -5.7053127654348317E-017
   1.8480000238418306       -32.420904448277227       -3.7007434154171883E-017
   1.8490000238418305       -32.430758900469897       -3.3460888381063745E-016
