   7.5000000000000000       -71.643636701066143       0.66339620099947383     
   7.5010000000000003       -71.655582379097922       0.66390176759109865     
   7.5020000000000007       -71.667537179742325       0.66440983011755728     
   7.5030000000000010       -71.679501148220226       0.66492042059069945     
   7.5040000000000013       -71.691474330322649       0.66543357113899804     
   7.5050000000000017       -71.703456772427415       0.66594931568996873     
   7.5060000000000020       -71.715448521514816       0.66646768644788645     
   7.5070000000000023       -71.727449625184235       0.66698871913053526     
   7.5080000000000027       -71.739460131672431       0.66751244963028489     
   7.5090000000000030       -71.751480089871478       0.66803891581651664     
   7.5100000000000033       -71.763509549348072       0.66856815394556213     
   7.5110000000000037       -71.775548560363575       0.66910020401210613     
   7.5120000000000040       -71.787597173894639       0.66963510635500867     
   7.5130000000000043       -71.799655441655318       0.67017290353783932     
   7.5140000000000047       -71.811723416119378       0.67071363657021543     
   7.5150000000000050       -71.823801150544710       0.67125735055620728     
   7.5160000000000053       -71.835888698997721       0.67180409209112901     
   7.5170000000000057       -71.847986116379673       0.67235390649242799     
   7.5180000000000060       -71.860093458453974       0.67290684328427819     
   7.5190000000000063       -71.872210781874486       0.67346295371902543     
   7.5200000000000067       -71.884338144215945       0.67402228801569419     
   7.5210000000000070       -71.896475604005403       0.67458490081814571     
   7.5220000000000073       -71.908623220755175       0.67515084878080911     
   7.5230000000000077       -71.920781054997377       0.67572018774735165     
   7.5240000000000080       -71.932949168320945       0.67629297831965907     
   7.5250000000000083       -71.945127623410002       0.67686928345130448     
   7.5260000000000087       -71.957316484084032       0.67744916549281609     
   7.5270000000000090       -71.969515815340984       0.67803269201948868     
   7.5280000000000094       -71.981725683402118       0.67861993337513737     
   7.5290000000000097       -71.993946155759687       0.67921095949884114     
   7.5300000000000100       -72.006177301226984       0.67980584722725779     
   7.5310000000000104       -72.018419189991761       0.68040467249904346     
   7.5320000000000107       -72.030671893672434       0.68100751833130013     
   7.5330000000000110       -72.042935485377441       0.68161446734515874     
   7.5340000000000114       -72.055210039768951       0.68222560954681477     
   7.5350000000000117       -72.067495633129454       0.68284103504178773     
   7.5360000000000120       -72.079792343433638       0.68346084176025823     
   7.5370000000000124       -72.092100250423826       0.68408512823520917     
   7.5380000000000127       -72.104419435691398       0.68471400141044636     
   7.5390000000000130       -72.116749982762144       0.68534756935900965     
   7.5400000000000134       -72.129091977189319       0.68598594931807799     
   7.5410000000000137       -72.141445506651223       0.68662926021888360     
   7.5420000000000140       -72.153810661057051       0.68727763110670503     
   7.5430000000000144       -72.166187532659563       0.68793119439177319     
   7.5440000000000147       -72.178576216176268       0.68859008958065915     
   7.5450000000000150       -72.190976808919686       0.68925446664792522     
   7.5460000000000154       -72.203389410937717       0.68992448060212097     
   7.5470000000000157       -72.215814125164499       0.69060029622641939     
   7.5480000000000160       -72.228251057584160       0.69128208678096104     
   7.5490000000000164       -72.240700317407075       0.69197003864149897     
   7.5500000000000167       -72.253162017261829       0.69266434630897056     
   7.5510000000000170       -72.265636273402720       0.69336521733613365     
   7.5520000000000174       -72.278123205936510       0.69407287239619464     
   7.5530000000000177       -72.290622939068996       0.69478754648522401     
   7.5540000000000180       -72.303135601375061       0.69550949026996634     
   7.5550000000000184       -72.315661326093434       0.69623897160345394     
   7.5560000000000187       -72.328200251452074       0.69697627723448663     
   7.5570000000000190       -72.340752521024513       0.69772171474228317     
   7.5580000000000194       -72.353318284124839       0.69847561473364794     
   7.5590000000000197       -72.365897696243962       0.69923833334769403     
   7.5600000000000200       -72.378490919534499       0.70001025615686630     
   7.5610000000000204       -72.391098123350829       0.70079179739976405     
   7.5620000000000207       -72.403719484853724       0.70158340977897871     
   7.5630000000000210       -72.416355189686968       0.70238558603932710     
   7.5640000000000214       -72.429005432742088       0.70319886181648983     
   7.5650000000000217       -72.441670419021420       0.70402382394690610     
   7.5660000000000220       -72.454350364620225       0.70486112045973071     
   7.5670000000000224       -72.467045497848119       0.70571146297143661     
   7.5680000000000227       -72.479756060516706       0.70657564084561209     
   7.5690000000000230       -72.492482309425753       0.70745453228526345     
   7.5700000000000234       -72.505224518091140       0.70834912014089235     
   7.5710000000000237       -72.517982978765531       0.70926050667880125     
   7.5720000000000240       -72.530758004819816       0.71018993811344644     
   7.5730000000000244       -72.543549933572947       0.71113883632467223     
   7.5740000000000247       -72.556359129684949       0.71210882380774310     
   7.5750000000000250       -72.569185989265208       0.71310177978976852     
   7.5760000000000254       -72.582030944904147       0.71411989047951863     
   7.5770000000000257       -72.594894471913207       0.71516573002104045     
   7.5780000000000260       -72.607777096174402       0.71624236509309336     
   7.5790000000000264       -72.620679404177167       0.71735348968686885     
   7.5800000000000267       -72.633602056096663       0.71850363630537384     
   7.5810000000000271       -72.646545803212859       0.71969845487262285     
   7.5820000000000274       -72.659511511724844       0.72094515101803269     
   7.5830000000000277       -72.672500196345155       0.72225316149180674     
   7.5840000000000281       -72.685513069551050       0.72363526079219054     
   7.5850000000000284       -72.698551617378570       0.72510949563870719     
   7.5860000000000287       -72.711617723669733       0.72670286416916041     
   7.5870000000000291       -72.724713892049365       0.72845913576527699     
   7.5880000000000294       -72.737843695508815       0.73045856479275617     
   7.5890000000000297       -72.751012894252270       0.73288391539873365     
