   6.0000000000000000       -57.520303154919240       0.51980356637120129     
   6.0010000000000003       -57.529660071944143       0.51985388966257950     
   6.0020000000000007       -57.539017895282967       0.51990426810291401     
   6.0030000000000010       -57.548376625932733       0.51995470202878868     
   6.0040000000000013       -57.557736264893563       0.52000519158084479     
   6.0050000000000017       -57.567096813167993       0.52005573689998608     
   6.0060000000000020       -57.576458271761339       0.52010633812736629     
   6.0070000000000023       -57.585820641681117       0.52015699540439098     
   6.0080000000000027       -57.595183923937036       0.52020770887271561     
   6.0090000000000030       -57.604548119542429       0.52025847867425279     
   6.0100000000000033       -57.613913229512264       0.52030930495117655     
   6.0110000000000037       -57.623279254864549       0.52036018784590499     
   6.0120000000000040       -57.632646196619397       0.52041112750111562     
   6.0130000000000043       -57.642014055800182       0.52046212405975334     
   6.0140000000000047       -57.651382833432180       0.52051317766500615     
   6.0150000000000050       -57.660752530543576       0.52056428846032488     
   6.0160000000000053       -57.670123148165011       0.52061545658942998     
   6.0170000000000057       -57.679494687330006       0.52066668219629075     
   6.0180000000000060       -57.688867149074369       0.52071796542514104     
   6.0190000000000063       -57.698240534436543       0.52076930642047192     
   6.0200000000000067       -57.707614844457467       0.52082070532705815     
   6.0210000000000070       -57.716990080180970       0.52087216228990896     
   6.0220000000000073       -57.726366242653654       0.52092367745431190     
   6.0230000000000077       -57.735743332924208       0.52097525096581410     
   6.0240000000000080       -57.745121352043981       0.52102688297024591     
   6.0250000000000083       -57.754500301067658       0.52107857361368470     
   6.0260000000000087       -57.763880181051604       0.52113032304247731     
   6.0270000000000090       -57.773260993055516       0.52118213140325065     
   6.0280000000000094       -57.782642738141753       0.52123399884289034     
   6.0290000000000097       -57.792025417374532       0.52128592550855979     
   6.0300000000000100       -57.801409031821130       0.52133791154768827     
   6.0310000000000104       -57.810793582552094       0.52138995710797476     
   6.0320000000000107       -57.820179070640187       0.52144206233739010     
   6.0330000000000110       -57.829565497160154       0.52149422738418538     
   6.0340000000000114       -57.838952863190876       0.52154645239689001     
   6.0350000000000117       -57.848341169812528       0.52159873752428654     
   6.0360000000000120       -57.857730418108616       0.52165108291545714     
   6.0370000000000124       -57.867120609165205       0.52170348871975036     
   6.0380000000000127       -57.876511744071209       0.52175595508678507     
   6.0390000000000130       -57.885903823918113       0.52180848216647990     
   6.0400000000000134       -57.895296849800026       0.52186107010900806     
   6.0410000000000137       -57.904690822813819       0.52191371906483253     
   6.0420000000000140       -57.914085744058895       0.52196642918470726     
   6.0430000000000144       -57.923481614637801       0.52201920061967089     
   6.0440000000000147       -57.932878435655567       0.52207203352101517     
   6.0450000000000150       -57.942276208220200       0.52212492804033184     
   6.0460000000000154       -57.951674933441588       0.52217788432951151     
   6.0470000000000157       -57.961074612433237       0.52223090254072335     
   6.0480000000000160       -57.970475246311388       0.52228398282638100     
   6.0490000000000164       -57.979876836194400       0.52233712533927301     
   6.0500000000000167       -57.989279383203936       0.52239033023238235     
   6.0510000000000170       -57.998682888464444       0.52244359765903925     
   6.0520000000000174       -58.008087353102034       0.52249692777287615     
   6.0530000000000177       -58.017492778247444       0.52255032072774121     
   6.0540000000000180       -58.026899165032603       0.52260377667785429     
   6.0550000000000184       -58.036306514593043       0.52265729577767850     
   6.0560000000000187       -58.045714828066920       0.52271087818199191     
   6.0570000000000190       -58.055124106594846       0.52276452404587270     
   6.0580000000000194       -58.064534351320873       0.52281823352467327     
   6.0590000000000197       -58.073945563391128       0.52287200677405199     
   6.0600000000000200       -58.083357743954970       0.52292584394997221     
   6.0610000000000204       -58.092770894164630       0.52297974520868573     
   6.0620000000000207       -58.102185015174769       0.52303371070674742     
   6.0630000000000210       -58.111600108143321       0.52308774060100860     
   6.0640000000000214       -58.121016174230796       0.52314183504863498     
   6.0650000000000217       -58.130433214600551       0.52319599420706342     
   6.0660000000000220       -58.139851230418714       0.52325021823408080     
   6.0670000000000224       -58.149270222854199       0.52330450728773492     
   6.0680000000000227       -58.158690193079508       0.52335886152639477     
   6.0690000000000230       -58.168111142268586       0.52341328110874752     
   6.0700000000000234       -58.177533071599811       0.52346776619376201     
   6.0710000000000237       -58.186955982253195       0.52352231694073892     
   6.0720000000000240       -58.196379875412255       0.52357693350926526     
   6.0730000000000244       -58.205804752263155       0.52363161605925457     
   6.0740000000000247       -58.215230613995047       0.52368636475094021     
   6.0750000000000250       -58.224657461799715       0.52374117974483014     
   6.0760000000000254       -58.234085296872507       0.52379606120178202     
   6.0770000000000257       -58.243514120410936       0.52385100928294792     
   6.0780000000000260       -58.252943933615398       0.52390602414980714     
   6.0790000000000264       -58.262374737690116       0.52396110596414269     
   6.0800000000000267       -58.271806533841158       0.52401625488805492     
   6.0810000000000271       -58.281239323278101       0.52407147108397356     
   6.0820000000000274       -58.290673107213188       0.52412675471464221     
   6.0830000000000277       -58.300107886861795       0.52418210594312409     
   6.0840000000000281       -58.309543663442369       0.52423752493278752     
   6.0850000000000284       -58.318980438175650       0.52429301184735300     
   6.0860000000000287       -58.328418212286046       0.52434856685083675     
   6.0870000000000291       -58.337856987000812       0.52440419010760009     
   6.0880000000000294       -58.347296763549551       0.52445988178231262     
   6.0890000000000297       -58.356737543165437       0.52451564203998302     
   6.0900000000000301       -58.366179327084616       0.52457147104593438     
   6.0910000000000304       -58.375622116545870       0.52462736896583173     
   6.0920000000000307       -58.385065912791291       0.52468333596565730     
   6.0930000000000311       -58.394510717065707       0.52473937221173406     
   6.0940000000000314       -58.403956530616810       0.52479547787070990     
   6.0950000000000317       -58.413403354696051       0.52485165310956616     
   6.0960000000000321       -58.422851190556983       0.52490789809561722     
   6.0970000000000324       -58.432300039456841       0.52496421299652163     
   6.0980000000000327       -58.441749902655282       0.52502059798025968     
   6.0990000000000331       -58.451200781415658       0.52507705321515197     
   6.1000000000000334       -58.460652677003786       0.52513357886986389     
   6.1010000000000337       -58.470105590688824       0.52519017511340071     
   6.1020000000000341       -58.479559523742957       0.52524684211508987     
   6.1030000000000344       -58.489014477440975       0.52530358004463507     
   6.1040000000000347       -58.498470453061749       0.52536038907204263     
   6.1050000000000351       -58.507927451886061       0.52541726936768862     
   6.1060000000000354       -58.517385475198367       0.52547422110228714     
   6.1070000000000357       -58.526844524286346       0.52553124444689636     
   6.1080000000000361       -58.536304600440069       0.52558833957292395     
   6.1090000000000364       -58.545765704953766       0.52564550665211940     
   6.1100000000000367       -58.555227839123809       0.52570274585659915     
   6.1110000000000371       -58.564691004249838       0.52576005735880660     
   6.1120000000000374       -58.574155201635008       0.52581744133155439     
   6.1130000000000377       -58.583620432585334       0.52587489794799602     
   6.1140000000000381       -58.593086698409756       0.52593242738165158     
   6.1150000000000384       -58.602554000420938       0.52599002980638632     
   6.1160000000000387       -58.612022339933823       0.52604770539642898     
   6.1170000000000391       -58.621491718267343       0.52610545432635814     
   6.1180000000000394       -58.630962136743015       0.52616327677111951     
   6.1190000000000397       -58.640433596685618       0.52622117290601489     
   6.1200000000000401       -58.649906099423362       0.52627914290670463     
   6.1210000000000404       -58.659379646287306       0.52633718694921472     
   6.1220000000000407       -58.668854238611686       0.52639530520993361     
   6.1230000000000411       -58.678329877734242       0.52645349786562012     
   6.1240000000000414       -58.687806564995370       0.52651176509339292     
   6.1250000000000417       -58.697284301739288       0.52657010707074048     
   6.1260000000000421       -58.706763089312872       0.52662852397551019     
   6.1270000000000424       -58.716242929066553       0.52668701598593992     
   6.1280000000000427       -58.725723822353757       0.52674558328062959     
   6.1290000000000431       -58.735205770531209       0.52680422629342838     
   6.1300000000000434       -58.744688774958966       0.52686294469654005     
   6.1310000000000437       -58.754172837000112       0.52692173892196248     
   6.1320000000000441       -58.763657958021092       0.52698060914979361     
   6.1330000000000444       -58.773144139391469       0.52703955556050797     
   6.1340000000000447       -58.782631382484404       0.52709857833494900     
   6.1350000000000451       -58.792119688675967       0.52715767765436017     
   6.1360000000000454       -58.801609059345580       0.52721685370034399     
   6.1370000000000458       -58.811099495875723       0.52727610665490376     
   6.1380000000000461       -58.820590999652836       0.52733543670041250     
   6.1390000000000464       -58.830083572065902       0.52739484401963932     
   6.1400000000000468       -58.839577214507628       0.52745432879573584     
   6.1410000000000471       -58.849071928373874       0.52751389121224201     
   6.1420000000000474       -58.858567715063650       0.52757353145307906     
   6.1430000000000478       -58.868064575979737       0.52763324970257308     
   6.1440000000000481       -58.877562512527703       0.52769304614544132     
   6.1450000000000484       -58.887061526116817       0.52775292096677218     
   6.1460000000000488       -58.896561618159744       0.52781287435206758     
   6.1470000000000491       -58.906062790071836       0.52787290648723484     
   6.1480000000000494       -58.915565043272736       0.52793301755856215     
   6.1490000000000498       -58.925068379184665       0.52799320775273584     
   6.1500000000000501       -58.934572799233834       0.52805347725685148     
   6.1510000000000504       -58.944078304849100       0.52811382625840220     
   6.1520000000000508       -58.953584897463458       0.52817425494528114     
   6.1530000000000511       -58.963092578512587       0.52823476350580056     
   6.1540000000000514       -58.972601349436282       0.52829535212865919     
   6.1550000000000518       -58.982111211677150       0.52835602100297618     
   6.1560000000000521       -58.991622166681488       0.52841677031827272     
   6.1570000000000524       -59.001134215899071       0.52847760026447854     
   6.1580000000000528       -59.010647360782656       0.52853851103194271     
   6.1590000000000531       -59.020161602788846       0.52859950281141554     
   6.1600000000000534       -59.029676943377858       0.52866057579407544     
   6.1610000000000538       -59.039193384012698       0.52872173017151514     
   6.1620000000000541       -59.048710926160361       0.52878296613573117     
   6.1630000000000544       -59.058229571291271       0.52884428387915072     
   6.1640000000000548       -59.067749320879031       0.52890568359462620     
   6.1650000000000551       -59.077270176400809       0.52896716547541023     
   6.1660000000000554       -59.086792139337618       0.52902872971520853     
   6.1670000000000558       -59.096315211173341       0.52909037650812563     
   6.1680000000000561       -59.105839393395854       0.52915210604870433     
   6.1690000000000564       -59.115364687496296       0.52921391853191291     
   6.1700000000000568       -59.124891094969442       0.52927581415315883     
   6.1710000000000571       -59.134418617313564       0.52933779310826146     
   6.1720000000000574       -59.143947256030316       0.52939985559349312     
   6.1730000000000578       -59.153477012625260       0.52946200180553882     
   6.1740000000000581       -59.163007888606870       0.52952423194154019     
   6.1750000000000584       -59.172539885488042       0.52958654619906431     
   6.1760000000000588       -59.182073004784399       0.52964894477611368     
   6.1770000000000591       -59.191607248015337       0.52971142787115388     
   6.1780000000000594       -59.201142616704345       0.52977399568305650     
   6.1790000000000598       -59.210679112377917       0.52983664841115929     
   6.1800000000000601       -59.220216736566471       0.52989938625525346     
   6.1810000000000604       -59.229755490803782       0.52996220941554972     
   6.1820000000000608       -59.239295376627418       0.53002511809273178     
   6.1830000000000611       -59.248836395578337       0.53008811248792309     
   6.1840000000000614       -59.258378549201467       0.53015119280269696     
   6.1850000000000618       -59.267921839045059       0.53021435923908522     
   6.1860000000000621       -59.277466266661314       0.53027761199957202     
   6.1870000000000624       -59.287011833605618       0.53034095128709380     
   6.1880000000000628       -59.296558541437591       0.53040437730506007     
   6.1890000000000631       -59.306106391719815       0.53046789025732266     
   6.1900000000000635       -59.315655386019316       0.53053149034820235     
   6.1910000000000638       -59.325205525906320       0.53059517778248799     
   6.1920000000000641       -59.334756812954737       0.53065895276542829     
   6.1930000000000645       -59.344309248742491       0.53072281550274092     
   6.1940000000000648       -59.353862834850773       0.53078676620060361     
   6.1950000000000651       -59.363417572864847       0.53085080506568372     
   6.1960000000000655       -59.372973464373828       0.53091493230509335     
   6.1970000000000658       -59.382530510970014       0.53097914812644553     
   6.1980000000000661       -59.392088714249880       0.53104345273781461     
   6.1990000000000665       -59.401648075813497       0.53110784634775132     
   6.2000000000000668       -59.411208597264491       0.53117232916529511     
   6.2010000000000671       -59.420770280211045       0.53123690139995139     
   6.2020000000000675       -59.430333126264046       0.53130156326171862     
   6.2030000000000678       -59.439897137038727       0.53136631496108266     
   6.2040000000000681       -59.449462314154374       0.53143115670901031     
   6.2050000000000685       -59.459028659233475       0.53149608871695131     
   6.2060000000000688       -59.468596173902782       0.53156111119685412     
   6.2070000000000691       -59.478164859792649       0.53162622436115980     
   6.2080000000000695       -59.487734718537219       0.53169142842278960     
   6.2090000000000698       -59.497305751774725       0.53175672359517945     
   6.2100000000000701       -59.506877961146991       0.53182211009224867     
   6.2110000000000705       -59.516451348299853       0.53188758812841730     
   6.2120000000000708       -59.526025914882801       0.53195315791861764     
   6.2130000000000711       -59.535601662549539       0.53201881967826969     
   6.2140000000000715       -59.545178592957406       0.53208457362330419     
   6.2150000000000718       -59.554756707767503       0.53215041997017209     
   6.2160000000000721       -59.564336008645270       0.53221635893580765     
   6.2170000000000725       -59.573916497259802       0.53228239073767836     
   6.2180000000000728       -59.583498175283850       0.53234851559375140     
   6.2190000000000731       -59.593081044394552       0.53241473372251269     
   6.2200000000000735       -59.602665106272894       0.53248104534296525     
   6.2210000000000738       -59.612250362603355       0.53254745067463893     
   6.2220000000000741       -59.621836815075127       0.53261394993756239     
   6.2230000000000745       -59.631424465380519       0.53268054335230497     
   6.2240000000000748       -59.641013315216718       0.53274723113996258     
   6.2250000000000751       -59.650603366284088       0.53281401352214952     
   6.2260000000000755       -59.660194620287520       0.53288089072100009     
   6.2270000000000758       -59.669787078935450       0.53294786295920871     
   6.2280000000000761       -59.679380743940968       0.53301493045996928     
   6.2290000000000765       -59.688975617020617       0.53308209344703328     
   6.2300000000000768       -59.698571699895368       0.53314935214467729     
   6.2310000000000771       -59.708168994289572       0.53321670677772515     
   6.2320000000000775       -59.717767501932357       0.53328415757153436     
   6.2330000000000778       -59.727367224556836       0.53335170475201121     
   6.2340000000000781       -59.736968163899739       0.53341934854560324     
   6.2350000000000785       -59.746570321702450       0.53348708947442836     
   6.2360000000000788       -59.756173699709706       0.53355492717936182     
   6.2370000000000791       -59.765778299671155       0.53362286218009636     
   6.2380000000000795       -59.775384123340061       0.53369089470529740     
   6.2390000000000798       -59.784991172473710       0.53375902498417227     
   6.2400000000000801       -59.794599448833978       0.53382725324649272     
   6.2410000000000805       -59.804208954186656       0.53389557972259105     
   6.2420000000000808       -59.813819690301706       0.53396400464334626     
   6.2430000000000812       -59.823431658952927       0.53403252824023950     
   6.2440000000000815       -59.833044861918829       0.53410115074528475     
   6.2450000000000818       -59.842659300981737       0.53416987239107483     
   6.2460000000000822       -59.852274977928509       0.53423869341077390     
   6.2470000000000825       -59.861891894549707       0.53430761403812665     
   6.2480000000000828       -59.871510052640353       0.53437663450747630     
   6.2490000000000832       -59.881129454000423       0.53444575505369052     
   6.2500000000000835       -59.890750100432186       0.53451497591226271     
   6.2510000000000838       -59.900371993744216       0.53458429731925716     
   6.2520000000000842       -59.909995135748211       0.53465371951131813     
   6.2530000000000845       -59.919619528260853       0.53472324272568117     
   6.2540000000000848       -59.929245173102260       0.53479286720019281     
   6.2550000000000852       -59.938872072097340       0.53486259317324947     
   6.2560000000000855       -59.948500227075343       0.53493242088388349     
   6.2570000000000858       -59.958129639869597       0.53500235057170797     
   6.2580000000000862       -59.967760312317822       0.53507238247694100     
   6.2590000000000865       -59.977392246262141       0.53514251684039305     
   6.2600000000000868       -59.987025443549200       0.53521275390349921     
   6.2610000000000872       -59.996659906029429       0.53528309390828654     
   6.2620000000000875       -60.006295635558004       0.53535353709740030     
   6.2630000000000878       -60.015932633994709       0.53542408371408934     
   6.2640000000000882       -60.025570903203217       0.53549473400223280     
   6.2650000000000885       -60.035210445051824       0.53556548820631689     
   6.2660000000000888       -60.044851261413427       0.53563634657145542     
   6.2670000000000892       -60.054493354164791       0.53570730934337896     
   6.2680000000000895       -60.064136725187517       0.53577837676844409     
   6.2690000000000898       -60.073781376367890       0.53584954909363658     
   6.2700000000000902       -60.083427309596004       0.53592082656658002     
   6.2710000000000905       -60.093074526766856       0.53599220943553338     
   6.2720000000000908       -60.102723029780115       0.53606369794936215     
   6.2730000000000912       -60.112372820538923       0.53613529235761548     
   6.2740000000000915       -60.122023900952641       0.53620699291044971     
   6.2750000000000918       -60.131676272933134       0.53627879985868487     
   6.2760000000000922       -60.141329938398286       0.53635071345377905     
   6.2770000000000925       -60.150984899270171       0.53642273394784024     
   6.2780000000000928       -60.160641157474849       0.53649486159363591     
   6.2790000000000932       -60.170298714943641       0.53656709664457736     
   6.2800000000000935       -60.179957573611759       0.53663943935474401     
   6.2810000000000938       -60.189617735419702       0.53671188997887520     
   6.2820000000000942       -60.199279202312113       0.53678444877236986     
   6.2830000000000945       -60.208941976238386       0.53685711599128938     
   6.2840000000000948       -60.218606059152251       0.53692989189237850     
   6.2850000000000952       -60.228271453012624       0.53700277673304608     
   6.2860000000000955       -60.237938159782630       0.53707577077137092     
   6.2870000000000958       -60.247606181430143       0.53714887426611324     
   6.2880000000000962       -60.257275519927418       0.53722208747673039     
   6.2890000000000965       -60.266946177252322       0.53729541066333675     
   6.2900000000000968       -60.276618155386203       0.53736884408674801     
   6.2910000000000972       -60.286291456316086       0.53744238800846644     
   6.2920000000000975       -60.295966082032933       0.53751604269069386     
   6.2930000000000978       -60.305642034533001       0.53758980839632009     
   6.2940000000000982       -60.315319315817241       0.53766368538894349     
   6.2950000000000985       -60.324997927890848       0.53773767393284611     
   6.2960000000000989       -60.334677872764360       0.53781177429303373     
   6.2970000000000992       -60.344359152452697       0.53788598673521559     
   6.2980000000000995       -60.354041768975932       0.53796031152580148     
   6.2990000000000999       -60.363725724358702       0.53803474893193248     
   6.3000000000001002       -60.373411020630328       0.53810929922145134     
   6.3010000000001005       -60.383097659825324       0.53818396266293589     
   6.3020000000001009       -60.392785643982506       0.53825873952567704     
   6.3030000000001012       -60.402474975146404       0.53833363007969615     
   6.3040000000001015       -60.412165655365605       0.53840863459574650     
   6.3050000000001019       -60.421857686693826       0.53848375334531839     
   6.3060000000001022       -60.431551071190100       0.53855898660062385     
   6.3070000000001025       -60.441245810917330       0.53863433463463428     
   6.3080000000001029       -60.450941907944475       0.53870979772105443     
   6.3090000000001032       -60.460639364344871       0.53878537613433575     
   6.3100000000001035       -60.470338182196663       0.53886107014968243     
   6.3110000000001039       -60.480038363583581       0.53893688004305340     
   6.3120000000001042       -60.489739910593599       0.53901280609116098     
   6.3130000000001045       -60.499442825320031       0.53908884857147854     
   6.3140000000001049       -60.509147109861317       0.53916500776224241     
   6.3150000000001052       -60.518852766320556       0.53924128394246806     
   6.3160000000001055       -60.528559796806299       0.53931767739191860     
   6.3170000000001059       -60.538268203431649       0.53939418872090927     
   6.3180000000001062       -60.547977988315345       0.53947081755577675     
   6.3190000000001065       -60.557689153580512       0.53954756450393226     
   6.3200000000001069       -60.567401701356147       0.53962442984826997     
   6.3210000000001072       -60.577115633775662       0.53970141387247295     
   6.3220000000001075       -60.586830952977877       0.53977851686101186     
   6.3230000000001079       -60.596547661106996       0.53985573909917595     
   6.3240000000001082       -60.606265760311658       0.53993308087302339     
   6.3250000000001085       -60.615985252746206       0.54001054246943470     
   6.3260000000001089       -60.625706140570408       0.54008812417608942     
   6.3270000000001092       -60.635428425948326       0.54016582628148213     
   6.3280000000001095       -60.645152111049988       0.54024364907493194     
   6.3290000000001099       -60.654877198050620       0.54032159284654335     
   6.3300000000001102       -60.664603689129905       0.54039965788728628     
   6.3310000000001105       -60.674331586473727       0.54047784448891811     
   6.3320000000001109       -60.684060892272761       0.54055615294406234     
   6.3330000000001112       -60.693791608722719       0.54063458354613958     
   6.3340000000001115       -60.703523738025297       0.54071313658944187     
   6.3350000000001119       -60.713257282386962       0.54079181236906793     
   6.3360000000001122       -60.722992244019451       0.54087061118099045     
   6.3370000000001125       -60.732728625140183       0.54094953332203677     
   6.3380000000001129       -60.742466427971820       0.54102857908985313     
   6.3390000000001132       -60.752205654742227       0.54110774878297851     
   6.3400000000001135       -60.761946307684667       0.54118704270079221     
   6.3410000000001139       -60.771688389038054       0.54126646114354937     
   6.3420000000001142       -60.781431901046609       0.54134600441237268     
   6.3430000000001145       -60.791176845959619       0.54142567280926734     
   6.3440000000001149       -60.800923226032367       0.54150546663710453     
   6.3450000000001152       -60.810671043525154       0.54158538619964047     
   6.3460000000001155       -60.820420300704299       0.54166543180152937     
   6.3470000000001159       -60.830170999840803       0.54174560374829439     
   6.3480000000001162       -60.839923143212111       0.54182590234640027     
   6.3490000000001166       -60.849676733100083       0.54190632790314996     
   6.3500000000001169       -60.859431771793375       0.54198688072679846     
   6.3510000000001172       -60.869188261585350       0.54206756112648447     
   6.3520000000001176       -60.878946204775019       0.54214836941227751     
   6.3530000000001179       -60.888705603667383       0.54222930589515050     
   6.3540000000001182       -60.898466460572486       0.54231037088701672     
   6.3550000000001186       -60.908228777806478       0.54239156470069405     
   6.3560000000001189       -60.917992557691051       0.54247288764994384     
   6.3570000000001192       -60.927757802553373       0.54255434004946990     
   6.3580000000001196       -60.937524514726533       0.54263592221489876     
   6.3590000000001199       -60.947292696548843       0.54271763446281673     
   6.3600000000001202       -60.957062350364978       0.54279947711076659     
   6.3610000000001206       -60.966833478525004       0.54288145047722858     
   6.3620000000001209       -60.976606083384581       0.54296355488165660     
   6.3630000000001212       -60.986380167305043       0.54304579064444980     
   6.3640000000001216       -60.996155732654145       0.54312815808700865     
   6.3650000000001219       -61.005932781805015       0.54321065753167597     
   6.3660000000001222       -61.015711317136464       0.54329328930179921     
   6.3670000000001226       -61.025491341033330       0.54337605372169329     
   6.3680000000001229       -61.035272855885950       0.54345895111666631     
   6.3690000000001232       -61.045055864091239       0.54354198181301960     
   6.3700000000001236       -61.054840368051266       0.54362514613806723     
   6.3710000000001239       -61.064626370174416       0.54370844442010935     
   6.3720000000001242       -61.074413872874914       0.54379187698847042     
   6.3730000000001246       -61.084202878572874       0.54387544417347311     
   6.3740000000001249       -61.093993389694440       0.54395914630647746     
   6.3750000000001252       -61.103785408671349       0.54404298371985482     
   6.3760000000001256       -61.113578937942080       0.54412695674702227     
   6.3770000000001259       -61.123373979950358       0.54421106572241851     
   6.3780000000001262       -61.133170537146412       0.54429531098152895     
   6.3790000000001266       -61.142968611986362       0.54437969286088839     
   6.3800000000001269       -61.152768206932691       0.54446421169808101     
   6.3810000000001272       -61.162569324453102       0.54454886783175338     
   6.3820000000001276       -61.172371967022329       0.54463366160160787     
   6.3830000000001279       -61.182176137121012       0.54471859334841521     
   6.3840000000001282       -61.191981837235616       0.54480366377823541     
   6.3850000000001286       -61.201789069859068       0.54488887251121765     
   6.3860000000001289       -61.211597837490288       0.54497422025004394     
   6.3870000000001292       -61.221408142634672       0.54505970733982312     
   6.3880000000001296       -61.231219987803328       0.54514533412675692     
   6.3890000000001299       -61.241033375514192       0.54523110095816296     
   6.3900000000001302       -61.250848308291175       0.54531700818245166     
   6.3910000000001306       -61.260664788664442       0.54540305614915940     
   6.3920000000001309       -61.270482819170454       0.54548924520893904     
   6.3930000000001312       -61.280302402352191       0.54557557571357684     
   6.3940000000001316       -61.290123540758664       0.54566204801598750     
   6.3950000000001319       -61.299946236945473       0.54574866247022624     
   6.3960000000001322       -61.309770493474723       0.54583541943149205     
   6.3970000000001326       -61.319596312914712       0.54592231925613910     
   6.3980000000001329       -61.329423697839850       0.54600936230167485     
   6.3990000000001332       -61.339252650831767       0.54609654892677462     
   6.4000000000001336       -61.349083174477940       0.54618387949128988     
   6.4010000000001339       -61.358915271372560       0.54627135435623120     
   6.4020000000001342       -61.368748944116248       0.54635897388381105     
   6.4030000000001346       -61.378584195316229       0.54644673843743297     
   6.4040000000001349       -61.388421027586190       0.54653464838168375     
   6.4050000000001353       -61.398259443546735       0.54662270408235691     
   6.4060000000001356       -61.408099445824604       0.54671090590645877     
   6.4070000000001359       -61.417941037053005       0.54679925422222353     
   6.4080000000001363       -61.427784219872635       0.54688774939908447     
   6.4090000000001366       -61.437628996930023       0.54697639180772561     
   6.4100000000001369       -61.447475370878912       0.54706518182006070     
   6.4110000000001373       -61.457323344379198       0.54715411980925177     
   6.4120000000001376       -61.467172920098221       0.54724320614970567     
   6.4130000000001379       -61.477024100709201       0.54733244121708902     
   6.4140000000001383       -61.486876888893207       0.54742182538833695     
   6.4150000000001386       -61.496731287337148       0.54751135904165693     
   6.4160000000001389       -61.506587298735070       0.54760104255653419     
   6.4170000000001393       -61.516444925788171       0.54769087631374114     
   6.4180000000001396       -61.526304171203968       0.54778086069535115     
   6.4190000000001399       -61.536165037697515       0.54787099608472511     
   6.4200000000001403       -61.546027527990020       0.54796128286654899     
   6.4210000000001406       -61.555891644810103       0.54805172142682090     
   6.4220000000001409       -61.565757390893410       0.54814231215285547     
   6.4230000000001413       -61.575624768982493       0.54823305543330092     
   6.4240000000001416       -61.585493781826635       0.54832395165816339     
   6.4250000000001419       -61.595364432182407       0.54841500121877995     
   6.4260000000001423       -61.605236722813501       0.54850620450783749     
   6.4270000000001426       -61.615110656490373       0.54859756191940279     
   6.4280000000001429       -61.624986235990939       0.54868907384890764     
   6.4290000000001433       -61.634863464100192       0.54878074069315563     
   6.4300000000001436       -61.644742343609813       0.54887256285035957     
   6.4310000000001439       -61.654622877319447       0.54896454072009859     
   6.4320000000001443       -61.664505068035417       0.54905667470337638     
   6.4330000000001446       -61.674388918571253       0.54914896520260570     
   6.4340000000001449       -61.684274431747895       0.54924141262162296     
   6.4350000000001453       -61.694161610393671       0.54933401736567111     
   6.4360000000001456       -61.704050457344060       0.54942677984146848     
   6.4370000000001459       -61.713940975441794       0.54951970045715437     
   6.4380000000001463       -61.723833167537443       0.54961278001214131     
   6.4390000000001466       -61.733727036487984       0.54970601814458420     
   6.4400000000001469       -61.743622585158981       0.54979941565022217     
   6.4410000000001473       -61.753519816422560       0.54989297294311101     
   6.4420000000001476       -61.763418733158787       0.54998669043873061     
   6.4430000000001479       -61.773319338254979       0.55008056855411114     
   6.4440000000001483       -61.783221634605916       0.55017460770777438     
   6.4450000000001486       -61.793125625114399       0.55026880831975311     
   6.4460000000001489       -61.803031312690415       0.55036317081161812     
   6.4470000000001493       -61.812938700251443       0.55045769560645674     
   6.4480000000001496       -61.822847790722804       0.55055238312896093     
   6.4490000000001499       -61.832758587037240       0.55064723380530312     
   6.4500000000001503       -61.842671092135937       0.55074224806325633     
   6.4510000000001506       -61.852585308966610       0.55083742633218380     
   6.4520000000001509       -61.862501240485813       0.55093276904301036     
   6.4530000000001513       -61.872418889656998       0.55102827662826737     
   6.4540000000001516       -61.882338259452155       0.55112394952208454     
   6.4550000000001519       -61.892259352850630       0.55121978816021677     
   6.4560000000001523       -61.902182172839751       0.55131579298003475     
   6.4570000000001526       -61.912106722414457       0.55141196442055096     
   6.4580000000001530       -61.922033004578310       0.55150830292241559     
   6.4590000000001533       -61.931961022342257       0.55160480892794639     
   6.4600000000001536       -61.941890778725323       0.55170148288112597     
   6.4610000000001540       -61.951822276754442       0.55179832522760597     
   6.4620000000001543       -61.961755519465001       0.55189533641473532     
   6.4630000000001546       -61.971690509900192       0.55199251689155959     
   6.4640000000001550       -61.981627251110801       0.55208986710883390     
   6.4650000000001553       -61.991565746156844       0.55218738751903773     
   6.4660000000001556       -62.001505998105465       0.55228507857638187     
   6.4670000000001560       -62.011448010032794       0.55238294073681393     
   6.4680000000001563       -62.021391785022203       0.55248097445804933     
   6.4690000000001566       -62.031337326166572       0.55257918019955921     
   6.4700000000001570       -62.041284636566090       0.55267755842260058     
   6.4710000000001573       -62.051233719329723       0.55277610959020973     
   6.4720000000001576       -62.061184577574458       0.55287483416723693     
   6.4730000000001580       -62.071137214426017       0.55297373262034311     
   6.4740000000001583       -62.081091633018225       0.55307280541800963     
   6.4750000000001586       -62.091047836493935       0.55317205303055572     
   6.4760000000001590       -62.101005828003601       0.55327147593015302     
   6.4770000000001593       -62.110965610706934       0.55337107459083945     
   6.4780000000001596       -62.120927187771684       0.55347084948851399     
   6.4790000000001600       -62.130890562374653       0.55357080110098478     
   6.4800000000001603       -62.140855737701017       0.55367092990793720     
   6.4810000000001606       -62.150822716944489       0.55377123639098180     
   6.4820000000001610       -62.160791503307564       0.55387172103365390     
   6.4830000000001613       -62.170762100001568       0.55397238432142593     
   6.4840000000001616       -62.180734510246381       0.55407322716053597     
   6.4850000000001620       -62.190708737271095       0.55417424921070646     
   6.4860000000001623       -62.200684784313253       0.55427545137431045     
   6.4870000000001626       -62.210662654619128       0.55437683414472638     
   6.4880000000001630       -62.220642351444106       0.55447839801731491     
   6.4890000000001633       -62.230623878052469       0.55458014348946860     
   6.4900000000001636       -62.240607237717875       0.55468207106061440     
   6.4910000000001640       -62.250592433722346       0.55478418123222162     
   6.4920000000001643       -62.260579469357310       0.55488647450782880     
   6.4930000000001646       -62.270568347922982       0.55498895139304194     
   6.4940000000001650       -62.280559072729126       0.55509161239556759     
   6.4950000000001653       -62.290551647094489       0.55519445802521628     
   6.4960000000001656       -62.300546074346791       0.55529748879391361     
   6.4970000000001660       -62.310542357823195       0.55540070521573015     
   6.4980000000001663       -62.320540500870095       0.55550410780688064     
   6.4990000000001666       -62.330540506843306       0.55560769708574742     
   6.5000000000001670       -62.340542379107902       0.55571147357289341     
   6.5010000000001673       -62.350546121038327       0.55581543779108611     
   6.5020000000001676       -62.360551736018166       0.55591959026529358     
   6.5030000000001680       -62.370559227441049       0.55602393152272511     
   6.5040000000001683       -62.380568598709864       0.55612846209282218     
   6.5050000000001686       -62.390579853237092       0.55623318250730081     
   6.5060000000001690       -62.400592994444558       0.55633809330015338     
   6.5070000000001693       -62.410608025763963       0.55644319500765171     
   6.5080000000001696       -62.420624950636494       0.55654848816839353     
   6.5090000000001700       -62.430643772513520       0.55665397332329702     
   6.5100000000001703       -62.440664494855426       0.55675965101563585     
   6.5110000000001707       -62.450687121133100       0.55686552179102566     
   6.5120000000001710       -62.460711654826802       0.55697158619748377     
   6.5130000000001713       -62.470738099426868       0.55707784478540934     
   6.5140000000001717       -62.480766458433649       0.55718429810763170     
   6.5150000000001720       -62.490796735357257       0.55729094671939372     
   6.5160000000001723       -62.500828933718026       0.55739779117839938     
   6.5170000000001727       -62.510863057046045       0.55750483204482626     
   6.5180000000001730       -62.520899108881842       0.55761206988133627     
   6.5190000000001733       -62.530937092776199       0.55771950525309244     
   6.5200000000001737       -62.540977012289559       0.55782713872779810     
   6.5210000000001740       -62.551018870992799       0.55793497087568955     
   6.5220000000001743       -62.561062672467585       0.55804300270681184     
   6.5230000000001747       -62.571108420305336       0.55815123393116306     
   6.5240000000001750       -62.581156118107870       0.55825966555508177     
   6.5250000000001753       -62.591205769488027       0.55836829815918310     
   6.5260000000001757       -62.601257378068283       0.55847713232673390     
   6.5270000000001760       -62.611310947482337       0.55858616864365829     
   6.5280000000001763       -62.621366481373812       0.55869540769858461     
   6.5290000000001767       -62.631423983397980       0.55880485008281078     
   6.5300000000001770       -62.641483457219394       0.55891449639040447     
   6.5310000000001773       -62.651544906514502       0.55902434721814731     
   6.5320000000001777       -62.661608334969699       0.55913440316561180     
   6.5330000000001780       -62.671673746282963       0.55924466483514479     
   6.5340000000001783       -62.681741144162558       0.55935513283193306     
   6.5350000000001787       -62.691810532327601       0.55946580776395705     
   6.5360000000001790       -62.701881914508981       0.55957669024211276     
   6.5370000000001793       -62.711955294447542       0.55968778088012550     
   6.5380000000001797       -62.722030675895923       0.55979908029465386     
   6.5390000000001800       -62.732108062617741       0.55991058910526637     
   6.5400000000001803       -62.742187458387754       0.56002230793450614     
   6.5410000000001807       -62.752268866991834       0.56013423740787038     
   6.5420000000001810       -62.762352292227021       0.56024637815387213     
   6.5430000000001813       -62.772437737902173       0.56035873080402399     
   6.5440000000001817       -62.782525207837189       0.56047129599290824     
   6.5450000000001820       -62.792614705863748       0.56058407435817570     
   6.5460000000001823       -62.802706235824473       0.56069706654057083     
   6.5470000000001827       -62.812799801574073       0.56081027318396304     
   6.5480000000001830       -62.822895406978539       0.56092369493537442     
   6.5490000000001833       -62.832993055915686       0.56103733244499066     
   6.5500000000001837       -62.843092752275091       0.56115118636621819     
   6.5510000000001840       -62.853194499958192       0.56126525735567234     
   6.5520000000001843       -62.863298302877865       0.56137954607324647     
   6.5530000000001847       -62.873404164959425       0.56149405318210388     
   6.5540000000001850       -62.883512090139995       0.56160877934869391     
   6.5550000000001853       -62.893622082368267       0.56172372570009610     
   6.5560000000001857       -62.903734145605839       0.56183889200534209     
   6.5570000000001860       -62.913848283825693       0.56195427938813580     
   6.5580000000001863       -62.923964501013458       0.56206988852848716     
   6.5590000000001867       -62.934082801167008       0.56218572010985934     
   6.5600000000001870       -62.944203188296356       0.56230177481918642     
   6.5610000000001873       -62.954325666424097       0.56241805334691564     
   6.5620000000001877       -62.964450239585204       0.56253455638705285     
   6.5630000000001880       -62.974576911827093       0.56265128463716441     
   6.5640000000001884       -62.984705687209903       0.56276823879841886     
   6.5650000000001887       -62.994836569806353       0.56288541957563654     
   6.5660000000001890       -63.004969563702119       0.56300282767728838     
   6.5670000000001894       -63.015104672995108       0.56312046381556380     
   6.5680000000001897       -63.025241901796626       0.56323832870636792     
   6.5690000000001900       -63.035381254230622       0.56335642306938316     
   6.5700000000001904       -63.045522734434144       0.56347474762808281     
   6.5710000000001907       -63.055666346557217       0.56359330310978561     
   6.5720000000001910       -63.065812094763302       0.56371209024566371     
   6.5730000000001914       -63.075959983228515       0.56383110977079864     
   6.5740000000001917       -63.086110016142506       0.56395036242420937     
   6.5750000000001920       -63.096262197708505       0.56406984894888290     
   6.5760000000001924       -63.106416532142681       0.56418957009181925     
   6.5770000000001927       -63.116573023674860       0.56430952660406419     
   6.5780000000001930       -63.126731676548758       0.56442971924073737     
   6.5790000000001934       -63.136892495021421       0.56455014876108289     
   6.5800000000001937       -63.147055483363481       0.56467081592849688     
   6.5810000000001940       -63.157220645859773       0.56479172151058399     
   6.5820000000001944       -63.167387986808286       0.56491286627916137     
   6.5830000000001947       -63.177557510521581       0.56503425101033500     
   6.5840000000001950       -63.187729221326165       0.56515587696467462     
   6.5850000000001954       -63.197903123562241       0.56527774397837527     
   6.5860000000001957       -63.208079221584555       0.56539985330930365     
   6.5870000000001960       -63.218257519761934       0.56552220575106260     
   6.5880000000001964       -63.228438022477469       0.56564480210172596     
   6.5890000000001967       -63.238620734128887       0.56576764316389516     
   6.5900000000001970       -63.248805659128244       0.56589072974473176     
   6.5910000000001974       -63.258992801902046       0.56601406265598653     
   6.5920000000001977       -63.269182166891667       0.56613764271408551     
   6.5930000000001980       -63.279373758553270       0.56626147074012134     
   6.5940000000001984       -63.289567581357588       0.56638554755995152     
   6.5950000000001987       -63.299763639790399       0.56650987400419872     
   6.5960000000001990       -63.309961938352380       0.56663445090832021     
   6.5970000000001994       -63.320162481559464       0.56675927911266644     
   6.5980000000001997       -63.330365273942732       0.56688435946249738     
   6.5990000000002000       -63.340570320048414       0.56700969280802327     
   6.6000000000002004       -63.350777624438059       0.56713528000453906     
   6.6010000000002007       -63.360987191688757       0.56726112191236555     
   6.6020000000002010       -63.371199026393157       0.56738721939695547     
   6.6030000000002014       -63.381413133159555       0.56751357332894026     
   6.6040000000002017       -63.391629516611687       0.56764018458415733     
   6.6050000000002020       -63.401848181389447       0.56776705404375161     
   6.6060000000002024       -63.412069132148510       0.56789418259418567     
   6.6070000000002027       -63.422292373560509       0.56802157112728713     
   6.6080000000002030       -63.432517910313109       0.56814922054034456     
   6.6090000000002034       -63.442745747110450       0.56827713223349918     
   6.6100000000002037       -63.452975888672817       0.56840530613343310     
   6.6110000000002040       -63.463208339736610       0.56853374363870879     
   6.6120000000002044       -63.473443105055196       0.56866244566892055     
   6.6130000000002047       -63.483680189398534       0.56879141314940296     
   6.6140000000002050       -63.493919597552754       0.56892064701125122     
   6.6150000000002054       -63.504161334321410       0.56905014819142530     
   6.6160000000002057       -63.514405404524695       0.56917991763276854     
   6.6170000000002061       -63.524651812999608       0.56930995628409309     
   6.6180000000002064       -63.534900564600974       0.56944026510023660     
   6.6190000000002067       -63.545151664199942       0.56957084504214339     
   6.6200000000002071       -63.555405116685975       0.56970169707687512     
   6.6210000000002074       -63.565660926964846       0.56983282217775189     
   6.6220000000002077       -63.575919099961233       0.56996422132434832     
   6.6230000000002081       -63.586179640616592       0.57009589550261452     
   6.6240000000002084       -63.596442553890256       0.57022784570491514     
   6.6250000000002087       -63.606707844759548       0.57036007293009572     
   6.6260000000002091       -63.616975518220471       0.57049257818356791     
   6.6270000000002094       -63.627245579286452       0.57062536247738083     
   6.6280000000002097       -63.637518032989050       0.57075842683027578     
   6.6290000000002101       -63.647792884378880       0.57089177226778398     
   6.6300000000002104       -63.658070138524863       0.57102539982228329     
   6.6310000000002107       -63.668349800514036       0.57115931104593387     
   6.6320000000002111       -63.678631875452915       0.57129350597378448     
   6.6330000000002114       -63.688916368466877       0.57142798615803903     
   6.6340000000002117       -63.699203284699614       0.57156275265925638     
   6.6350000000002121       -63.709492629314745       0.57169780654524283     
   6.6360000000002124       -63.719784407494920       0.57183314889111614     
   6.6370000000002127       -63.730078624441951       0.57196878077940394     
   6.6380000000002131       -63.740375285377340       0.57210470330012853     
   6.6390000000002134       -63.750674395542546       0.57224091755087025     
   6.6400000000002137       -63.760975960198721       0.57237742463688301     
   6.6410000000002141       -63.771279984626830       0.57251422567115995     
   6.6420000000002144       -63.781586474128133       0.57265132177454037     
   6.6430000000002147       -63.791895434023772       0.57278871407578125     
   6.6440000000002151       -63.802206869655571       0.57292640371166437     
   6.6450000000002154       -63.812520786386372       0.57306439182707969     
   6.6460000000002157       -63.822837189598552       0.57320267957512783     
   6.6470000000002161       -63.833156084696398       0.57334126811720809     
   6.6480000000002164       -63.843477477104450       0.57348015862313428     
   6.6490000000002167       -63.853801372268947       0.57361935227120475     
   6.6500000000002171       -63.864127775656897       0.57375885024832918     
   6.6510000000002174       -63.874456692757008       0.57389865428486819     
   6.6520000000002177       -63.884788129079681       0.57403876453185410     
   6.6530000000002181       -63.895122090157038       0.57417918272176327     
   6.6540000000002184       -63.905458581542902       0.57431991007694938     
   6.6550000000002187       -63.915797608813421       0.57446094782892732     
   6.6560000000002191       -63.926139177566910       0.57460229721845080     
   6.6570000000002194       -63.936483293424033       0.57474395949561019     
   6.6580000000002197       -63.946829962028005       0.57488593591997672     
   6.6590000000002201       -63.957179189045242       0.57502822776072349     
   6.6600000000002204       -63.967530980164589       0.57517083629669719     
   6.6610000000002207       -63.977885341098016       0.57531376281659941     
   6.6620000000002211       -63.988242277581016       0.57545700861907223     
   6.6630000000002214       -63.998601795372593       0.57560057501282957     
   6.6640000000002217       -64.008963900255054       0.57574446331678331     
   6.6650000000002221       -64.019328598034917       0.57588867486018147     
   6.6660000000002224       -64.029695894542684       0.57603321098271887     
   6.6670000000002227       -64.040065795632557       0.57617807303470026     
   6.6680000000002231       -64.050438307183853       0.57632326291859615     
   6.6690000000002234       -64.060813435099959       0.57646878094077580     
   6.6700000000002237       -64.071191185309402       0.57661462900879212     
   6.6710000000002241       -64.081571563765507       0.57676080851672151     
   6.6720000000002244       -64.091954576446739       0.57690732086992025     
   6.6730000000002248       -64.102340229357353       0.57705416748521243     
   6.6740000000002251       -64.112728528526588       0.57720134979098414     
   6.6750000000002254       -64.123119480010033       0.57734886922740236     
   6.6760000000002258       -64.133513089889107       0.57749672724651113     
   6.6770000000002261       -64.143909364271437       0.57764492531241840     
   6.6780000000002264       -64.154308309291153       0.57779346490148120     
   6.6790000000002268       -64.164709931109073       0.57794234750238971     
   6.6800000000002271       -64.175114235913057       0.57809157461643634     
   6.6810000000002274       -64.185521229917867       0.57824114775761537     
   6.6820000000002278       -64.195930919365793       0.57839106845281107     
   6.6830000000002281       -64.206343310526620       0.57854133824199616     
   6.6840000000002284       -64.216758409698002       0.57869195923900352     
   6.6850000000002288       -64.227176223205788       0.57884293190832625     
   6.6860000000002291       -64.237596757404006       0.57899425837242835     
   6.6870000000002294       -64.248020018675504       0.57914594022542876     
   6.6880000000002298       -64.258446013431382       0.57929797907542502     
   6.6890000000002301       -64.268874748112438       0.57945037654472975     
   6.6900000000002304       -64.279306229188634       0.57960313427005028     
   6.6910000000002308       -64.289740463159319       0.57975625390270646     
   6.6920000000002311       -64.300177456553783       0.57990973710880611     
   6.6930000000002314       -64.310617215931742       0.58006358556951154     
   6.6940000000002318       -64.321059747882742       0.58021780098120890     
   6.6950000000002321       -64.331505059027464       0.58037238505575250     
   6.6960000000002324       -64.341953156017240       0.58052733952066915     
   6.6970000000002328       -64.352404045535238       0.58068266611941122     
   6.6980000000002331       -64.362857734295233       0.58083836718223314     
   6.6990000000002334       -64.373314229043487       0.58099444336434436     
   6.7000000000002338       -64.383773536558351       0.58115089700921607     
   6.7010000000002341       -64.394235663650292       0.58130772992634516     
   6.7020000000002344       -64.404700617162533       0.58146494394236758     
   6.7030000000002348       -64.415168403971705       0.58162254090129573     
   6.7040000000002351       -64.425639030987398       0.58178052266478597     
   6.7050000000002354       -64.436112505153019       0.58193889111240027     
   6.7060000000002358       -64.446588833446029       0.58209764814189890     
   6.7070000000002361       -64.457068022878190       0.58225679566948907     
   6.7080000000002364       -64.467550080495812       0.58241633563012252     
   6.7090000000002368       -64.478035013380378       0.58257626997781153     
   6.7100000000002371       -64.488522828648456       0.58273660125114279     
   6.7110000000002374       -64.499013533452825       0.58289733033400626     
   6.7120000000002378       -64.509507134981433       0.58305845978392812     
   6.7130000000002381       -64.520003640459763       0.58321999163409466     
   6.7140000000002384       -64.530503057149218       0.58338192793826127     
   6.7150000000002388       -64.541005392348580       0.58354427077109305     
   6.7160000000002391       -64.551510653394416       0.58370702222848569     
   6.7170000000002394       -64.562018847661065       0.58387018442791427     
   6.7180000000002398       -64.572529982561022       0.58403375950879044     
   6.7190000000002401       -64.583044065545579       0.58419774963279503     
   6.7200000000002404       -64.593561104105234       0.58436215698426164     
   6.7210000000002408       -64.604081105770021       0.58452698377054291     
   6.7220000000002411       -64.614604078109778       0.58469223280563343     
   6.7230000000002414       -64.625130028734844       0.58485790520096081     
   6.7240000000002418       -64.635658965296344       0.58502400379606934     
   6.7250000000002421       -64.646190895486527       0.58519053089431294     
   6.7260000000002425       -64.656725827039551       0.58535748882404781     
   6.7270000000002428       -64.667263767731413       0.58552487993905644     
   6.7280000000002431       -64.677804725380923       0.58569270661896033     
   6.7290000000002435       -64.688348707850025       0.58586097126972314     
   6.7300000000002438       -64.698895723044018       0.58602967632402991     
   6.7310000000002441       -64.709445778912126       0.58619882424179748     
   6.7320000000002445       -64.719998883448667       0.58636841751063207     
   6.7330000000002448       -64.730555044692366       0.58653845924844028     
   6.7340000000002451       -64.741114270727778       0.58670895082080798     
   6.7350000000002455       -64.751676569685586       0.58687989537920060     
   6.7360000000002458       -64.762241949742986       0.58705129552701496     
   6.7370000000002461       -64.772810419124170       0.58722315389785162     
   6.7380000000002465       -64.783381986101134       0.58739547315609808     
   6.7390000000002468       -64.793956658994347       0.58756825599746798     
   6.7400000000002471       -64.804534446172596       0.58774150514957391     
   6.7410000000002475       -64.815115356054520       0.58791522337253488     
   6.7420000000002478       -64.825699397108423       0.58808941405221893     
   6.7430000000002481       -64.836286577853528       0.58826407885629073     
   6.7440000000002485       -64.846876906859649       0.58843922121364567     
   6.7450000000002488       -64.857470392749264       0.58861484402050279     
   6.7460000000002491       -64.868067044196565       0.58879095020869776     
   6.7470000000002495       -64.878666869929248       0.58896754274638807     
   6.7480000000002498       -64.889269878728683       0.58914462463867801     
   6.7490000000002501       -64.899876079430612       0.58932219892841042     
   6.7500000000002505       -64.910485480925971       0.58950026869682870     
   6.7510000000002508       -64.921098092161373       0.58967883766657792     
   6.7520000000002511       -64.931713922140105       0.58985790782149661     
   6.7530000000002515       -64.942332979922710       0.59003748293828195     
   6.7540000000002518       -64.952955274627740       0.59021756625961730     
   6.7550000000002521       -64.963580815432408       0.59039816107051579     
   6.7560000000002525       -64.974209611573500       0.59057927069919836     
   6.7570000000002528       -64.984841672348082       0.59076089851792946     
   6.7580000000002531       -64.995477007114232       0.59094304794396180     
   6.7590000000002535       -65.006115625292153       0.59112572244039663     
   6.7600000000002538       -65.016757536364821       0.59130892614915831     
   6.7610000000002541       -65.027402749878803       0.59149266139462564     
   6.7620000000002545       -65.038051275444730       0.59167693238612562     
   6.7630000000002548       -65.048703122739113       0.59186174278000425     
   6.7640000000002551       -65.059358301504702       0.59204709628344154     
   6.7650000000002555       -65.070016821551178       0.59223299665555340     
   6.7660000000002558       -65.080678692756422       0.59241944770843658     
   6.7670000000002561       -65.091343925067733       0.59260645392947131     
   6.7680000000002565       -65.102012528502129       0.59279401802953291     
   6.7690000000002568       -65.112684513147798       0.59298214457800869     
   6.7700000000002571       -65.123359889165229       0.59317083761089562     
   6.7710000000002575       -65.134038666788115       0.59336010122322136     
   6.7720000000002578       -65.144720856324255       0.59354993957034030     
   6.7730000000002581       -65.155406468156642       0.59374035686933790     
   6.7740000000002585       -65.166095512745045       0.59393135802647445     
   6.7750000000002588       -65.176788000626914       0.59412294616723083     
   6.7760000000002591       -65.187483942418126       0.59431512629707661     
   6.7770000000002595       -65.198183348814965       0.59450790289425592     
   6.7780000000002598       -65.208886230594729       0.59470128050601523     
   6.7790000000002602       -65.219592598617211       0.59489526375031154     
   6.7800000000002605       -65.230302463826007       0.59508985731738351     
   6.7810000000002608       -65.241015837249904       0.59528506661931446     
   6.7820000000002612       -65.251732730004107       0.59548089523624292     
   6.7830000000002615       -65.262453153291290       0.59567734869992972     
   6.7840000000002618       -65.273177118403993       0.59587443200762480     
   6.7850000000002622       -65.283904636724969       0.59607215023795446     
   6.7860000000002625       -65.294635719729399       0.59627050855294061     
   6.7870000000002628       -65.305370378985998       0.59646951285100958     
   6.7880000000002632       -65.316108626158723       0.59666916720262886     
   6.7890000000002635       -65.326850473008463       0.59686947764841181     
   6.7900000000002638       -65.337595931394503       0.59707044970533607     
   6.7910000000002642       -65.348345013276500       0.59727208898471429     
   6.7920000000002645       -65.359097730715845       0.59747440182622902     
   6.7930000000002648       -65.369854095877258       0.59767739281180299     
   6.7940000000002652       -65.380614121031684       0.59788106844692179     
   6.7950000000002655       -65.391377818556549       0.59808543474553111     
   6.7960000000002658       -65.402145200939088       0.59829049782889165     
   6.7970000000002662       -65.412916280777338       0.59849626392840483     
   6.7980000000002665       -65.423691070782979       0.59870274005158031     
   6.7990000000002668       -65.434469583782558       0.59890993137425486     
   6.8000000000002672       -65.445251832719862       0.59911784510099697     
   6.8010000000002675       -65.456037830658801       0.59932648793467691     
   6.8020000000002678       -65.466827590784490       0.59953586670421666     
   6.8030000000002682       -65.477621126406660       0.59974598903765430     
   6.8040000000002685       -65.488418450961049       0.59995686073061882     
   6.8050000000002688       -65.499219578012585       0.60016848964119296     
   6.8060000000002692       -65.510024521257421       0.60038088313923366     
   6.8070000000002695       -65.520833294525801       0.60059404938623406     
   6.8080000000002698       -65.531645911784622       0.60080799479627534     
   6.8090000000002702       -65.542462387139963       0.60102272779366972     
   6.8100000000002705       -65.553282734840082       0.60123825635470296     
   6.8110000000002708       -65.564106969278541       0.60145458861866286     
   6.8120000000002712       -65.574935104996499       0.60167173357055526     
   6.8130000000002715       -65.585767156686700       0.60188969838187267     
   6.8140000000002718       -65.596603139195807       0.60210849234554764     
   6.8150000000002722       -65.607443067528180       0.60232812430441618     
   6.8160000000002725       -65.618286956848820       0.60254860396773269     
   6.8170000000002728       -65.629134822487373       0.60276993925866462     
   6.8180000000002732       -65.639986679941330       0.60299214023937409     
   6.8190000000002735       -65.650842544879708       0.60321521654890142     
   6.8200000000002738       -65.661702433147269       0.60343917872822161     
   6.8210000000002742       -65.672566360767973       0.60366403553167791     
   6.8220000000002745       -65.683434343948988       0.60388979790554209     
   6.8230000000002748       -65.694306399085718       0.60411647705214966     
   6.8240000000002752       -65.705182542765201       0.60434408249599469     
   6.8250000000002755       -65.716062791771037       0.60457262589276750     
   6.8260000000002758       -65.726947163087942       0.60480211854968347     
   6.8270000000002762       -65.737835673906957       0.60503257273420685     
   6.8280000000002765       -65.748728341629985       0.60526399898521366     
   6.8290000000002768       -65.759625183874434       0.60549641009360955     
   6.8300000000002772       -65.770526218480413       0.60572981919173652     
   6.8310000000002775       -65.781431463513854       0.60596423774922770     
   6.8320000000002779       -65.792340937274219       0.60619967948607612     
   6.8330000000002782       -65.803254658299608       0.60643615850749266     
   6.8340000000002785       -65.814172645372778       0.60667368730203208     
   6.8350000000002789       -65.825094917527778       0.60691228063597558     
   6.8360000000002792       -65.836021494057377       0.60715195371070285     
   6.8370000000002795       -65.846952394518311       0.60739272013787338     
   6.8380000000002799       -65.857887638740024       0.60763459586437629     
   6.8390000000002802       -65.868827246831287       0.60787759732947377     
   6.8400000000002805       -65.879771239188713       0.60812173939081471     
   6.8410000000002809       -65.890719636503889       0.60836703933090375     
   6.8420000000002812       -65.901672459772485       0.60861351499117644     
   6.8430000000002815       -65.912629730303081       0.60886118261994671     
   6.8440000000002819       -65.923591469725750       0.60911006170452697     
   6.8450000000002822       -65.934557700002387       0.60936016961356954     
   6.8460000000002825       -65.945528443435876       0.60961152622335057     
   6.8470000000002829       -65.956503722681347       0.60986415210096157     
   6.8480000000002832       -65.967483560756023       0.61011806631008569     
   6.8490000000002835       -65.978467981051551       0.61037329132771989     
   6.8500000000002839       -65.989457007345095       0.61062984757049887     
   6.8510000000002842       -66.000450663812529       0.61088775886785029     
   6.8520000000002845       -66.011448975040508       0.61114704710277379     
   6.8530000000002849       -66.022451966040933       0.61140773760279088     
   6.8540000000002852       -66.033459662264761       0.61166985384707484     
   6.8550000000002855       -66.044472089617159       0.61193342282388818     
   6.8560000000002859       -66.055489274472990       0.61219846975703485     
   6.8570000000002862       -66.066511243693796       0.61246502347822618     
   6.8580000000002865       -66.077538024644653       0.61273311112566897     
   6.8590000000002869       -66.088569645212516       0.61300276358104000     
   6.8600000000002872       -66.099606133826086       0.61327401009143978     
   6.8610000000002875       -66.110647519474895       0.61354688382317968     
   6.8620000000002879       -66.121693831731704       0.61382141704990190     
   6.8630000000002882       -66.132745100774500       0.61409764340758755     
   6.8640000000002885       -66.143801357410453       0.61437559987549994     
   6.8650000000002889       -66.154862633101061       0.61465532215589880     
   6.8660000000002892       -66.165928959988861       0.61493685025677380     
   6.8670000000002895       -66.177000370925398       0.61522022366510665     
   6.8680000000002899       -66.188076899501539       0.61550548361274926     
   6.8690000000002902       -66.199158580078418       0.61579267525767323     
   6.8700000000002905       -66.210245447822203       0.61608184354258422     
   6.8710000000002909       -66.221337538739135       0.61637303619332839     
   6.8720000000002912       -66.232434889714142       0.61666630312428428     
   6.8730000000002915       -66.243537538551209       0.61696169590576888     
   6.8740000000002919       -66.254645524017079       0.61725927065317943     
   6.8750000000002922       -66.265758885887280       0.61755908407615157     
   6.8760000000002925       -66.276877664996661       0.61786119643765458     
   6.8770000000002929       -66.288001903291502       0.61816567106187703     
   6.8780000000002932       -66.299131643887421       0.61847257456006210     
   6.8790000000002935       -66.310266931130400       0.61878197707861426     
   6.8800000000002939       -66.321407810662762       0.61909395257188693     
   6.8810000000002942       -66.332554329494897       0.61940857910269087     
   6.8820000000002945       -66.343706536081612       0.61972593917414032     
   6.8830000000002949       -66.354864480405340       0.62004612009705029     
   6.8840000000002952       -66.366028214066858       0.62036921439748083     
   6.8850000000002956       -66.377197790382141       0.62069532097579061     
   6.8860000000002959       -66.388373264490184       0.62102454281573527     
   6.8870000000002962       -66.399554693468460       0.62135699170862801     
   6.8880000000002966       -66.410742136459206       0.62169278684198492     
   6.8890000000002969       -66.421935654809715       0.62203205341016576     
   6.8900000000002972       -66.433135312224266       0.62237492754126411     
   6.8910000000002976       -66.444341174932120       0.62272155524955786     
   6.8920000000002979       -66.455553311873572       0.62307209190108592     
   6.8930000000002982       -66.466771794905029       0.62342670492341967     
   6.8940000000002986       -66.477996699027315       0.62378557723750783     
   6.8950000000002989       -66.489228102640269       0.62414890454122696     
   6.8960000000002992       -66.500466087826780       0.62451689997742177     
   6.8970000000002996       -66.511710740672527       0.62488979549285095     
   6.8980000000002999       -66.522962151625208       0.62526784498975096     
   6.8990000000003002       -66.534220415902766       0.62565132433283233     
   6.9000000000003006       -66.545485633955636       0.62604053966901885     
   6.9010000000003009       -66.556757911996783       0.62643582581005897     
   6.9020000000003012       -66.568037362609402       0.62683755662860752     
   6.9030000000003016       -66.579324105450297       0.62724614589971650     
   6.9040000000003019       -66.590618268066962       0.62766205785912454     
   6.9050000000003022       -66.601919986854824       0.62808581223643134     
   6.9060000000003026       -66.613229408187294       0.62851799986568713     
   6.9070000000003029       -66.624546689759825       0.62895929102916071     
   6.9080000000003032       -66.635872002203641       0.62941045588787681     
   6.9090000000003036       -66.647205531044861       0.62987238322689487     
   6.9100000000003039       -66.658547479107312       0.63034611151453546     
   6.9110000000003042       -66.669898069501500       0.63083286335077182     
   6.9120000000003046       -66.681257549394488       0.63133409865158729     
   6.9130000000003049       -66.692626194846284       0.63185158198175850     
   6.9140000000003052       -66.704004317139223       0.63238748149187340     
   6.9150000000003056       -66.715392271247012       0.63294451274290298     
   6.9160000000003059       -66.726790467481166       0.63352615255348477     
   6.9170000000003062       -66.738199388039916       0.63413698256497186     
   6.9180000000003066       -66.749619611488953       0.63478325009233316     
   6.9190000000003069       -66.761051850877877       0.63547387323123017     
   6.9200000000003072       -66.772497017210114       0.63622237906608659     
   6.9210000000003076       -66.783956335379528       0.63705116776104320     
   6.9220000000003079       -66.795431587167798       0.63800275306774146     
