   3.0000000000000000       -29.845953008892820       0.33314783784733648     
   2.9990000000000001       -29.839956355556396       0.33314697672698607     
   2.9980000000000002       -29.833959717752180       0.33314611205089961     
   2.9970000000000003       -29.827963095544195       0.33314524380822430     
   2.9960000000000004       -29.821966488996821       0.33314437198175328     
   2.9950000000000006       -29.815969898174700       0.33314349655420600     
   2.9940000000000007       -29.809973323142813       0.33314261750822571     
   2.9930000000000008       -29.803976763966467       0.33314173482636844     
   2.9920000000000009       -29.797980220711239       0.33314084849112391     
   2.9910000000000010       -29.791983693443076       0.33313995848489447     
   2.9900000000000011       -29.785987182228180       0.33313906479001187     
   2.9890000000000012       -29.779990687133139       0.33313816738871482     
   2.9880000000000013       -29.773994208224792       0.33313726626317119     
   2.9870000000000014       -29.767997745570366       0.33313636139546915     
   2.9860000000000015       -29.762001299237372       0.33313545276761458     
   2.9850000000000017       -29.756004869293676       0.33313454036152390     
   2.9840000000000018       -29.750008455807411       0.33313362415904535     
   2.9830000000000019       -29.744012058847115       0.33313270414193419     
   2.9820000000000020       -29.738015678481599       0.33313178029186535     
   2.9810000000000021       -29.732019314780029       0.33313085259043329     
   2.9800000000000022       -29.726022967811858       0.33312992101914551     
   2.9790000000000023       -29.720026637646953       0.33312898555943349     
   2.9780000000000024       -29.714030324355459       0.33312804619263137     
   2.9770000000000025       -29.708034028007855       0.33312710289159869     
   2.9760000000000026       -29.702037748674996       0.33312615565419507     
   2.9750000000000028       -29.696041486428054       0.33312520445321098     
   2.9740000000000029       -29.690045241338556       0.33312424926964429     
   2.9730000000000030       -29.684049013478351       0.33312329008440555     
   2.9720000000000031       -29.678052802919659       0.33312232687831356     
   2.9710000000000032       -29.672056609734980       0.33312135963211165     
   2.9700000000000033       -29.666060433997259       0.33312038832643859     
   2.9690000000000034       -29.660064275779732       0.33311941294186087     
   2.9680000000000035       -29.654068135155971       0.33311843345884340     
   2.9670000000000036       -29.648072012199918       0.33311744985777081     
   2.9660000000000037       -29.642075906985887       0.33311646211893453     
   2.9650000000000039       -29.636079819588574       0.33311547022252008     
   2.9640000000000040       -29.630083750082964       0.33311447414864559     
   2.9630000000000041       -29.624087698544415       0.33311347387732632     
   2.9620000000000042       -29.618091665048684       0.33311246938848527     
   2.9610000000000043       -29.612095649671861       0.33311146066195196     
   2.9600000000000044       -29.606099652490400       0.33311044767746700     
   2.9590000000000045       -29.600103673581135       0.33310943041467334     
   2.9580000000000046       -29.594107713021263       0.33310840885312409     
   2.9570000000000047       -29.588111770888339       0.33310738297227477     
   2.9560000000000048       -29.582115847260290       0.33310635275148631     
   2.9550000000000050       -29.576119942215431       0.33310531817001859     
   2.9540000000000051       -29.570124055832459       0.33310427920704405     
   2.9530000000000052       -29.564128188190409       0.33310323584163581     
   2.9520000000000053       -29.558132339368701       0.33310218805276792     
   2.9510000000000054       -29.552136509447163       0.33310113581932133     
   2.9500000000000055       -29.546140698505987       0.33310007912007206     
   2.9490000000000056       -29.540144906625773       0.33309901793369856     
   2.9480000000000057       -29.534149133887439       0.33309795223878436     
   2.9470000000000058       -29.528153380372355       0.33309688201381010     
   2.9460000000000059       -29.522157646162267       0.33309580723715665     
   2.9450000000000061       -29.516161931339269       0.33309472788710554     
   2.9440000000000062       -29.510166235985899       0.33309364394183549     
   2.9430000000000063       -29.504170560185056       0.33309255537942284     
   2.9420000000000064       -29.498174904020058       0.33309146217783697     
   2.9410000000000065       -29.492179267574617       0.33309036431495515     
   2.9400000000000066       -29.486183650932819       0.33308926176854264     
   2.9390000000000067       -29.480188054179163       0.33308815451626061     
   2.9380000000000068       -29.474192477398589       0.33308704253567012     
   2.9370000000000069       -29.468196920676380       0.33308592580422003     
   2.9360000000000070       -29.462201384098275       0.33308480429925541     
   2.9350000000000072       -29.456205867750391       0.33308367799802369     
   2.9340000000000073       -29.450210371719265       0.33308254687765532     
   2.9330000000000074       -29.444214896091843       0.33308141091517540     
   2.9320000000000075       -29.438219440955503       0.33308027008750640     
   2.9310000000000076       -29.432224006398023       0.33307912437145654     
   2.9300000000000077       -29.426228592507588       0.33307797374371945     
   2.9290000000000078       -29.420233199372849       0.33307681818088519     
   2.9280000000000079       -29.414237827082822       0.33307565765943498     
   2.9270000000000080       -29.408242475727008       0.33307449215573570     
   2.9260000000000081       -29.402247145395275       0.33307332164604314     
   2.9250000000000083       -29.396251836177935       0.33307214610650460     
   2.9240000000000084       -29.390256548165770       0.33307096551314691     
   2.9230000000000085       -29.384261281449927       0.33306977984189390     
   2.9220000000000086       -29.378266036122053       0.33306858906854159     
   2.9210000000000087       -29.372270812274191       0.33306739316878020     
   2.9200000000000088       -29.366275609998869       0.33306619211818433     
   2.9190000000000089       -29.360280429388975       0.33306498589220918     
   2.9180000000000090       -29.354285270537932       0.33306377446619251     
   2.9170000000000091       -29.348290133539564       0.33306255781535909     
   2.9160000000000093       -29.342295018488095       0.33306133591481452     
   2.9150000000000094       -29.336299925478279       0.33306010873954334     
   2.9140000000000095       -29.330304854605263       0.33305887626441921     
   2.9130000000000096       -29.324309805964702       0.33305763846418229     
   2.9120000000000097       -29.318314779652699       0.33305639531344505     
   2.9110000000000098       -29.312319775765705       0.33305514678674580     
   2.9100000000000099       -29.306324794400783       0.33305389285844939     
   2.9090000000000100       -29.300329835655376       0.33305263350281861     
   2.9080000000000101       -29.294334899627412       0.33305136869399510     
   2.9070000000000102       -29.288339986415270       0.33305009840598998     
   2.9060000000000104       -29.282345096117819       0.33304882261269658     
   2.9050000000000105       -29.276350228834389       0.33304754128787228     
   2.9040000000000106       -29.270355384664800       0.33304625440516150     
   2.9030000000000107       -29.264360563709307       0.33304496193807559     
   2.9020000000000108       -29.258365766068678       0.33304366386000023     
   2.9010000000000109       -29.252370991844170       0.33304236014418948     
   2.9000000000000110       -29.246376241137497       0.33304105076377449     
   2.8990000000000111       -29.240381514050831       0.33303973569175566     
   2.8980000000000112       -29.234386810686900       0.33303841490100056     
   2.8970000000000113       -29.228392131148865       0.33303708836425217     
   2.8960000000000115       -29.222397475540408       0.33303575605411440     
   2.8950000000000116       -29.216402843965710       0.33303441794306043     
   2.8940000000000117       -29.210408236529435       0.33303307400343574     
   2.8930000000000118       -29.204413653336733       0.33303172420744692     
   2.8920000000000119       -29.198419094493271       0.33303036852717416     
   2.8910000000000120       -29.192424560105231       0.33302900693455068     
   2.8900000000000121       -29.186430050279270       0.33302763940138447     
   2.8890000000000122       -29.180435565122576       0.33302626589934098     
   2.8880000000000123       -29.174441104742865       0.33302488639995154     
   2.8870000000000124       -29.168446669248326       0.33302350087460941     
   2.8860000000000126       -29.162452258747695       0.33302210929456844     
   2.8850000000000127       -29.156457873350227       0.33302071163093783     
   2.8840000000000128       -29.150463513165672       0.33301930785469364     
   2.8830000000000129       -29.144469178304316       0.33301789793667091     
   2.8820000000000130       -29.138474868876980       0.33301648184756227     
   2.8810000000000131       -29.132480584995001       0.33301505955791311     
   2.8800000000000132       -29.126486326770266       0.33301363103812764     
   2.8790000000000133       -29.120492094315182       0.33301219625847017     
   2.8780000000000134       -29.114497887742687       0.33301075518905515     
   2.8770000000000135       -29.108503707166285       0.33300930779985438     
   2.8760000000000137       -29.102509552699992       0.33300785406069389     
   2.8750000000000138       -29.096515424458360       0.33300639394125009     
   2.8740000000000139       -29.090521322556544       0.33300492741105026     
   2.8730000000000140       -29.084527247110195       0.33300345443947510     
   2.8720000000000141       -29.078533198235561       0.33300197499575174     
   2.8710000000000142       -29.072539176049375       0.33300048904896584     
   2.8700000000000143       -29.066545180668992       0.33299899656804227     
   2.8690000000000144       -29.060551212212303       0.33299749752176200     
   2.8680000000000145       -29.054557270797776       0.33299599187874229     
   2.8670000000000146       -29.048563356544427       0.33299447960745443     
   2.8660000000000148       -29.042569469571852       0.33299296067621870     
   2.8650000000000149       -29.036575610000231       0.33299143505318796     
   2.8640000000000150       -29.030581777950282       0.33298990270637074     
   2.8630000000000151       -29.024587973543330       0.33298836360361300     
   2.8620000000000152       -29.018594196901265       0.33298681771260052     
   2.8610000000000153       -29.012600448146589       0.33298526500086284     
   2.8600000000000154       -29.006606727402350       0.33298370543577149     
   2.8590000000000155       -29.000613034792220       0.33298213898452900     
   2.8580000000000156       -28.994619370440418       0.33298056561419054     
   2.8570000000000157       -28.988625734471810       0.33297898529162434     
   2.8560000000000159       -28.982632127011833       0.33297739798357134     
   2.8550000000000160       -28.976638548186518       0.33297580365658191     
   2.8540000000000161       -28.970644998122502       0.33297420227704999     
   2.8530000000000162       -28.964651476947047       0.33297259381120081     
   2.8520000000000163       -28.958657984788012       0.33297097822508737     
   2.8510000000000164       -28.952664521773869       0.33296935548460616     
   2.8500000000000165       -28.946671088033693       0.33296772555547860     
   2.8490000000000166       -28.940677683697203       0.33296608840325881     
   2.8480000000000167       -28.934684308894720       0.33296444399332581     
   2.8470000000000169       -28.928690963757195       0.33296279229089565     
   2.8460000000000170       -28.922697648416211       0.33296113326100335     
   2.8450000000000171       -28.916704363003973       0.33295946686851047     
   2.8440000000000172       -28.910711107653320       0.33295779307811380     
   2.8430000000000173       -28.904717882497735       0.33295611185432478     
   2.8420000000000174       -28.898724687671354       0.33295442316148305     
   2.8410000000000175       -28.892731523308935       0.33295272696374822     
   2.8400000000000176       -28.886738389545890       0.33295102322510600     
   2.8390000000000177       -28.880745286518284       0.33294931190935734     
   2.8380000000000178       -28.874752214362822       0.33294759298012799     
   2.8370000000000180       -28.868759173216887       0.33294586640086049     
   2.8360000000000181       -28.862766163218502       0.33294413213481161     
   2.8350000000000182       -28.856773184506370       0.33294239014506238     
   2.8340000000000183       -28.850780237219833       0.33294064039450216     
   2.8330000000000184       -28.844787321498927       0.33293888284584455     
   2.8320000000000185       -28.838794437484371       0.33293711746160343     
   2.8310000000000186       -28.832801585317529       0.33293534420411791     
   2.8300000000000187       -28.826808765140470       0.33293356303553484     
   2.8290000000000188       -28.820815977095926       0.33293177391780682     
   2.8280000000000189       -28.814823221327334       0.33292997681269854     
   2.8270000000000191       -28.808830497978814       0.33292817168178818     
   2.8260000000000192       -28.802837807195168       0.33292635848645480     
   2.8250000000000193       -28.796845149121907       0.33292453718788917     
   2.8240000000000194       -28.790852523905247       0.33292270774707933     
   2.8230000000000195       -28.784859931692083       0.33292087012483040     
   2.8220000000000196       -28.778867372630064       0.33291902428174247     
   2.8210000000000197       -28.772874846867492       0.33291717017822026     
   2.8200000000000198       -28.766882354553420       0.33291530777446809     
   2.8190000000000199       -28.760889895837629       0.33291343703048515     
   2.8180000000000200       -28.754897470870606       0.33291155790607657     
   2.8170000000000202       -28.748905079803531       0.33290967036084618     
   2.8160000000000203       -28.742912722788361       0.33290777435419333     
   2.8150000000000204       -28.736920399977770       0.33290586984530596     
   2.8140000000000205       -28.730928111525166       0.33290395679317564     
   2.8130000000000206       -28.724935857584697       0.33290203515658212     
   2.8120000000000207       -28.718943638311234       0.33290010489409644     
   2.8110000000000208       -28.712951453860480       0.33289816596408284     
   2.8100000000000209       -28.706959304388775       0.33289621832469685     
   2.8090000000000210       -28.700967190053284       0.33289426193388105     
   2.8080000000000211       -28.694975111011903       0.33289229674936288     
   2.8070000000000213       -28.688983067423305       0.33289032272865959     
   2.8060000000000214       -28.682991059446923       0.33288833982907262     
   2.8050000000000215       -28.676999087242969       0.33288634800768530     
   2.8040000000000216       -28.671007150972418       0.33288434722136467     
   2.8030000000000217       -28.665015250797030       0.33288233742675977     
   2.8020000000000218       -28.659023386879351       0.33288031858030565     
   2.8010000000000219       -28.653031559382686       0.33287829063820762     
   2.8000000000000220       -28.647039768471185       0.33287625355644995     
   2.7990000000000221       -28.641048014309742       0.33287420729079581     
   2.7980000000000222       -28.635056297064068       0.33287215179678542     
   2.7970000000000224       -28.629064616900671       0.33287008702973081     
   2.7960000000000225       -28.623072973986865       0.33286801294471979     
   2.7950000000000226       -28.617081368490805       0.33286592949660426     
   2.7940000000000227       -28.611089800581418       0.33286383664001618     
   2.7930000000000228       -28.605098270428464       0.33286173432934923     
   2.7920000000000229       -28.599106778202533       0.33285962251877016     
   2.7910000000000230       -28.593115324075040       0.33285750116221069     
   2.7900000000000231       -28.587123908218221       0.33285537021336514     
   2.7890000000000232       -28.581132530805164       0.33285322962569419     
   2.7880000000000233       -28.575141192009770       0.33285107935242259     
   2.7870000000000235       -28.569149892006834       0.33284891934653232     
   2.7860000000000236       -28.563158630971948       0.33284674956076621     
   2.7850000000000237       -28.557167409081579       0.33284456994763117     
   2.7840000000000238       -28.551176226513046       0.33284238045938647     
   2.7830000000000239       -28.545185083444537       0.33284018104804686     
   2.7820000000000240       -28.539193980055110       0.33283797166538259     
   2.7810000000000241       -28.533202916524676       0.33283575226291934     
   2.7800000000000242       -28.527211893034004       0.33283352279193601     
   2.7790000000000243       -28.521220909764811       0.33283128320345201     
   2.7780000000000244       -28.515229966899643       0.33282903344824832     
   2.7770000000000246       -28.509239064621930       0.33282677347684658     
   2.7760000000000247       -28.503248203116023       0.33282450323951590     
   2.7750000000000248       -28.497257382567156       0.33282222268627337     
   2.7740000000000249       -28.491266603161474       0.33281993176687724     
   2.7730000000000250       -28.485275865086024       0.33281763043082407     
   2.7720000000000251       -28.479285168528730       0.33281531862736047     
   2.7710000000000252       -28.473294513678486       0.33281299630546446     
   2.7700000000000253       -28.467303900725092       0.33281066341385346     
   2.7690000000000254       -28.461313329859269       0.33280831990098153     
   2.7680000000000256       -28.455322801272661       0.33280596571503984     
   2.7670000000000257       -28.449332315157839       0.33280360080395144     
   2.7660000000000258       -28.443341871708338       0.33280122511537091     
   2.7650000000000259       -28.437351471118621       0.33279883859667941     
   2.7640000000000260       -28.431361113584117       0.33279644119499646     
   2.7630000000000261       -28.425370799301170       0.33279403285716375     
   2.7620000000000262       -28.419380528467133       0.33279161352974751     
   2.7610000000000263       -28.413390301280295       0.33278918315903883     
   2.7600000000000264       -28.407400117939922       0.33278674169105132     
   2.7590000000000265       -28.401409978646267       0.33278428907152180     
   2.7580000000000267       -28.395419883600518       0.33278182524590860     
   2.7570000000000268       -28.389429833004890       0.33277935015938737     
   2.7560000000000269       -28.383439827062595       0.33277686375684234     
   2.7550000000000270       -28.377449865977812       0.33277436598288268     
   2.7540000000000271       -28.371459949955728       0.33277185678182786     
   2.7530000000000272       -28.365470079202524       0.33276933609770931     
   2.7520000000000273       -28.359480253925369       0.33276680387427510     
   2.7510000000000274       -28.353490474332542       0.33276426005496634     
   2.7500000000000275       -28.347500740633251       0.33276170458294552     
   2.7490000000000276       -28.341511053037749       0.33275913740107743     
   2.7480000000000278       -28.335521411757330       0.33275655845192487     
   2.7470000000000279       -28.329531817004344       0.33275396767775678     
   2.7460000000000280       -28.323542268992153       0.33275136502054503     
   2.7450000000000281       -28.317552767935176       0.33274875042195801     
   2.7440000000000282       -28.311563314048886       0.33274612382336216     
   2.7430000000000283       -28.305573907549810       0.33274348516581864     
   2.7420000000000284       -28.299584548655538       0.33274083439008240     
   2.7410000000000285       -28.293595237584750       0.33273817143660128     
   2.7400000000000286       -28.287605974557163       0.33273549624551380     
   2.7390000000000287       -28.281616759793607       0.33273280875664735     
   2.7380000000000289       -28.275627593515985       0.33273010890951371     
   2.7370000000000290       -28.269638475947296       0.33272739664331097     
   2.7360000000000291       -28.263649407311608       0.33272467189692634     
   2.7350000000000292       -28.257660387834143       0.33272193460891991     
   2.7340000000000293       -28.251671417741203       0.33271918471753803     
   2.7330000000000294       -28.245682497260209       0.33271642216070041     
   2.7320000000000295       -28.239693626619690       0.33271364687600952     
   2.7310000000000296       -28.233704806049314       0.33271085880073792     
   2.7300000000000297       -28.227716035779874       0.33270805787183283     
   2.7290000000000298       -28.221727316043310       0.33270524402591273     
   2.7280000000000300       -28.215738647072701       0.33270241719926485     
   2.7270000000000301       -28.209750029102295       0.33269957732783889     
   2.7260000000000302       -28.203761462367442       0.33269672434726094     
   2.7250000000000303       -28.197772947104710       0.33269385819281316     
   2.7240000000000304       -28.191784483551807       0.33269097879943954     
   2.7230000000000305       -28.185796071947625       0.33268808610174516     
   2.7220000000000306       -28.179807712532234       0.33268518003399389     
   2.7210000000000307       -28.173819405546890       0.33268226053010824     
   2.7200000000000308       -28.167831151234044       0.33267932752365675     
   2.7190000000000309       -28.161842949837336       0.33267638094787072     
   2.7180000000000311       -28.155854801601620       0.33267342073562706     
   2.7170000000000312       -28.149866706772947       0.33267044681945002     
   2.7160000000000313       -28.143878665598606       0.33266745913151391     
   2.7150000000000314       -28.137890678327107       0.33266445760363589     
   2.7140000000000315       -28.131902745208183       0.33266144216727311     
   2.7130000000000316       -28.125914866492799       0.33265841275353009     
   2.7120000000000317       -28.119927042433186       0.33265536929314338     
   2.7110000000000318       -28.113939273282799       0.33265231171648907     
   2.7100000000000319       -28.107951559296353       0.33264923995357826     
   2.7090000000000320       -28.101963900729853       0.33264615393405628     
   2.7080000000000322       -28.095976297840533       0.33264305358719426     
   2.7070000000000323       -28.089988750886924       0.33263993884189813     
   2.7060000000000324       -28.084001260128858       0.33263680962669462     
   2.7050000000000325       -28.078013825827433       0.33263366586973986     
   2.7040000000000326       -28.072026448245047       0.33263050749880835     
   2.7030000000000327       -28.066039127645407       0.33262733444129711     
   2.7020000000000328       -28.060051864293523       0.33262414662422807     
   2.7010000000000329       -28.054064658455751       0.33262094397422448     
   2.7000000000000330       -28.048077510399708       0.33261772641753895     
   2.6990000000000332       -28.042090420394398       0.33261449388002817     
   2.6980000000000333       -28.036103388710153       0.33261124628715966     
   2.6970000000000334       -28.030116415618636       0.33260798356400717     
   2.6960000000000335       -28.024129501392867       0.33260470563525441     
   2.6950000000000336       -28.018142646307240       0.33260141242518776     
   2.6940000000000337       -28.012155850637491       0.33259810385768585     
   2.6930000000000338       -28.006169114660739       0.33259477985624181     
   2.6920000000000339       -28.000182438655511       0.33259144034393384     
   2.6910000000000340       -27.994195822901663       0.33258808524344224     
   2.6900000000000341       -27.988209267680499       0.33258471447703336     
   2.6890000000000343       -27.982222773274710       0.33258132796656642     
   2.6880000000000344       -27.976236339968388       0.33257792563348954     
   2.6870000000000345       -27.970249968047053       0.33257450739883837     
   2.6860000000000346       -27.964263657797648       0.33257107318322526     
   2.6850000000000347       -27.958277409508561       0.33256762290684949     
   2.6840000000000348       -27.952291223469587       0.33256415648948939     
   2.6830000000000349       -27.946305099971987       0.33256067385050003     
   2.6820000000000350       -27.940319039308505       0.33255717490880682     
   2.6810000000000351       -27.934333041773289       0.33255365958291017     
   2.6800000000000352       -27.928347107662006       0.33255012779088089     
   2.6790000000000354       -27.922361237271801       0.33254657945035015     
   2.6780000000000355       -27.916375430901269       0.33254301447852669     
   2.6770000000000356       -27.910389688850536       0.33253943279217091     
   2.6760000000000357       -27.904404011421214       0.33253583430760791     
   2.6750000000000358       -27.898418398916426       0.33253221894072005     
   2.6740000000000359       -27.892432851640820       0.33252858660694973     
   2.6730000000000360       -27.886447369900548       0.33252493722128135     
   2.6720000000000361       -27.880461954003326       0.33252127069825854     
   2.6710000000000362       -27.874476604258390       0.33251758695197459     
   2.6700000000000363       -27.868491320976545       0.33251388589605774     
   2.6690000000000365       -27.862506104470150       0.33251016744369294     
   2.6680000000000366       -27.856520955053107       0.33250643150759601     
   2.6670000000000367       -27.850535873040915       0.33250267800002820     
   2.6660000000000368       -27.844550858750662       0.33249890683278260     
   2.6650000000000369       -27.838565912501025       0.33249511791718200     
   2.6640000000000370       -27.832581034612257       0.33249131116408992     
   2.6630000000000371       -27.826596225406249       0.33248748648388837     
   2.6620000000000372       -27.820611485206509       0.33248364378648587     
   2.6610000000000373       -27.814626814338151       0.33247978298132508     
   2.6600000000000374       -27.808642213127921       0.33247590397735749     
   2.6590000000000376       -27.802657681904236       0.33247200668305454     
   2.6580000000000377       -27.796673220997157       0.33246809100640423     
   2.6570000000000378       -27.790688830738382       0.33246415685491393     
   2.6560000000000379       -27.784704511461292       0.33246020413559285     
   2.6550000000000380       -27.778720263500961       0.33245623275495967     
   2.6540000000000381       -27.772736087194133       0.33245224261903955     
   2.6530000000000382       -27.766751982879260       0.33244823363335924     
   2.6520000000000383       -27.760767950896458       0.33244420570294286     
   2.6510000000000384       -27.754783991587637       0.33244015873231786     
   2.6500000000000385       -27.748800105296361       0.33243609262549734     
   2.6490000000000387       -27.742816292367941       0.33243200728599231     
   2.6480000000000388       -27.736832553149444       0.33242790261680116     
   2.6470000000000389       -27.730848887989698       0.33242377852040739     
   2.6460000000000390       -27.724865297239251       0.33241963489878473     
   2.6450000000000391       -27.718881781250456       0.33241547165337093     
   2.6440000000000392       -27.712898340377428       0.33241128868509801     
   2.6430000000000393       -27.706914974976080       0.33240708589436874     
   2.6420000000000394       -27.700931685404115       0.33240286318105583     
   2.6410000000000395       -27.694948472021036       0.33239862044449892     
   2.6400000000000396       -27.688965335188193       0.33239435758350633     
   2.6390000000000398       -27.682982275268699       0.33239007449636282     
   2.6380000000000399       -27.676999292627571       0.33238577108079670     
   2.6370000000000400       -27.671016387631646       0.33238144723400131     
   2.6360000000000401       -27.665033560649608       0.33237710285262767     
   2.6350000000000402       -27.659050812052023       0.33237273783277366     
   2.6340000000000403       -27.653068142211307       0.33236835206999327     
   2.6330000000000404       -27.647085551501792       0.33236394545928705     
   2.6320000000000405       -27.641103040299683       0.33235951789508933     
   2.6310000000000406       -27.635120608983094       0.33235506927129044     
   2.6300000000000407       -27.629138257932070       0.33235059948120660     
   2.6290000000000409       -27.623155987528548       0.33234610841759538     
   2.6280000000000410       -27.617173798156436       0.33234159597264634     
   2.6270000000000411       -27.611191690201561       0.33233706203797442     
   2.6260000000000412       -27.605209664051731       0.33233250650462265     
   2.6250000000000413       -27.599227720096692       0.33232792926305899     
   2.6240000000000414       -27.593245858728206       0.33232333020317162     
   2.6230000000000415       -27.587264080339967       0.33231870921426560     
   2.6220000000000416       -27.581282385327718       0.33231406618505566     
   2.6210000000000417       -27.575300774089186       0.33230940100367279     
   2.6200000000000419       -27.569319247024119       0.33230471358826930     
   2.6190000000000420       -27.563337804534303       0.33230000376522689     
   2.6180000000000421       -27.557356447023551       0.33229527145085319     
   2.6170000000000422       -27.551375174897725       0.33229051653089381     
   2.6160000000000423       -27.545393988564776       0.33228573889048219     
   2.6150000000000424       -27.539412888434715       0.33228093841415612     
   2.6140000000000425       -27.533431874919614       0.33227611498583998     
   2.6130000000000426       -27.527450948433668       0.33227126848883615     
   2.6120000000000427       -27.521470109393164       0.33226639880584552     
   2.6110000000000428       -27.515489358216520       0.33226150581893149     
   2.6100000000000430       -27.509508695324261       0.33225658940955027     
   2.6090000000000431       -27.503528121139066       0.33225164945852165     
   2.6080000000000432       -27.497547636085763       0.33224668584604067     
   2.6070000000000433       -27.491567240591340       0.33224169845166746     
   2.6060000000000434       -27.485586935084960       0.33223668715433224     
   2.6050000000000435       -27.479606719997967       0.33223165183231856     
   2.6040000000000436       -27.473626595763907       0.33222659236326990     
   2.6030000000000437       -27.467646562818540       0.33222150862418587     
   2.6020000000000438       -27.461666621599836       0.33221640049142009     
   2.6010000000000439       -27.455686772548002       0.33221126784066840     
   2.6000000000000441       -27.449707016105478       0.33220611054697879     
   2.5990000000000442       -27.443727352716962       0.33220092848472965     
   2.5980000000000443       -27.437747782829433       0.33219572152764953     
   2.5970000000000444       -27.431768306892145       0.33219048954878949     
   2.5960000000000445       -27.425788925356624       0.33218523242054915     
   2.5950000000000446       -27.419809638676718       0.33217995001464146     
   2.5940000000000447       -27.413830447308580       0.33217464220211235     
   2.5930000000000448       -27.407851351710697       0.33216930885332285     
   2.5920000000000449       -27.401872352343901       0.33216394983795444     
   2.5910000000000450       -27.395893449671373       0.33215856502500829     
   2.5900000000000452       -27.389914644158637       0.33215315428279546     
   2.5890000000000453       -27.383935936273613       0.33214771747892768     
   2.5880000000000454       -27.377957326486626       0.33214225448033002     
   2.5870000000000455       -27.371978815270374       0.33213676515322677     
   2.5860000000000456       -27.366000403099957       0.33213124936313687     
   2.5850000000000457       -27.360022090452944       0.33212570697488136     
   2.5840000000000458       -27.354043877809325       0.33212013785255790     
   2.5830000000000459       -27.348065765651537       0.33211454185956590     
   2.5820000000000460       -27.342087754464494       0.33210891885858329     
   2.5810000000000461       -27.336109844735581       0.33210326871156676     
   2.5800000000000463       -27.330132036954669       0.33209759127975264     
   2.5790000000000464       -27.324154331614125       0.33209188642365367     
   2.5780000000000465       -27.318176729208872       0.33208615400304553     
   2.5770000000000466       -27.312199230236331       0.33208039387697641     
   2.5760000000000467       -27.306221835196460       0.33207460590375437     
   2.5750000000000468       -27.300244544591813       0.33206878994094868     
   2.5740000000000469       -27.294267358927474       0.33206294584538559     
   2.5730000000000470       -27.288290278711120       0.33205707347314317     
   2.5720000000000471       -27.282313304453055       0.33205117267954443     
   2.5710000000000472       -27.276336436666156       0.33204524331916485     
   2.5700000000000474       -27.270359675865947       0.33203928524581439     
   2.5690000000000475       -27.264383022570566       0.33203329831255091     
   2.5680000000000476       -27.258406477300834       0.33202728237165641     
   2.5670000000000477       -27.252430040580219       0.33202123727465316     
   2.5660000000000478       -27.246453712934880       0.33201516287227933     
   2.5650000000000479       -27.240477494893657       0.33200905901451000     
   2.5640000000000480       -27.234501386988104       0.33200292555053301     
   2.5630000000000481       -27.228525389752491       0.33199676232875652     
   2.5620000000000482       -27.222549503723837       0.33199056919679593     
   2.5610000000000483       -27.216573729441905       0.33198434600148125     
   2.5600000000000485       -27.210598067449208       0.33197809258884720     
   2.5590000000000486       -27.204622518291053       0.33197180880412924     
   2.5580000000000487       -27.198647082515556       0.33196549449176194     
   2.5570000000000488       -27.192671760673598       0.33195914949537836     
   2.5560000000000489       -27.186696553318896       0.33195277365779857     
   2.5550000000000490       -27.180721461008051       0.33194636682102546     
   2.5540000000000491       -27.174746484300446       0.33193992882625378     
   2.5530000000000492       -27.168771623758371       0.33193345951385628     
   2.5520000000000493       -27.162796879946978       0.33192695872338329     
   2.5510000000000495       -27.156822253434324       0.33192042629354984     
   2.5500000000000496       -27.150847744791388       0.33191386206225204     
   2.5490000000000497       -27.144873354592036       0.33190726586654468     
   2.5480000000000498       -27.138899083413115       0.33190063754264137     
   2.5470000000000499       -27.132924931834438       0.33189397692591771     
   2.5460000000000500       -27.126950900438722       0.33188728385090394     
   2.5450000000000501       -27.120976989811730       0.33188055815128226     
   2.5440000000000502       -27.115003200542212       0.33187379965987213     
   2.5430000000000503       -27.109029533221936       0.33186700820864246     
   2.5420000000000504       -27.103055988445675       0.33186018362871006     
   2.5410000000000506       -27.097082566811292       0.33185332575030835     
   2.5400000000000507       -27.091109268919677       0.33184643440282308     
   2.5390000000000508       -27.085136095374857       0.33183950941474455     
   2.5380000000000509       -27.079163046783847       0.33183255061371131     
   2.5370000000000510       -27.073190123756888       0.33182555782646744     
   2.5360000000000511       -27.067217326907294       0.33181853087887714     
   2.5350000000000512       -27.061244656851507       0.33181146959591568     
   2.5340000000000513       -27.055272114209163       0.33180437380167688     
   2.5330000000000514       -27.049299699603043       0.33179724331934601     
   2.5320000000000515       -27.043327413659139       0.33179007797122401     
   2.5310000000000517       -27.037355257006645       0.33178287757868696     
   2.5300000000000518       -27.031383230277957       0.33177564196224379     
   2.5290000000000519       -27.025411334108725       0.33176837094146161     
   2.5280000000000520       -27.019439569137873       0.33176106433500302     
   2.5270000000000521       -27.013467936007579       0.33175372196061703     
   2.5260000000000522       -27.007496435363318       0.33174634363512473     
   2.5250000000000523       -27.001525067853855       0.33173892917443099     
   2.5240000000000524       -26.995553834131297       0.33173147839350581     
   2.5230000000000525       -26.989582734851066       0.33172399110639206     
   2.5220000000000526       -26.983611770671970       0.33171646712619246     
   2.5210000000000528       -26.977640942256169       0.33170890626507193     
   2.5200000000000529       -26.971670250269220       0.33170130833425232     
   2.5190000000000530       -26.965699695380074       0.33169367314400866     
   2.5180000000000531       -26.959729278261129       0.33168600050366526     
   2.5170000000000532       -26.953758999588214       0.33167829022158940     
   2.5160000000000533       -26.947788860040571       0.33167054210519492     
   2.5150000000000534       -26.941818860301009       0.33166275596092620     
   2.5140000000000535       -26.935849001055757       0.33165493159426673     
   2.5130000000000536       -26.929879282994580       0.33164706880973555     
   2.5120000000000537       -26.923909706810772       0.33163916741086558     
   2.5110000000000539       -26.917940273201143       0.33163122720022403     
   2.5100000000000540       -26.911970982866112       0.33162324797939213     
   2.5090000000000541       -26.906001836509649       0.33161522954896738     
   2.5080000000000542       -26.900032834839326       0.33160717170856402     
   2.5070000000000543       -26.894063978566336       0.33159907425679447     
   2.5060000000000544       -26.888095268405518       0.33159093699128334     
   2.5050000000000545       -26.882126705075326       0.33158275970865636     
   2.5040000000000546       -26.876158289297919       0.33157454220453453     
   2.5030000000000547       -26.870190021799125       0.33156628427352802     
   2.5020000000000548       -26.864221903308504       0.33155798570924366     
   2.5010000000000550       -26.858253934559276       0.33154964630427691     
   2.5000000000000551       -26.852286116288493       0.33154126585019461     
   2.4990000000000552       -26.846318449236900       0.33153284413755163     
   2.4980000000000553       -26.840350934149050       0.33152438095587228     
   2.4970000000000554       -26.834383571773284       0.33151587609366290     
   2.4960000000000555       -26.828416362861780       0.33150732933838167     
   2.4950000000000556       -26.822449308170498       0.33149874047647254     
   2.4940000000000557       -26.816482408459322       0.33149010929331757     
   2.4930000000000558       -26.810515664491966       0.33148143557327392     
   2.4920000000000559       -26.804549077036036       0.33147271909964421     
   2.4910000000000561       -26.798582646863050       0.33146395965468423     
   2.4900000000000562       -26.792616374748484       0.33145515701959222     
   2.4890000000000563       -26.786650261471706       0.33144631097451804     
   2.4880000000000564       -26.780684307816102       0.33143742129854664     
   2.4870000000000565       -26.774718514569017       0.33142848776969691     
   2.4860000000000566       -26.768752882521824       0.33141951016492482     
   2.4850000000000567       -26.762787412469880       0.33141048826011538     
   2.4840000000000568       -26.756822105212628       0.33140142183007720     
   2.4830000000000569       -26.750856961553566       0.33139231064854308     
   2.4820000000000570       -26.744891982300249       0.33138315448816469     
   2.4810000000000572       -26.738927168264354       0.33137395312051493     
   2.4800000000000573       -26.732962520261673       0.33136470631606685     
   2.4790000000000574       -26.726998039112157       0.33135541384421285     
   2.4780000000000575       -26.721033725639916       0.33134607547324518     
   2.4770000000000576       -26.715069580673177       0.33133669097038365     
   2.4760000000000577       -26.709105605044492       0.33132726010167851     
   2.4750000000000578       -26.703141799590480       0.33131778263216494     
   2.4740000000000579       -26.697178165152128       0.33130825832571797     
   2.4730000000000580       -26.691214702574612       0.33129868694511128     
   2.4720000000000582       -26.685251412707430       0.33128906825200571     
   2.4710000000000583       -26.679288296404351       0.33127940200694872     
   2.4700000000000584       -26.673325354523477       0.33126968796936584     
   2.4690000000000585       -26.667362587927251       0.33125992589755693     
   2.4680000000000586       -26.661399997482459       0.33125011554870337     
   2.4670000000000587       -26.655437584060302       0.33124025667884288     
   2.4660000000000588       -26.649475348536342       0.33123034904289977     
   2.4650000000000589       -26.643513291790608       0.33122039239464762     
   2.4640000000000590       -26.637551414707520       0.33121038648672935     
   2.4630000000000591       -26.631589718176009       0.33120033107064306     
   2.4620000000000593       -26.625628203089473       0.33119022589674585     
   2.4610000000000594       -26.619666870345785       0.33118007071424738     
   2.4600000000000595       -26.613705720847374       0.33116986527120268     
   2.4590000000000596       -26.607744755501209       0.33115960931451860     
   2.4580000000000597       -26.601783975218837       0.33114930258994529     
   2.4570000000000598       -26.595823380916357       0.33113894484207268     
   2.4560000000000599       -26.589862973514503       0.33112853581433233     
   2.4550000000000600       -26.583902753938638       0.33111807524898629     
   2.4540000000000601       -26.577942723118756       0.33110756288713966     
   2.4530000000000602       -26.571982881989552       0.33109699846871971     
   2.4520000000000604       -26.566023231490373       0.33108638165429755     
   2.4510000000000605       -26.560063772565325       0.33107571233551591     
   2.4500000000000606       -26.554104506163199       0.33106499017284163     
   2.4490000000000607       -26.548145433237586       0.33105421490149706     
   2.4480000000000608       -26.542186554746820       0.33104338625552304     
   2.4470000000000609       -26.536227871654063       0.33103250396777750     
   2.4460000000000610       -26.530269384927262       0.33102156776993324     
   2.4450000000000611       -26.524311095539222       0.33101057739246875     
   2.4440000000000612       -26.518353004467638       0.33099953256467030     
   2.4430000000000613       -26.512395112695025       0.33098843301464270     
   2.4420000000000615       -26.506437421208869       0.33097727846927805     
   2.4410000000000616       -26.500479931001536       0.33096606865427608     
   2.4400000000000617       -26.494522643070365       0.33095480329413846     
   2.4390000000000618       -26.488565558417640       0.33094348211216124     
   2.4380000000000619       -26.482608678050681       0.33093210483043412     
   2.4370000000000620       -26.476652002981773       0.33092067116984336     
   2.4360000000000621       -26.470695534228255       0.33090918085006699     
   2.4350000000000622       -26.464739272812540       0.33089763358956176     
   2.4340000000000623       -26.458783219762093       0.33088602910558756     
   2.4330000000000624       -26.452827376109500       0.33087436711417773     
   2.4320000000000626       -26.446871742892437       0.33086264733015330     
   2.4310000000000627       -26.440916321153768       0.33085086946711673     
   2.4300000000000628       -26.434961111941504       0.33083903323744707     
   2.4290000000000629       -26.429006116308823       0.33082713835231103     
   2.4280000000000630       -26.423051335314138       0.33081518452164271     
   2.4270000000000631       -26.417096770021100       0.33080317145414384     
   2.4260000000000632       -26.411142421498592       0.33079109885731128     
   2.4250000000000633       -26.405188290820792       0.33077896643740190     
   2.4240000000000634       -26.399234379067170       0.33076677389943582     
   2.4230000000000635       -26.393280687322473       0.33075452094722330     
   2.4220000000000637       -26.387327216676923       0.33074220728331410     
   2.4210000000000638       -26.381373968225923       0.33072983260905386     
   2.4200000000000639       -26.375420943070402       0.33071739662453326     
   2.4190000000000640       -26.369468142316634       0.33070489902861766     
   2.4180000000000641       -26.363515567076369       0.33069233951892985     
   2.4170000000000642       -26.357563218466751       0.33067971779186101     
   2.4160000000000643       -26.351611097610466       0.33066703354255544     
   2.4150000000000644       -26.345659205635648       0.33065428646492445     
   2.4140000000000645       -26.339707543675981       0.33064147625163809     
   2.4130000000000646       -26.333756112870677       0.33062860259412113     
   2.4120000000000648       -26.327804914364513       0.33061566518256597     
   2.4110000000000649       -26.321853949307869       0.33060266370590635     
   2.4100000000000650       -26.315903218856718       0.33058959785184938     
   2.4090000000000651       -26.309952724172682       0.33057646730684742     
   2.4080000000000652       -26.304002466423022       0.33056327175611350     
   2.4070000000000653       -26.298052446780662       0.33055001088361796     
   2.4060000000000654       -26.292102666424295       0.33053668437207623     
   2.4050000000000655       -26.286153126538249       0.33052329190297214     
   2.4040000000000656       -26.280203828312647       0.33050983315653215     
   2.4030000000000658       -26.274254772943362       0.33049630781174771     
   2.4020000000000659       -26.268305961632088       0.33048271554635000     
