   1.6000000238418579       -36.491910602425193       0.58743445910322700       0.31294406677164782     
   1.6010000238418578       -36.499455873875775       0.58608418939996421       0.31284821624970394     
   1.6020000238418577       -36.507011421404840       0.58472114033040290       0.31275241064309045     
   1.6030000238418576       -36.514577290680663       0.58334500070245521       0.31265664785715763     
   1.6040000238418575       -36.522153528417761       0.58195544361259999       0.31256092556396053     
   1.6050000238418574       -36.529740182422159       0.58055213205271061       0.31246524149749971     
   1.6060000238418572       -36.537337301640534       0.57913470151269031       0.31236959268535336     
   1.6070000238418571       -36.544944936211202       0.57770278392957419       0.31227397658450001     
   1.6080000238418570       -36.552563137519904       0.57625598994119287       0.31217839030288841     
   1.6090000238418569       -36.560191958257320       0.57479391197077812       0.31208283078065041     
   1.6100000238418568       -36.567831452482494       0.57331612300411994       0.31198729478008869     
   1.6110000238418567       -36.575481675688913       0.57182217526240808       0.31189177887101227     
   1.6120000238418566       -36.583142684876002       0.57031159875397863       0.31179627941783111     
   1.6130000238418565       -36.590814538625374       0.56878389969487819       0.31170079256291744     
   1.6140000238418564       -36.598497297182831       0.56723855878134954       0.31160531421036675     
   1.6150000238418563       -36.606191022545936       0.56567502929798941       0.31150984000653986     
   1.6160000238418561       -36.613895778558657       0.56409273504123425       0.31141436532002131     
   1.6170000238418560       -36.621611631012989       0.56249106362017243       0.31131888504008137     
   1.6180000238418559       -36.629338647758608       0.56086938144155907       0.31122339426045553     
   1.6190000238418558       -36.637076898821391       0.55922700490080535       0.31112788719445611     
   1.6200000238418557       -36.644826456531270       0.55756321012842058       0.31103235767354648     
   1.6210000238418556       -36.652587395661783       0.55587724267834415       0.31093679961818410     
   1.6220000238418555       -36.660359793580440       0.55416828800312901       0.31084120598987330     
   1.6230000238418554       -36.668143730413171       0.55243547952585814       0.31074556924034380     
   1.6240000238418553       -36.675939289223763       0.55067790356904411       0.31064988162331253     
   1.6250000238418552       -36.683746556208838       0.54889458449792861       0.31055413476850086     
   1.6260000238418550       -36.691565620913096       0.54708446617530215       0.31045831916604061     
   1.6270000238418549       -36.699396576464451       0.54524643131381312       0.31036242505948386     
   1.6280000238418548       -36.707239519833458       0.54337927631321015       0.31026644171792422     
   1.6290000238418547       -36.715094552119332       0.54148170706870724       0.31017035751216093     
   1.6300000238418546       -36.722961778867202       0.53955232912840012       0.31007415981309694     
   1.6310000238418545       -36.730841310419976       0.53758963643199442       0.30997783487532965     
   1.6320000238418544       -36.738733262310191       0.53559199836912519       0.30988136770302105     
   1.6330000238418543       -36.746637755698963       0.53355764026344488       0.30978474174432546     
   1.6340000238418542       -36.754554917867466       0.53148464410489404       0.30968793930566796     
   1.6350000238418541       -36.762484882771382       0.52937089688436845       0.30959094030605094     
   1.6360000238418539       -36.770427791667750       0.52721409840288957       0.30949372305947159     
   1.6370000238418538       -36.778383793827416       0.52501171530915081       0.30939626339158738     
   1.6380000238418537       -36.786353047348925       0.52276095258438737       0.30929853444141842     
   1.6390000238418536       -36.794335720091972       0.52045871402389055       0.30920050624415807     
   1.6400000238418535       -36.802331990756059       0.51810154975861467       0.30910214508361433     
   1.6410000238418534       -36.810342050133180       0.51568561300164906       0.30900341330668629     
   1.6420000238418533       -36.818366102571964       0.51320657520382462       0.30890426814466998     
   1.6430000238418532       -36.826404367704185       0.51065953883167303       0.30880466079331043     
   1.6440000238418531       -36.834457082494410       0.50803894314572773       0.30870453565527683     
   1.6450000238418530       -36.842524503695643       0.50533840767683891       0.30860382833078387     
   1.6460000238418528       -36.850606910823409       0.50255057590764929       0.30850246425397926     
   1.6470000238418527       -36.858704609793442       0.49966686858876169       0.30840035572901109     
   1.6480000238418526       -36.866817937431250       0.49667720265024251       0.30829739918310128     
   1.6490000238418525       -36.874947267139042       0.49356956461595253       0.30819347019974558     
   1.6500000238418524       -36.883093016133941       0.49032949174979312       0.30808841834545037     
   1.6510000238418523       -36.891255654868075       0.48693925841571289       0.30798205778984944     
   1.6520000238418522       -36.899435719555612       0.48337678473355816       0.30787415576947014     
   1.6530000238418521       -36.907633829266288       0.47961395444833549       0.30776441403554256     
   1.6540000238418520       -36.915850709981662       0.47561401004457998       0.30765244020689841     
   1.6550000238418519       -36.924087229756836       0.47132731117705262       0.30753770113976975     
   1.6560000238418517       -36.932344452617905       0.46668395433707693       0.30741944147356626     
   1.6570000238418516       -36.940623726443967       0.46157984174218059       0.30729652933305912     
   1.6580000238418515       -36.948926838782583       0.45584739630773918       0.30716713160516468     
   1.6590000238418514       -36.957256328749537       0.44918287020797187       0.30702790500186594     
   1.6600000238418513       -36.965616246492935       0.44091009075515691       0.30687135981303298     
   1.6610000238418512       -36.974014926712712       0.42856386333436031       0.30667000016828472     
   1.6620000238418511       -36.993381504963097       0.13183584114492891       0.30612343258733637     
   1.6630000238418510       -37.002312184232458       0.13182988994498301       0.30609996811199408     
   1.6640000238418509       -37.011245348135368       0.13182399180443582       0.30607651368117311     
   1.6650000238418508       -37.020180993482761       0.13181809186766899       0.30605306540979532     
   1.6660000238418506       -37.029119117090993       0.13181218893091129       0.30602962485157120     
   1.6670000238418505       -37.038059715781749       0.13180628393735264       0.30600619044486649     
   1.6680000238418504       -37.047002786381960       0.13180037495585223       0.30598276530117985     
   1.6690000238418503       -37.055948325723804       0.13179446296633129       0.30595934780440132     
   1.6700000238418502       -37.064896330644650       0.13178854796604381       0.30593593793334506     
   1.6710000238418501       -37.073846797987329       0.13178262903086557       0.30591253717820471     
   1.6720000238418500       -37.082799724599774       0.13177670803359942       0.30588914244449544     
   1.6730000238418499       -37.091755107335352       0.13177078401654505       0.30586575527451437     
   1.6740000238418498       -37.100712943052585       0.13176485791025158       0.30584237410664339     
   1.6750000238418497       -37.109673228615065       0.13175892781311063       0.30581900205213397     
   1.6760000238418495       -37.118635960891766       0.13175299468995177       0.30579563749655325     
   1.6770000238418494       -37.127601136756851       0.13174705853826030       0.30577228041913934     
   1.6780000238418493       -37.136568753089527       0.13174111844074060       0.30574893232264311     
   1.6790000238418492       -37.145538806774255       0.13173517625639192       0.30572559009004746     
   1.6800000238418491       -37.154511294700974       0.13172923103553272       0.30570225527484340     
   1.6810000238418490       -37.163486213764592       0.13172328277589926       0.30567892785651313     
   1.6820000238418489       -37.172463560864585       0.13171733237634595       0.30565560630118255     
   1.6830000238418488       -37.181443332906852       0.13171137800208552       0.30563229366303357     
   1.6840000238418487       -37.190425526801384       0.13170542058390444       0.30560898835838490     
   1.6850000238418485       -37.199410139463751       0.13169946011957945       0.30558569036688038     
   1.6860000238418484       -37.208397167814681       0.13169349571649336       0.30556240117688560     
   1.6870000238418483       -37.217386608779485       0.13168752918357274       0.30553911770378561     
   1.6880000238418482       -37.226378459289300       0.13168155959774264       0.30551584148440170     
   1.6890000238418481       -37.235372716280224       0.13167558787120515       0.30549257094008703     
   1.6900000238418480       -37.244369376692909       0.13166961214363160       0.30546930921589177     
   1.6910000238418479       -37.253368437473512       0.13166363335870063       0.30544605468344987     
   1.6920000238418478       -37.262369895573542       0.13165765151455347       0.30542280732286331     
   1.6930000238418477       -37.271373747948701       0.13165166660942179       0.30539956711430682     
   1.6940000238418476       -37.280379991560807       0.13164567776058600       0.30537633555588445     
   1.6950000238418474       -37.289388623376006       0.13163968675689114       0.30535310954595107     
   1.6960000238418473       -37.298399640365773       0.13163369268637107       0.30532989062982097     
   1.6970000238418472       -37.307413039506173       0.13162769554756043       0.30530667878788276     
   1.6980000238418471       -37.316428817779205       0.13162169622059294       0.30528347246824844     
   1.6990000238418470       -37.325446972170987       0.13161569291250005       0.30526027476121242     
   1.7000000238418469       -37.334467499672982       0.13160968653275193       0.30523708406793926     
   1.7010000238418468       -37.343490397281734       0.13160367707970688       0.30521390036910373     
   1.7020000238418467       -37.352515661998602       0.13159766366655185       0.30519072519731660     
   1.7030000238418466       -37.361543290829850       0.13159164809060461       0.30516755538416873     
   1.7040000238418465       -37.370573280787362       0.13158562943656602       0.30514439250853548     
   1.7050000238418463       -37.379605628886722       0.13157960770319863       0.30512123655138612     
   1.7060000238418462       -37.388640332150231       0.13157358288931509       0.30509808749334461     
   1.7070000238418461       -37.397677387603082       0.13156755585959493       0.30507494378182010     
   1.7080000238418460       -37.406716792277017       0.13156152485466382       0.30505180850868879     
   1.7090000238418459       -37.415758543207900       0.13155549076680076       0.30502868007601880     
   1.7100000238418458       -37.424802637436962       0.13154945359485026       0.30500555846488309     
   1.7110000238418457       -37.433849072010069       0.13154341246083284       0.30498244522286444     
   1.7120000238418456       -37.442897843977804       0.13153736914383701       0.30495933715454132     
   1.7130000238418455       -37.451948950395980       0.13153132273905560       0.30493623585240637     
   1.7140000238418454       -37.461002388325490       0.13152527324542468       0.30491314129768105     
   1.7150000238418452       -37.470058154831250       0.13151922066214539       0.30489005347187137     
   1.7160000238418451       -37.479116246984013       0.13151316585373959       0.30486697079364800     
   1.7170000238418450       -37.488176661858603       0.13150710706301705       0.30484389641252846     
   1.7180000238418449       -37.497239396535178       0.13150104518103603       0.30482082870300808     
   1.7190000238418448       -37.506304448098788       0.13149498020701011       0.30479776764677424     
   1.7200000238418447       -37.515371813638879       0.13148891214023001       0.30477471322537930     
   1.7210000238418446       -37.524441490250233       0.13148284012191511       0.30475166698616746     
   1.7220000238418445       -37.533513475031725       0.13147676589237706       0.30472862573749532     
   1.7230000238418444       -37.542587765088008       0.13147068856744626       0.30470559106976053     
   1.7240000238418443       -37.551664357527457       0.13146460814651320       0.30468256296497032     
   1.7250000238418441       -37.560743249464210       0.13145852462902832       0.30465954140488660     
   1.7260000238418440       -37.569824438016418       0.13145243886969657       0.30463652479434977     
   1.7270000238418439       -37.578907920307678       0.13144634913324188       0.30461351631118422     
   1.7280000238418438       -37.587993693465890       0.13144025629965220       0.30459051431723977     
   1.7290000238418437       -37.597081754623616       0.13143416036844147       0.30456751879482580     
   1.7300000238418436       -37.606172100918648       0.13142806133917009       0.30454452972594820     
   1.7310000238418435       -37.615264729492942       0.13142195835520720       0.30452154868868386     
   1.7320000238418434       -37.624359637493498       0.13141585315268137       0.30449857243254702     
   1.7330000238418433       -37.633456822072475       0.13140974485049706       0.30447560257762629     
   1.7340000238418432       -37.642556280385641       0.13140363344839923       0.30445263910647635     
   1.7350000238418430       -37.651658009594478       0.13139751894614007       0.30442968200141374     
   1.7360000238418429       -37.660762006864843       0.13139140134358188       0.30440673124477047     
   1.7370000238418428       -37.669868269366901       0.13138528147861950       0.30438378523735488     
   1.7380000238418427       -37.678976794275947       0.13137915765193028       0.30436084716541656     
   1.7390000238418426       -37.688087578771935       0.13137303072531362       0.30433791538833366     
   1.7400000238418425       -37.697200620039240       0.13136690069856038       0.30431498988891176     
   1.7410000238418424       -37.706315915266899       0.13136076757167173       0.30429207064991298     
   1.7420000238418423       -37.715433461649148       0.13135463134454672       0.30426915765401458     
   1.7430000238418422       -37.724553256383658       0.13134849119239403       0.30424625246082121     
   1.7440000238418421       -37.733675296674107       0.13134234878702125       0.30422335186083527     
   1.7450000238418419       -37.742799579727787       0.13133620328099757       0.30420045745345664     
   1.7460000238418418       -37.751926102757501       0.13133005467439876       0.30417756922169331     
   1.7470000238418417       -37.761054862979222       0.13132390296744650       0.30415468714868088     
   1.7480000238418416       -37.770185857615182       0.13131774816015518       0.30413181121736227     
   1.7490000238418415       -37.779319083891188       0.13131159106966506       0.30410893982963083     
   1.7500000238418414       -37.788454539037666       0.13130543004095360       0.30408607616957956     
   1.7510000238418413       -37.797592220290198       0.13129926591334987       0.30406321859951119     
   1.7520000238418412       -37.806732124888462       0.13129309868695155       0.30404036710287874     
   1.7530000238418411       -37.815874250076376       0.13128692836218503       0.30401752166313156     
   1.7540000238418409       -37.825018593103238       0.13128075493920333       0.30399468226350490     
   1.7550000238418408       -37.834165151222336       0.13127457760519967       0.30397185048181452     
   1.7560000238418407       -37.843313921691497       0.13126839800790646       0.30394902307523836     
   1.7570000238418406       -37.852464901773160       0.13126221531315521       0.30392620166003248     
   1.7580000238418405       -37.861618088734417       0.13125602952127149       0.30390338621989632     
   1.7590000238418404       -37.870773479846378       0.13124984063277628       0.30388057673844693     
   1.7600000238418403       -37.879931072385382       0.13124364864807861       0.30385777319935314     
   1.7610000238418402       -37.889090863631715       0.13123745438241757       0.30383497396904030     
   1.7620000238418401       -37.898252850870236       0.13123125618637058       0.30381218230336460     
   1.7630000238418400       -37.907417031390423       0.13122505489641917       0.30378939653020937     
   1.7640000238418398       -37.916583402486019       0.13121885051308055       0.30376661663366256     
   1.7650000238418397       -37.925751961455475       0.13121264303691871       0.30374384259758780     
   1.7660000238418396       -37.934922705601252       0.13120643246859456       0.30372107440603308     
   1.7670000238418395       -37.944095632230983       0.13120021880871335       0.30369831204289949     
   1.7680000238418394       -37.953270738655874       0.13119400125794653       0.30367555710426941     
   1.7690000238418393       -37.962448022192156       0.13118778143683058       0.30365280631404423     
   1.7700000238418392       -37.971627480160365       0.13118155852588506       0.30363006130539749     
   1.7710000238418391       -37.980809109884980       0.13117533252576885       0.30360732206270730     
   1.7720000238418390       -37.989992908695889       0.13116910343737131       0.30358458857006987     
   1.7730000238418389       -37.999178873926105       0.13116287126137635       0.30356186081192477     
   1.7740000238418387       -38.008367002914298       0.13115663599875221       0.30353913877248950     
   1.7750000238418386       -38.017557293002284       0.13115039844159629       0.30351642081852692     
   1.7760000238418385       -38.026749741536882       0.13114415698904075       0.30349371020583077     
   1.7770000238418384       -38.035944345870007       0.13113791245297346       0.30347100526416376     
   1.7780000238418383       -38.045141103356066       0.13113166483427963       0.30344830597838207     
   1.7790000238418382       -38.054340011355649       0.13112541413392612       0.30342561233297488     
   1.7800000238418381       -38.063541067232720       0.13111916035276400       0.30340292431266896     
   1.7810000238418380       -38.072744268355649       0.13111290349193694       0.30338024190211077     
   1.7820000238418379       -38.081949612097262       0.13110664276481770       0.30335756671992603     
   1.7830000238418378       -38.091157095834767       0.13110037976606320       0.30333489544807735     
   1.7840000238418376       -38.100366716949409       0.13109411369028939       0.30331222974106398     
   1.7850000238418375       -38.109578472827302       0.13108784453850611       0.30328956958379066     
   1.7860000238418374       -38.118792360858166       0.13108157231178610       0.30326691496123259     
   1.7870000238418373       -38.128008378436306       0.13107529701132620       0.30324426585834346     
   1.7880000238418372       -38.137226522960290       0.13106901863822390       0.30322162226013710     
   1.7890000238418371       -38.146446791833128       0.13106273719368192       0.30319898415161428     
   1.7900000238418370       -38.155669182461736       0.13105645344980907       0.30317634989153958     
   1.7910000238418369       -38.164893692257444       0.13105016584808912       0.30315372275217750     
   1.7920000238418368       -38.174120318635715       0.13104387517906824       0.30313110105707586     
   1.7930000238418367       -38.183349059016713       0.13103758144395700       0.30310848479161540     
   1.7940000238418365       -38.192579910824222       0.13103128464391708       0.30308587394114156     
   1.7950000238418364       -38.201812871486702       0.13102498478030966       0.30306326849091997     
   1.7960000238418363       -38.211047938435975       0.13101868185447521       0.30304066842647670     
   1.7970000238418362       -38.220285109109703       0.13101237586763403       0.30301807373308942     
   1.7980000238418361       -38.229524380948185       0.13100606606111043       0.30299548602692988     
