   3.5000000000000000       -34.512244977056980        0.0000000000000000       0.50000000000000000     
   3.4990000000000001       -34.503244977056980        0.0000000000000000       0.50000000000000000     
   3.4980000000000002       -34.494244977056979        0.0000000000000000       0.50000000000000000     
   3.4970000000000003       -34.485244977056986        0.0000000000000000       0.50000000000000000     
   3.4960000000000004       -34.476244977056986        0.0000000000000000       0.50000000000000000     
   3.4950000000000006       -34.467244977056986        0.0000000000000000       0.50000000000000000     
   3.4940000000000007       -34.458244977056985        0.0000000000000000       0.50000000000000000     
   3.4930000000000008       -34.449244977056985        0.0000000000000000       0.50000000000000000     
   3.4920000000000009       -34.440244977056985        0.0000000000000000       0.50000000000000000     
   3.4910000000000010       -34.431244977056991        0.0000000000000000       0.50000000000000000     
   3.4900000000000011       -34.422244977056991        0.0000000000000000       0.50000000000000000     
   3.4890000000000012       -34.413244977056991        0.0000000000000000       0.50000000000000000     
   3.4880000000000013       -34.404244977056990        0.0000000000000000       0.50000000000000000     
   3.4870000000000014       -34.395244977056990        0.0000000000000000       0.50000000000000000     
   3.4860000000000015       -34.386244977056990        0.0000000000000000       0.50000000000000000     
   3.4850000000000017       -34.377244977056989        0.0000000000000000       0.50000000000000000     
   3.4840000000000018       -34.368244977056996        0.0000000000000000       0.50000000000000000     
   3.4830000000000019       -34.359244977057003        0.0000000000000000       0.50000000000000000     
   3.4820000000000020       -34.350244977057002        0.0000000000000000       0.50000000000000000     
   3.4810000000000021       -34.341244977057002        0.0000000000000000       0.50000000000000000     
   3.4800000000000022       -34.332244977057002        0.0000000000000000       0.50000000000000000     
   3.4790000000000023       -34.323244977057001        0.0000000000000000       0.50000000000000000     
   3.4780000000000024       -34.314244977057001        0.0000000000000000       0.50000000000000000     
   3.4770000000000025       -34.305244977057001        0.0000000000000000       0.50000000000000000     
   3.4760000000000026       -34.296244977057007        0.0000000000000000       0.50000000000000000     
   3.4750000000000028       -34.287244977057007        0.0000000000000000       0.50000000000000000     
   3.4740000000000029       -34.278244977057007        0.0000000000000000       0.50000000000000000     
   3.4730000000000030       -34.269244977057006        0.0000000000000000       0.50000000000000000     
   3.4720000000000031       -34.260244977057006        0.0000000000000000       0.50000000000000000     
   3.4710000000000032       -34.251244977057006        0.0000000000000000       0.50000000000000000     
   3.4700000000000033       -34.242244977057013        0.0000000000000000       0.50000000000000000     
   3.4690000000000034       -34.233244977057012        0.0000000000000000       0.50000000000000000     
   3.4680000000000035       -34.224244977057012        0.0000000000000000       0.50000000000000000     
   3.4670000000000036       -34.215244977057012        0.0000000000000000       0.50000000000000000     
   3.4660000000000037       -34.206244977057011        0.0000000000000000       0.50000000000000000     
   3.4650000000000039       -34.197244977057018        0.0000000000000000       0.50000000000000000     
   3.4640000000000040       -34.188244977057018        0.0000000000000000       0.50000000000000000     
   3.4630000000000041       -34.179244977057017        0.0000000000000000       0.50000000000000000     
   3.4620000000000042       -34.170244977057017        0.0000000000000000       0.50000000000000000     
   3.4610000000000043       -34.161244977057017        0.0000000000000000       0.50000000000000000     
   3.4600000000000044       -34.152244977057016        0.0000000000000000       0.50000000000000000     
   3.4590000000000045       -34.143244977057023        0.0000000000000000       0.50000000000000000     
   3.4580000000000046       -34.134244977057023        0.0000000000000000       0.50000000000000000     
   3.4570000000000047       -34.125244977057022        0.0000000000000000       0.50000000000000000     
   3.4560000000000048       -34.116244977057022        0.0000000000000000       0.50000000000000000     
   3.4550000000000050       -34.107244977057022        0.0000000000000000       0.50000000000000000     
   3.4540000000000051       -34.098244977057021        0.0000000000000000       0.50000000000000000     
   3.4530000000000052       -34.089244977057021        0.0000000000000000       0.50000000000000000     
   3.4520000000000053       -34.080244977057028        0.0000000000000000       0.50000000000000000     
   3.4510000000000054       -34.071244977057034        0.0000000000000000       0.50000000000000000     
   3.4500000000000055       -34.062244977057034        0.0000000000000000       0.50000000000000000     
   3.4490000000000056       -34.053244977057034        0.0000000000000000       0.50000000000000000     
   3.4480000000000057       -34.044244977057033        0.0000000000000000       0.50000000000000000     
   3.4470000000000058       -34.035244977057033        0.0000000000000000       0.50000000000000000     
   3.4460000000000059       -34.026244977057033        0.0000000000000000       0.50000000000000000     
   3.4450000000000061       -34.017244977057032        0.0000000000000000       0.50000000000000000     
   3.4440000000000062       -34.008244977057039        0.0000000000000000       0.50000000000000000     
   3.4430000000000063       -33.999244977057039        0.0000000000000000       0.50000000000000000     
   3.4420000000000064       -33.990244977057039        0.0000000000000000       0.50000000000000000     
   3.4410000000000065       -33.981244977057038        0.0000000000000000       0.50000000000000000     
   3.4400000000000066       -33.972244977057038        0.0000000000000000       0.50000000000000000     
   3.4390000000000067       -33.963244977057037        0.0000000000000000       0.50000000000000000     
   3.4380000000000068       -33.954244977057044        0.0000000000000000       0.50000000000000000     
   3.4370000000000069       -33.945244977057044        0.0000000000000000       0.50000000000000000     
   3.4360000000000070       -33.936244977057044        0.0000000000000000       0.50000000000000000     
   3.4350000000000072       -33.927244977057043        0.0000000000000000       0.50000000000000000     
   3.4340000000000073       -33.918244977057043        0.0000000000000000       0.50000000000000000     
   3.4330000000000074       -33.909244977057050        0.0000000000000000       0.50000000000000000     
   3.4320000000000075       -33.900244977057049        0.0000000000000000       0.50000000000000000     
   3.4310000000000076       -33.891244977057049        0.0000000000000000       0.50000000000000000     
   3.4300000000000077       -33.882244977057049        0.0000000000000000       0.50000000000000000     
   3.4290000000000078       -33.873244977057048        0.0000000000000000       0.50000000000000000     
   3.4280000000000079       -33.864244977057048        0.0000000000000000       0.50000000000000000     
   3.4270000000000080       -33.855244977057055        0.0000000000000000       0.50000000000000000     
   3.4260000000000081       -33.846244977057054        0.0000000000000000       0.50000000000000000     
   3.4250000000000083       -33.837244977057054        0.0000000000000000       0.50000000000000000     
   3.4240000000000084       -33.828244977057054        0.0000000000000000       0.50000000000000000     
   3.4230000000000085       -33.819244977057053        0.0000000000000000       0.50000000000000000     
   3.4220000000000086       -33.810244977057053        0.0000000000000000       0.50000000000000000     
   3.4210000000000087       -33.801244977057053        0.0000000000000000       0.50000000000000000     
   3.4200000000000088       -33.792244977057059        0.0000000000000000       0.50000000000000000     
   3.4190000000000089       -33.783244977057066        0.0000000000000000       0.50000000000000000     
   3.4180000000000090       -33.774244977057066        0.0000000000000000       0.50000000000000000     
   3.4170000000000091       -33.765244977057066        0.0000000000000000       0.50000000000000000     
   3.4160000000000093       -33.756244977057065        0.0000000000000000       0.50000000000000000     
   3.4150000000000094       -33.747244977057065        0.0000000000000000       0.50000000000000000     
   3.4140000000000095       -33.738244977057064        0.0000000000000000       0.50000000000000000     
   3.4130000000000096       -33.729244977057064        0.0000000000000000       0.50000000000000000     
   3.4120000000000097       -33.720244977057071        0.0000000000000000       0.50000000000000000     
   3.4110000000000098       -33.711244977057071        0.0000000000000000       0.50000000000000000     
   3.4100000000000099       -33.702244977057070        0.0000000000000000       0.50000000000000000     
   3.4090000000000100       -33.693244977057070        0.0000000000000000       0.50000000000000000     
   3.4080000000000101       -33.684244977057070        0.0000000000000000       0.50000000000000000     
   3.4070000000000102       -33.675244977057069        0.0000000000000000       0.50000000000000000     
   3.4060000000000104       -33.666244977057076        0.0000000000000000       0.50000000000000000     
   3.4050000000000105       -33.657244977057076        0.0000000000000000       0.50000000000000000     
   3.4040000000000106       -33.648244977057075        0.0000000000000000       0.50000000000000000     
   3.4030000000000107       -33.639244977057075        0.0000000000000000       0.50000000000000000     
   3.4020000000000108       -33.630244977057075        0.0000000000000000       0.50000000000000000     
   3.4010000000000109       -33.621244977057081        0.0000000000000000       0.50000000000000000     
   3.4000000000000110       -33.612244977057081        0.0000000000000000       0.50000000000000000     
   3.3990000000000111       -33.603244977057081        0.0000000000000000       0.50000000000000000     
   3.3980000000000112       -33.594244977057080        0.0000000000000000       0.50000000000000000     
   3.3970000000000113       -33.585244977057080        0.0000000000000000       0.50000000000000000     
   3.3960000000000115       -33.576244977057080        0.0000000000000000       0.50000000000000000     
   3.3950000000000116       -33.567244977057086        0.0000000000000000       0.50000000000000000     
   3.3940000000000117       -33.558244977057086        0.0000000000000000       0.50000000000000000     
   3.3930000000000118       -33.549244977057086        0.0000000000000000       0.50000000000000000     
   3.3920000000000119       -33.540244977057085        0.0000000000000000       0.50000000000000000     
   3.3910000000000120       -33.531244977057085        0.0000000000000000       0.50000000000000000     
   3.3900000000000121       -33.522244977057085        0.0000000000000000       0.50000000000000000     
   3.3890000000000122       -33.513244977057084        0.0000000000000000       0.50000000000000000     
   3.3880000000000123       -33.504244977057091        0.0000000000000000       0.50000000000000000     
   3.3870000000000124       -33.495244977057098        0.0000000000000000       0.50000000000000000     
   3.3860000000000126       -33.486244977057098        0.0000000000000000       0.50000000000000000     
   3.3850000000000127       -33.477244977057097        0.0000000000000000       0.50000000000000000     
   3.3840000000000128       -33.468244977057097        0.0000000000000000       0.50000000000000000     
   3.3830000000000129       -33.459244977057097        0.0000000000000000       0.50000000000000000     
   3.3820000000000130       -33.450244977057096        0.0000000000000000       0.50000000000000000     
   3.3810000000000131       -33.441244977057096        0.0000000000000000       0.50000000000000000     
   3.3800000000000132       -33.432244977057103        0.0000000000000000       0.50000000000000000     
   3.3790000000000133       -33.423244977057102        0.0000000000000000       0.50000000000000000     
   3.3780000000000134       -33.414244977057102        0.0000000000000000       0.50000000000000000     
   3.3770000000000135       -33.405244977057102        0.0000000000000000       0.50000000000000000     
   3.3760000000000137       -33.396244977057101        0.0000000000000000       0.50000000000000000     
   3.3750000000000138       -33.387244977057101        0.0000000000000000       0.50000000000000000     
   3.3740000000000139       -33.378244977057108        0.0000000000000000       0.50000000000000000     
   3.3730000000000140       -33.369244977057107        0.0000000000000000       0.50000000000000000     
   3.3720000000000141       -33.360244977057107        0.0000000000000000       0.50000000000000000     
   3.3710000000000142       -33.351244977057107        0.0000000000000000       0.50000000000000000     
   3.3700000000000143       -33.342244977057106        0.0000000000000000       0.50000000000000000     
   3.3690000000000144       -33.333244977057113        0.0000000000000000       0.50000000000000000     
   3.3680000000000145       -33.324244977057113        0.0000000000000000       0.50000000000000000     
   3.3670000000000146       -33.315244977057112        0.0000000000000000       0.50000000000000000     
   3.3660000000000148       -33.306244977057112        0.0000000000000000       0.50000000000000000     
   3.3650000000000149       -33.297244977057112        0.0000000000000000       0.50000000000000000     
   3.3640000000000150       -33.288244977057111        0.0000000000000000       0.50000000000000000     
   3.3630000000000151       -33.279244977057118        0.0000000000000000       0.50000000000000000     
   3.3620000000000152       -33.270244977057118        0.0000000000000000       0.50000000000000000     
   3.3610000000000153       -33.261244977057117        0.0000000000000000       0.50000000000000000     
   3.3600000000000154       -33.252244977057117        0.0000000000000000       0.50000000000000000     
   3.3590000000000155       -33.243244977057117        0.0000000000000000       0.50000000000000000     
   3.3580000000000156       -33.234244977057116        0.0000000000000000       0.50000000000000000     
   3.3570000000000157       -33.225244977057116        0.0000000000000000       0.50000000000000000     
   3.3560000000000159       -33.216244977057123        0.0000000000000000       0.50000000000000000     
   3.3550000000000160       -33.207244977057130        0.0000000000000000       0.50000000000000000     
   3.3540000000000161       -33.198244977057129        0.0000000000000000       0.50000000000000000     
   3.3530000000000162       -33.189244977057129        0.0000000000000000       0.50000000000000000     
   3.3520000000000163       -33.180244977057129        0.0000000000000000       0.50000000000000000     
   3.3510000000000164       -33.171244977057128        0.0000000000000000       0.50000000000000000     
   3.3500000000000165       -33.162244977057128        0.0000000000000000       0.50000000000000000     
   3.3490000000000166       -33.153244977057128        0.0000000000000000       0.50000000000000000     
   3.3480000000000167       -33.144244977057134        0.0000000000000000       0.50000000000000000     
   3.3470000000000169       -33.135244977057134        0.0000000000000000       0.50000000000000000     
   3.3460000000000170       -33.126244977057134        0.0000000000000000       0.50000000000000000     
   3.3450000000000171       -33.117244977057133        0.0000000000000000       0.50000000000000000     
   3.3440000000000172       -33.108244977057133        0.0000000000000000       0.50000000000000000     
   3.3430000000000173       -33.099244977057133        0.0000000000000000       0.50000000000000000     
   3.3420000000000174       -33.090244977057139        0.0000000000000000       0.50000000000000000     
   3.3410000000000175       -33.081244977057139        0.0000000000000000       0.50000000000000000     
   3.3400000000000176       -33.072244977057139        0.0000000000000000       0.50000000000000000     
   3.3390000000000177       -33.063244977057138        0.0000000000000000       0.50000000000000000     
   3.3380000000000178       -33.054244977057138        0.0000000000000000       0.50000000000000000     
   3.3370000000000180       -33.045244977057145        0.0000000000000000       0.50000000000000000     
   3.3360000000000181       -33.036244977057144        0.0000000000000000       0.50000000000000000     
   3.3350000000000182       -33.027244977057144        0.0000000000000000       0.50000000000000000     
   3.3340000000000183       -33.018244977057144        0.0000000000000000       0.50000000000000000     
   3.3330000000000184       -33.009244977057143        0.0000000000000000       0.50000000000000000     
   3.3320000000000185       -33.000244977057143        0.0000000000000000       0.50000000000000000     
   3.3310000000000186       -32.991244977057150        0.0000000000000000       0.50000000000000000     
   3.3300000000000187       -32.982244977057150        0.0000000000000000       0.50000000000000000     
   3.3290000000000188       -32.973244977057149        0.0000000000000000       0.50000000000000000     
   3.3280000000000189       -32.964244977057149        0.0000000000000000       0.50000000000000000     
   3.3270000000000191       -32.955244977057149        0.0000000000000000       0.50000000000000000     
   3.3260000000000192       -32.946244977057148        0.0000000000000000       0.50000000000000000     
   3.3250000000000193       -32.937244977057148        0.0000000000000000       0.50000000000000000     
   3.3240000000000194       -32.928244977057155        0.0000000000000000       0.50000000000000000     
   3.3230000000000195       -32.919244977057161        0.0000000000000000       0.50000000000000000     
   3.3220000000000196       -32.910244977057161        0.0000000000000000       0.50000000000000000     
   3.3210000000000197       -32.901244977057161        0.0000000000000000       0.50000000000000000     
   3.3200000000000198       -32.892244977057160        0.0000000000000000       0.50000000000000000     
   3.3190000000000199       -32.883244977057160        0.0000000000000000       0.50000000000000000     
   3.3180000000000200       -32.874244977057160        0.0000000000000000       0.50000000000000000     
   3.3170000000000202       -32.865244977057159        0.0000000000000000       0.50000000000000000     
   3.3160000000000203       -32.856244977057166        0.0000000000000000       0.50000000000000000     
   3.3150000000000204       -32.847244977057166        0.0000000000000000       0.50000000000000000     
   3.3140000000000205       -32.838244977057165        0.0000000000000000       0.50000000000000000     
   3.3130000000000206       -32.829244977057165        0.0000000000000000       0.50000000000000000     
   3.3120000000000207       -32.820244977057165        0.0000000000000000       0.50000000000000000     
   3.3110000000000208       -32.811244977057164        0.0000000000000000       0.50000000000000000     
   3.3100000000000209       -32.802244977057171        0.0000000000000000       0.50000000000000000     
   3.3090000000000210       -32.793244977057171        0.0000000000000000       0.50000000000000000     
   3.3080000000000211       -32.784244977057170        0.0000000000000000       0.50000000000000000     
   3.3070000000000213       -32.775244977057170        0.0000000000000000       0.50000000000000000     
   3.3060000000000214       -32.766244977057170        0.0000000000000000       0.50000000000000000     
   3.3050000000000215       -32.757244977057177        0.0000000000000000       0.50000000000000000     
   3.3040000000000216       -32.748244977057176        0.0000000000000000       0.50000000000000000     
   3.3030000000000217       -32.739244977057176        0.0000000000000000       0.50000000000000000     
   3.3020000000000218       -32.730244977057176        0.0000000000000000       0.50000000000000000     
   3.3010000000000219       -32.721244977057175        0.0000000000000000       0.50000000000000000     
   3.3000000000000220       -32.712244977057175        0.0000000000000000       0.50000000000000000     
   3.2990000000000221       -32.703244977057182        0.0000000000000000       0.50000000000000000     
   3.2980000000000222       -32.694244977057181        0.0000000000000000       0.50000000000000000     
   3.2970000000000224       -32.685244977057181        0.0000000000000000       0.50000000000000000     
   3.2960000000000225       -32.676244977057181        0.0000000000000000       0.50000000000000000     
   3.2950000000000226       -32.667244977057180        0.0000000000000000       0.50000000000000000     
   3.2940000000000227       -32.658244977057180        0.0000000000000000       0.50000000000000000     
   3.2930000000000228       -32.649244977057180        0.0000000000000000       0.50000000000000000     
   3.2920000000000229       -32.640244977057186        0.0000000000000000       0.50000000000000000     
   3.2910000000000230       -32.631244977057193        0.0000000000000000       0.50000000000000000     
   3.2900000000000231       -32.622244977057193        0.0000000000000000       0.50000000000000000     
   3.2890000000000232       -32.613244977057192        0.0000000000000000       0.50000000000000000     
   3.2880000000000233       -32.604244977057192        0.0000000000000000       0.50000000000000000     
   3.2870000000000235       -32.595244977057192        0.0000000000000000       0.50000000000000000     
   3.2860000000000236       -32.586244977057191        0.0000000000000000       0.50000000000000000     
   3.2850000000000237       -32.577244977057191        0.0000000000000000       0.50000000000000000     
   3.2840000000000238       -32.568244977057198        0.0000000000000000       0.50000000000000000     
   3.2830000000000239       -32.559244977057197        0.0000000000000000       0.50000000000000000     
   3.2820000000000240       -32.550244977057197        0.0000000000000000       0.50000000000000000     
   3.2810000000000241       -32.541244977057197        0.0000000000000000       0.50000000000000000     
   3.2800000000000242       -32.532244977057196        0.0000000000000000       0.50000000000000000     
   3.2790000000000243       -32.523244977057196        0.0000000000000000       0.50000000000000000     
   3.2780000000000244       -32.514244977057203        0.0000000000000000       0.50000000000000000     
   3.2770000000000246       -32.505244977057203        0.0000000000000000       0.50000000000000000     
   3.2760000000000247       -32.496244977057202        0.0000000000000000       0.50000000000000000     
   3.2750000000000248       -32.487244977057202        0.0000000000000000       0.50000000000000000     
   3.2740000000000249       -32.478244977057201        0.0000000000000000       0.50000000000000000     
   3.2730000000000250       -32.469244977057208        0.0000000000000000       0.50000000000000000     
   3.2720000000000251       -32.460244977057208        0.0000000000000000       0.50000000000000000     
   3.2710000000000252       -32.451244977057208        0.0000000000000000       0.50000000000000000     
   3.2700000000000253       -32.442244977057207        0.0000000000000000       0.50000000000000000     
   3.2690000000000254       -32.433244977057207        0.0000000000000000       0.50000000000000000     
   3.2680000000000256       -32.424244977057207        0.0000000000000000       0.50000000000000000     
   3.2670000000000257       -32.415244977057213        0.0000000000000000       0.50000000000000000     
   3.2660000000000258       -32.406244977057213        0.0000000000000000       0.50000000000000000     
   3.2650000000000259       -32.397244977057213        0.0000000000000000       0.50000000000000000     
   3.2640000000000260       -32.388244977057212        0.0000000000000000       0.50000000000000000     
   3.2630000000000261       -32.379244977057212        0.0000000000000000       0.50000000000000000     
   3.2620000000000262       -32.370244977057212        0.0000000000000000       0.50000000000000000     
   3.2610000000000263       -32.361244977057211        0.0000000000000000       0.49999999999999989     
   3.2600000000000264       -32.352244977057218        0.0000000000000000       0.49999999999999989     
   3.2590000000000265       -32.343244977057225        0.0000000000000000       0.49999999999999989     
   3.2580000000000267       -32.334244977057224        0.0000000000000000       0.49999999999999989     
   3.2570000000000268       -32.325244977057224        0.0000000000000000       0.50000000000000000     
   3.2560000000000269       -32.316244977057224        0.0000000000000000       0.50000000000000000     
   3.2550000000000270       -32.307244977057223        0.0000000000000000       0.50000000000000000     
   3.2540000000000271       -32.298244977057223        0.0000000000000000       0.50000000000000000     
   3.2530000000000272       -32.289244977057223        0.0000000000000000       0.50000000000000000     
   3.2520000000000273       -32.280244977057230        0.0000000000000000       0.50000000000000000     
   3.2510000000000274       -32.271244977057229        0.0000000000000000       0.50000000000000000     
   3.2500000000000275       -32.262244977057229        0.0000000000000000       0.50000000000000000     
   3.2490000000000276       -32.253244977057228        0.0000000000000000       0.50000000000000000     
   3.2480000000000278       -32.244244977057228        0.0000000000000000       0.50000000000000000     
   3.2470000000000279       -32.235244977057228        0.0000000000000000       0.50000000000000000     
   3.2460000000000280       -32.226244977057235        0.0000000000000000       0.50000000000000000     
   3.2450000000000281       -32.217244977057234        0.0000000000000000       0.50000000000000000     
   3.2440000000000282       -32.208244977057234        0.0000000000000000       0.50000000000000000     
   3.2430000000000283       -32.199244977057234        0.0000000000000000       0.50000000000000000     
   3.2420000000000284       -32.190244977057233        0.0000000000000000       0.50000000000000000     
   3.2410000000000285       -32.181244977057240        0.0000000000000000       0.50000000000000000     
   3.2400000000000286       -32.172244977057240        0.0000000000000000       0.50000000000000000     
   3.2390000000000287       -32.163244977057239        0.0000000000000000       0.50000000000000000     
   3.2380000000000289       -32.154244977057239        0.0000000000000000       0.50000000000000000     
   3.2370000000000290       -32.145244977057239        0.0000000000000000       0.50000000000000000     
   3.2360000000000291       -32.136244977057238        0.0000000000000000       0.50000000000000000     
   3.2350000000000292       -32.127244977057245        0.0000000000000000       0.50000000000000000     
   3.2340000000000293       -32.118244977057245        0.0000000000000000       0.49999999999999989     
   3.2330000000000294       -32.109244977057244        0.0000000000000000       0.49999999999999989     
   3.2320000000000295       -32.100244977057244        0.0000000000000000       0.49999999999999989     
   3.2310000000000296       -32.091244977057244        0.0000000000000000       0.49999999999999989     
   3.2300000000000297       -32.082244977057243        0.0000000000000000       0.49999999999999989     
   3.2290000000000298       -32.073244977057243        0.0000000000000000       0.50000000000000000     
   3.2280000000000300       -32.064244977057250        0.0000000000000000       0.50000000000000000     
   3.2270000000000301       -32.055244977057257        0.0000000000000000       0.50000000000000000     
   3.2260000000000302       -32.046244977057256        0.0000000000000000       0.50000000000000000     
   3.2250000000000303       -32.037244977057256        0.0000000000000000       0.50000000000000000     
   3.2240000000000304       -32.028244977057255        0.0000000000000000       0.50000000000000000     
   3.2230000000000305       -32.019244977057255        0.0000000000000000       0.50000000000000000     
   3.2220000000000306       -32.010244977057255        0.0000000000000000       0.50000000000000000     
   3.2210000000000307       -32.001244977057254        0.0000000000000000       0.49999999999999989     
   3.2200000000000308       -31.992244977057261        0.0000000000000000       0.49999999999999989     
   3.2190000000000309       -31.983244977057261        0.0000000000000000       0.49999999999999989     
   3.2180000000000311       -31.974244977057261        0.0000000000000000       0.49999999999999989     
   3.2170000000000312       -31.965244977057264        0.0000000000000000       0.49999999999999989     
   3.2160000000000313       -31.956244977057260        0.0000000000000000       0.50000000000000000     
   3.2150000000000314       -31.947244977057260        0.0000000000000000       0.50000000000000000     
   3.2140000000000315       -31.938244977057263        0.0000000000000000       0.50000000000000000     
   3.2130000000000316       -31.929244977057266        0.0000000000000000       0.49999999999999989     
   3.2120000000000317       -31.920244977057266        0.0000000000000000       0.49999999999999989     
   3.2110000000000318       -31.911244977057265        0.0000000000000000       0.49999999999999989     
   3.2100000000000319       -31.902244977057268        0.0000000000000000       0.49999999999999989     
   3.2090000000000320       -31.893244977057272        0.0000000000000000       0.49999999999999989     
   3.2080000000000322       -31.884244977057271        0.0000000000000000       0.50000000000000000     
   3.2070000000000323       -31.875244977057267        0.0000000000000000       0.49999999999999989     
   3.2060000000000324       -31.866244977057271        0.0000000000000000       0.49999999999999989     
   3.2050000000000325       -31.857244977057270        0.0000000000000000       0.49999999999999989     
   3.2040000000000326       -31.848244977057270        0.0000000000000000       0.49999999999999989     
   3.2030000000000327       -31.839244977057277        0.0000000000000000       0.49999999999999989     
   3.2020000000000328       -31.830244977057276        0.0000000000000000       0.49999999999999989     
   3.2010000000000329       -31.821244977057276        0.0000000000000000       0.49999999999999989     
   3.2000000000000330       -31.812244977057276        0.0000000000000000       0.49999999999999989     
   3.1990000000000332       -31.803244977057282        0.0000000000000000       0.49999999999999989     
   3.1980000000000333       -31.794244977057279        0.0000000000000000       0.49999999999999989     
   3.1970000000000334       -31.785244977057278        0.0000000000000000       0.49999999999999989     
   3.1960000000000335       -31.776244977057281        0.0000000000000000       0.49999999999999989     
   3.1950000000000336       -31.767244977057285        0.0000000000000000       0.49999999999999989     
   3.1940000000000337       -31.758244977057284        0.0000000000000000       0.49999999999999978     
   3.1930000000000338       -31.749244977057280        0.0000000000000000       0.49999999999999989     
   3.1920000000000339       -31.740244977057287        0.0000000000000000       0.49999999999999989     
   3.1910000000000340       -31.731244977057290        0.0000000000000000       0.49999999999999978     
   3.1900000000000341       -31.722244977057287        0.0000000000000000       0.49999999999999989     
   3.1890000000000343       -31.713244977057286        0.0000000000000000       0.49999999999999989     
   3.1880000000000344       -31.704244977057289        0.0000000000000000       0.49999999999999978     
   3.1870000000000345       -31.695244977057293        0.0000000000000000       0.49999999999999989     
   3.1860000000000346       -31.686244977057289        0.0000000000000000       0.49999999999999989     
   3.1850000000000347       -31.677244977057292        0.0000000000000000       0.49999999999999978     
   3.1840000000000348       -31.668244977057299        0.0000000000000000       0.49999999999999989     
   3.1830000000000349       -31.659244977057298        0.0000000000000000       0.49999999999999978     
   3.1820000000000350       -31.650244977057294        0.0000000000000000       0.49999999999999978     
   3.1810000000000351       -31.641244977057298        0.0000000000000000       0.49999999999999978     
   3.1800000000000352       -31.632244977057297        0.0000000000000000       0.49999999999999978     
   3.1790000000000354       -31.623244977057297        0.0000000000000000       0.49999999999999978     
   3.1780000000000355       -31.614244977057300        0.0000000000000000       0.49999999999999978     
   3.1770000000000356       -31.605244977057303        0.0000000000000000       0.49999999999999978     
   3.1760000000000357       -31.596244977057303        0.0000000000000000       0.49999999999999972     
   3.1750000000000358       -31.587244977057303        0.0000000000000000       0.49999999999999978     
   3.1740000000000359       -31.578244977057302        0.0000000000000000       0.49999999999999972     
   3.1730000000000360       -31.569244977057302        0.0000000000000000       0.49999999999999961     
   3.1720000000000361       -31.560244977057302        0.0000000000000000       0.49999999999999961     
   3.1710000000000362       -31.551244977057308        0.0000000000000000       0.49999999999999961     
   3.1700000000000363       -31.542244977057308        0.0000000000000000       0.49999999999999950     
   3.1690000000000365       -31.533244977057308        0.0000000000000000       0.49999999999999950     
   3.1680000000000366       -31.524244977057307        0.0000000000000000       0.49999999999999950     
   3.1670000000000367       -31.515244977057314        0.0000000000000000       0.49999999999999950     
   3.1660000000000368       -31.506244977057310        0.0000000000000000       0.49999999999999950     
   3.1650000000000369       -31.497244977057310        0.0000000000000000       0.49999999999999950     
   3.1640000000000370       -31.488244977057313        0.0000000000000000       0.49999999999999950     
   3.1630000000000371       -31.479244977057313        0.0000000000000000       0.49999999999999950     
   3.1620000000000372       -31.470244977057312        0.0000000000000000       0.49999999999999950     
   3.1610000000000373       -31.461244977057316        0.0000000000000000       0.49999999999999950     
   3.1600000000000374       -31.452244977057319        0.0000000000000000       0.49999999999999922     
   3.1590000000000376       -31.443244977057322        0.0000000000000000       0.49999999999999922     
   3.1580000000000377       -31.434244977057315        0.0000000000000000       0.49999999999999922     
   3.1570000000000378       -31.425244977057318        0.0000000000000000       0.49999999999999922     
   3.1560000000000379       -31.416244977057321        0.0000000000000000       0.49999999999999922     
   3.1550000000000380       -31.407244977057324        0.0000000000000000       0.49999999999999922     
   3.1540000000000381       -31.398244977057324        0.0000000000000000       0.49999999999999922     
   3.1530000000000382       -31.389244977057324        0.0000000000000000       0.49999999999999900     
   3.1520000000000383       -31.380244977057327        0.0000000000000000       0.49999999999999900     
   3.1510000000000384       -31.371244977057327        0.0000000000000000       0.49999999999999900     
   3.1500000000000385       -31.362244977057330        0.0000000000000000       0.49999999999999900     
   3.1490000000000387       -31.353244977057329        0.0000000000000000       0.49999999999999900     
   3.1480000000000388       -31.344244977057329        0.0000000000000000       0.49999999999999883     
   3.1470000000000389       -31.335244977057329        0.0000000000000000       0.49999999999999883     
   3.1460000000000390       -31.326244977057335        0.0000000000000000       0.49999999999999883     
   3.1450000000000391       -31.317244977057335        0.0000000000000000       0.49999999999999883     
   3.1440000000000392       -31.308244977057335        0.0000000000000000       0.49999999999999883     
   3.1430000000000393       -31.299244977057334        0.0000000000000000       0.49999999999999883     
   3.1420000000000394       -31.290244977057334        0.0000000000000000       0.49999999999999872     
   3.1410000000000395       -31.281244977057337        0.0000000000000000       0.49999999999999872     
   3.1400000000000396       -31.272244977057333        0.0000000000000000       0.49999999999999861     
   3.1390000000000398       -31.263244977057340        0.0000000000000000       0.49999999999999872     
   3.1380000000000399       -31.254244977057340        0.0000000000000000       0.49999999999999861     
   3.1370000000000400       -31.245244977057339        0.0000000000000000       0.49999999999999861     
   3.1360000000000401       -31.236244977057339        0.0000000000000000       0.49999999999999845     
   3.1350000000000402       -31.227244977057346        0.0000000000000000       0.49999999999999845     
   3.1340000000000403       -31.218244977057346        0.0000000000000000       0.49999999999999845     
   3.1330000000000404       -31.209244977057345        0.0000000000000000       0.49999999999999811     
   3.1320000000000405       -31.200244977057345        0.0000000000000000       0.49999999999999811     
   3.1310000000000406       -31.191244977057348        0.0000000000000000       0.49999999999999800     
   3.1300000000000407       -31.182244977057351        0.0000000000000000       0.49999999999999800     
   3.1290000000000409       -31.173244977057347        0.0000000000000000       0.49999999999999772     
   3.1280000000000410       -31.164244977057351        0.0000000000000000       0.49999999999999772     
   3.1270000000000411       -31.155244977057350        0.0000000000000000       0.49999999999999772     
   3.1260000000000412       -31.146244977057350        0.0000000000000000       0.49999999999999761     
   3.1250000000000413       -31.137244977057350        0.0000000000000000       0.49999999999999756     
   3.1240000000000414       -31.128244977057353        0.0000000000000000       0.49999999999999745     
   3.1230000000000415       -31.119244977057356        0.0000000000000000       0.49999999999999745     
   3.1220000000000416       -31.110244977057359        0.0000000000000000       0.49999999999999722     
   3.1210000000000417       -31.101244977057355        0.0000000000000000       0.49999999999999711     
   3.1200000000000419       -31.092244977057359        0.0000000000000000       0.49999999999999706     
   3.1190000000000420       -31.083244977057362        0.0000000000000000       0.49999999999999684     
   3.1180000000000421       -31.074244977057358        0.0000000000000000       0.49999999999999667     
   3.1170000000000422       -31.065244977057361        0.0000000000000000       0.49999999999999645     
   3.1160000000000423       -31.056244977057364        0.0000000000000000       0.49999999999999634     
   3.1150000000000424       -31.047244977057368        0.0000000000000000       0.49999999999999634     
   3.1140000000000425       -31.038244977057367        0.0000000000000000       0.49999999999999623     
   3.1130000000000426       -31.029244977057367        0.0000000000000000       0.49999999999999606     
   3.1120000000000427       -31.020244977057370        0.0000000000000000       0.49999999999999595     
   3.1110000000000428       -31.011244977057373        0.0000000000000000       0.49999999999999567     
   3.1100000000000430       -31.002244977057369        0.0000000000000000       0.49999999999999534     
   3.1090000000000431       -30.993244977057373        0.0000000000000000       0.49999999999999528     
   3.1080000000000432       -30.984244977057376        0.0000000000000000       0.49999999999999506     
   3.1070000000000433       -30.975244977057379        0.0000000000000000       0.49999999999999495     
   3.1060000000000434       -30.966244977057379        0.0000000000000000       0.49999999999999467     
   3.1050000000000435       -30.957244977057378        0.0000000000000000       0.49999999999999439     
   3.1040000000000436       -30.948244977057378        0.0000000000000000       0.49999999999999406     
   3.1030000000000437       -30.939244977057378        0.0000000000000000       0.49999999999999400     
   3.1020000000000438       -30.930244977057377        0.0000000000000000       0.49999999999999378     
   3.1010000000000439       -30.921244977057381        0.0000000000000000       0.49999999999999351     
   3.1000000000000441       -30.912244977057380        0.0000000000000000       0.49999999999999317     
   3.0990000000000442       -30.903244977057387        0.0000000000000000       0.49999999999999289     
   3.0980000000000443       -30.894244977057387        0.0000000000000000       0.49999999999999267     
   3.0970000000000444       -30.885244977057386        0.0000000000000000       0.49999999999999228     
   3.0960000000000445       -30.876244977057386        0.0000000000000000       0.49999999999999201     
   3.0950000000000446       -30.867244977057389        0.0000000000000000       0.49999999999999173     
   3.0940000000000447       -30.858244977057389        0.0000000000000000       0.49999999999999151     
   3.0930000000000448       -30.849244977057388        0.0000000000000000       0.49999999999999112     
   3.0920000000000449       -30.840244977057392        0.0000000000000000       0.49999999999999062     
   3.0910000000000450       -30.831244977057395        0.0000000000000000       0.49999999999999034     
   3.0900000000000452       -30.822244977057398        0.0000000000000000       0.49999999999998995     
   3.0890000000000453       -30.813244977057398        0.0000000000000000       0.49999999999998956     
   3.0880000000000454       -30.804244977057397        0.0000000000000000       0.49999999999998912     
   3.0870000000000455       -30.795244977057397        0.0000000000000000       0.49999999999998873     
   3.0860000000000456       -30.786244977057400        0.0000000000000000       0.49999999999998807     
   3.0850000000000457       -30.777244977057400        0.0000000000000000       0.49999999999998779     
   3.0840000000000458       -30.768244977057400        0.0000000000000000       0.49999999999998718     
   3.0830000000000459       -30.759244977057403        0.0000000000000000       0.49999999999998668     
   3.0820000000000460       -30.750244977057406        0.0000000000000000       0.49999999999998601     
   3.0810000000000461       -30.741244977057406        0.0000000000000000       0.49999999999998551     
   3.0800000000000463       -30.732244977057405        0.0000000000000000       0.49999999999998501     
   3.0790000000000464       -30.723244977057409        0.0000000000000000       0.49999999999998429     
   3.0780000000000465       -30.714244977057408        0.0000000000000000       0.49999999999998362     
   3.0770000000000466       -30.705244977057411        0.0000000000000000       0.49999999999998301     
   3.0760000000000467       -30.696244977057418        0.0000000000000000       0.49999999999998224     
   3.0750000000000468       -30.687244977057418        0.0000000000000000       0.49999999999998163     
   3.0740000000000469       -30.678244977057417        0.0000000000000000       0.49999999999998085     
   3.0730000000000470       -30.669244977057417        0.0000000000000000       0.49999999999998018     
   3.0720000000000471       -30.660244977057420        0.0000000000000000       0.49999999999997935     
   3.0710000000000472       -30.651244977057420        0.0000000000000000       0.49999999999997841     
   3.0700000000000474       -30.642244977057420        0.0000000000000000       0.49999999999997752     
   3.0690000000000475       -30.633244977057426        0.0000000000000000       0.49999999999997680     
   3.0680000000000476       -30.624244977057426        0.0000000000000000       0.49999999999997574     
   3.0670000000000477       -30.615244977057429        0.0000000000000000       0.49999999999997463     
   3.0660000000000478       -30.606244977057433        0.0000000000000000       0.49999999999997358     
   3.0650000000000479       -30.597244977057436        0.0000000000000000       0.49999999999997258     
   3.0640000000000480       -30.588244977057435        0.0000000000000000       0.49999999999997147     
   3.0630000000000481       -30.579244977057435        0.0000000000000000       0.49999999999997041     
   3.0620000000000482       -30.570244977057438        0.0000000000000000       0.49999999999996914     
   3.0610000000000483       -30.561244977057438        0.0000000000000000       0.49999999999996780     
   3.0600000000000485       -30.552244977057441        0.0000000000000000       0.49999999999996664     
   3.0590000000000486       -30.543244977057441        0.0000000000000000       0.49999999999996508     
   3.0580000000000487       -30.534244977057448        0.0000000000000000       0.49999999999996370     
   3.0570000000000488       -30.525244977057447        0.0000000000000000       0.49999999999996242     
   3.0560000000000489       -30.516244977057450        0.0000000000000000       0.49999999999996081     
   3.0550000000000490       -30.507244977057454        0.0000000000000000       0.49999999999995903     
   3.0540000000000491       -30.498244977057453        0.0000000000000000       0.49999999999995759     
   3.0530000000000492       -30.489244977057460        0.0000000000000000       0.49999999999995570     
   3.0520000000000493       -30.480244977057460        0.0000000000000000       0.49999999999995393     
   3.0510000000000495       -30.471244977057459        0.0000000000000000       0.49999999999995204     
   3.0500000000000496       -30.462244977057466        0.0000000000000000       0.49999999999995004     
   3.0490000000000497       -30.453244977057469        0.0000000000000000       0.49999999999994799     
   3.0480000000000498       -30.444244977057469        0.0000000000000000       0.49999999999994571     
   3.0470000000000499       -30.435244977057472        0.0000000000000000       0.49999999999994355     
   3.0460000000000500       -30.426244977057475        0.0000000000000000       0.49999999999994149     
   3.0450000000000501       -30.417244977057479        0.0000000000000000       0.49999999999993899     
   3.0440000000000502       -30.408244977057482        0.0000000000000000       0.49999999999993633     
   3.0430000000000503       -30.399244977057489        0.0000000000000000       0.49999999999993389     
   3.0420000000000504       -30.390244977057488        0.0000000000000000       0.49999999999993111     
   3.0410000000000506       -30.381244977057491        0.0000000000000000       0.49999999999992856     
   3.0400000000000507       -30.372244977057491        0.0000000000000000       0.49999999999992550     
   3.0390000000000508       -30.363244977057498        0.0000000000000000       0.49999999999992251     
   3.0380000000000509       -30.354244977057498        0.0000000000000000       0.49999999999991929     
   3.0370000000000510       -30.345244977057501        0.0000000000000000       0.49999999999991590     
   3.0360000000000511       -30.336244977057508        0.0000000000000000       0.49999999999991268     
   3.0350000000000512       -30.327244977057514        0.0000000000000000       0.49999999999990918     
   3.0340000000000513       -30.318244977057514        0.0000000000000000       0.49999999999990524     
   3.0330000000000514       -30.309244977057521        0.0000000000000000       0.49999999999990130     
   3.0320000000000515       -30.300244977057520        0.0000000000000000       0.49999999999989725     
   3.0310000000000517       -30.291244977057527        0.0000000000000000       0.49999999999989314     
   3.0300000000000518       -30.282244977057530        0.0000000000000000       0.49999999999988887     
   3.0290000000000519       -30.273244977057534        0.0000000000000000       0.49999999999988415     
   3.0280000000000520       -30.264244977057537        0.0000000000000000       0.49999999999987960     
   3.0270000000000521       -30.255244977057544        0.0000000000000000       0.49999999999987477     
   3.0260000000000522       -30.246244977057550        0.0000000000000000       0.49999999999986955     
   3.0250000000000523       -30.237244977057554        0.0000000000000000       0.49999999999986433     
   3.0240000000000524       -30.228244977057560        0.0000000000000000       0.49999999999985856     
   3.0230000000000525       -30.219244977057564        0.0000000000000000       0.49999999999985295     
   3.0220000000000526       -30.210244977057570        0.0000000000000000       0.49999999999984684     
   3.0210000000000528       -30.201244977057577        0.0000000000000000       0.49999999999984063     
   3.0200000000000529       -30.192244977057580        0.0000000000000000       0.49999999999983430     
   3.0190000000000530       -30.183244977057587        0.0000000000000000       0.49999999999982747     
   3.0180000000000531       -30.174244977057597        0.0000000000000000       0.49999999999982059     
   3.0170000000000532       -30.165244977057601        0.0000000000000000       0.49999999999981309     
   3.0160000000000533       -30.156244977057607        0.0000000000000000       0.49999999999980538     
   3.0150000000000534       -30.147244977057614        0.0000000000000000       0.49999999999979772     
   3.0140000000000535       -30.138244977057624        0.0000000000000000       0.49999999999978939     
   3.0130000000000536       -30.129244977057628        0.0000000000000000       0.49999999999978073     
   3.0120000000000537       -30.120244977057634        0.0000000000000000       0.49999999999977163     
   3.0110000000000539       -30.111244977057645        0.0000000000000000       0.49999999999976258     
   3.0100000000000540       -30.102244977057651        0.0000000000000000       0.49999999999975286     
   3.0090000000000541       -30.093244977057662        0.0000000000000000       0.49999999999974254     
   3.0080000000000542       -30.084244977057669        0.0000000000000000       0.49999999999973205     
   3.0070000000000543       -30.075244977057682        0.0000000000000000       0.49999999999972111     
   3.0060000000000544       -30.066244977057689        0.0000000000000000       0.49999999999970979     
   3.0050000000000545       -30.057244977057699        0.0000000000000000       0.49999999999969791     
   3.0040000000000546       -30.048244977057710        0.0000000000000000       0.49999999999968558     
   3.0030000000000547       -30.039244977057724        0.0000000000000000       0.49999999999967276     
   3.0020000000000548       -30.030244977057734        0.0000000000000000       0.49999999999965944     
   3.0010000000000550       -30.021244977057744        0.0000000000000000       0.49999999999964573     
   3.0000000000000551       -30.012244977057755        0.0000000000000000       0.49999999999963118     
   2.9990000000000552       -30.003244977057772        0.0000000000000000       0.49999999999961603     
   2.9980000000000553       -29.994244977057782        0.0000000000000000       0.49999999999960032     
   2.9970000000000554       -29.985244977057796        0.0000000000000000       0.49999999999958405     
   2.9960000000000555       -29.976244977057810        0.0000000000000000       0.49999999999956707     
   2.9950000000000556       -29.967244977057828        0.0000000000000000       0.49999999999954919     
   2.9940000000000557       -29.958244977057838        0.0000000000000000       0.49999999999953104     
   2.9930000000000558       -29.949244977057852        0.0000000000000000       0.49999999999951178     
   2.9920000000000559       -29.940244977057866        0.0000000000000000       0.49999999999949207     
   2.9910000000000561       -29.931244977057887        0.0000000000000000       0.49999999999947126     
   2.9900000000000562       -29.922244977057900        0.0000000000000000       0.49999999999944972     
   2.9890000000000563       -29.913244977057921        0.0000000000000000       0.49999999999942712     
   2.9880000000000564       -29.904244977057942        0.0000000000000000       0.49999999999940381     
   2.9870000000000565       -29.895244977057963        0.0000000000000000       0.49999999999937944     
   2.9860000000000566       -29.886244977057984        0.0000000000000000       0.49999999999935407     
   2.9850000000000567       -29.877244977058002        0.0000000000000000       0.49999999999932776     
   2.9840000000000568       -29.868244977058023        0.0000000000000000       0.49999999999930023     
   2.9830000000000569       -29.859244977058047        0.0000000000000000       0.49999999999927169     
   2.9820000000000570       -29.850244977058068        0.0000000000000000       0.49999999999924200     
   2.9810000000000572       -29.841244977058096        0.0000000000000000       0.49999999999921102     
   2.9800000000000573       -29.832244977058124        0.0000000000000000       0.49999999999917910     
   2.9790000000000574       -29.823244977058145        0.0000000000000000       0.49999999999914535     
   2.9780000000000575       -29.814244977058173        0.0000000000000000       0.49999999999911032     
   2.9770000000000576       -29.805244977058202        0.0000000000000000       0.49999999999907413     
   2.9760000000000577       -29.796244977058233        0.0000000000000000       0.49999999999903644     
   2.9750000000000578       -29.787244977058261        0.0000000000000000       0.49999999999899702     
   2.9740000000000579       -29.778244977058296        0.0000000000000000       0.49999999999895628     
   2.9730000000000580       -29.769244977058328        0.0000000000000000       0.49999999999891337     
   2.9720000000000582       -29.760244977058363        0.0000000000000000       0.49999999999886924     
   2.9710000000000583       -29.751244977058398        0.0000000000000000       0.49999999999882294     
   2.9700000000000584       -29.742244977058437        0.0000000000000000       0.49999999999877520     
   2.9690000000000585       -29.733244977058479        0.0000000000000000       0.49999999999872496     
   2.9680000000000586       -29.724244977058518        0.0000000000000000       0.49999999999867306     
   2.9670000000000587       -29.715244977058560        0.0000000000000000       0.49999999999861899     
   2.9660000000000588       -29.706244977058603        0.0000000000000000       0.49999999999856254     
   2.9650000000000589       -29.697244977058649        0.0000000000000000       0.49999999999850381     
   2.9640000000000590       -29.688244977058694        0.0000000000000000       0.49999999999844280     
   2.9630000000000591       -29.679244977058744        0.0000000000000000       0.49999999999837919     
   2.9620000000000593       -29.670244977058800        0.0000000000000000       0.49999999999831313     
   2.9610000000000594       -29.661244977058846        0.0000000000000000       0.49999999999824429     
   2.9600000000000595       -29.652244977058906        0.0000000000000000       0.49999999999817263     
   2.9590000000000596       -29.643244977058963        0.0000000000000000       0.49999999999809802     
   2.9580000000000597       -29.634244977059023        0.0000000000000000       0.49999999999802036     
   2.9570000000000598       -29.625244977059083        0.0000000000000000       0.49999999999793954     
   2.9560000000000599       -29.616244977059154        0.0000000000000000       0.49999999999785555     
   2.9550000000000600       -29.607244977059217        0.0000000000000000       0.49999999999776790     
   2.9540000000000601       -29.598244977059288        0.0000000000000000       0.49999999999767680     
   2.9530000000000602       -29.589244977059362        0.0000000000000000       0.49999999999758216     
   2.9520000000000604       -29.580244977059436        0.0000000000000000       0.49999999999748340     
   2.9510000000000605       -29.571244977059514        0.0000000000000000       0.49999999999738065     
   2.9500000000000606       -29.562244977059599        0.0000000000000000       0.49999999999727390     
   2.9490000000000607       -29.553244977059684        0.0000000000000000       0.49999999999716266     
   2.9480000000000608       -29.544244977059773        0.0000000000000000       0.49999999999704670     
   2.9470000000000609       -29.535244977059865        0.0000000000000000       0.49999999999692613     
   2.9460000000000610       -29.526244977059964        0.0000000000000000       0.49999999999680078     
   2.9450000000000611       -29.517244977060063        0.0000000000000000       0.49999999999667033     
   2.9440000000000612       -29.508244977060166        0.0000000000000000       0.49999999999653422     
   2.9430000000000613       -29.499244977060279        0.0000000000000000       0.49999999999639283     
   2.9420000000000615       -29.490244977060389        0.0000000000000000       0.49999999999624567     
   2.9410000000000616       -29.481244977060506        0.0000000000000000       0.49999999999609263     
   2.9400000000000617       -29.472244977060626        0.0000000000000000       0.49999999999593314     
   2.9390000000000618       -29.463244977060757        0.0000000000000000       0.49999999999576716     
   2.9380000000000619       -29.454244977060888        0.0000000000000000       0.49999999999559425     
   2.9370000000000620       -29.445244977061023        0.0000000000000000       0.49999999999541456     
   2.9360000000000621       -29.436244977061172        0.0000000000000000       0.49999999999522732     
   2.9350000000000622       -29.427244977061317        0.0000000000000000       0.49999999999503264     
   2.9340000000000623       -29.418244977061473        0.0000000000000000       0.49999999999482980     
   2.9330000000000624       -29.409244977061636        0.0000000000000000       0.49999999999461903     
   2.9320000000000626       -29.400244977061803        0.0000000000000000       0.49999999999439915     
   2.9310000000000627       -29.391244977061977        0.0000000000000000       0.49999999999417061     
   2.9300000000000628       -29.382244977062161        0.0000000000000000       0.49999999999393263     
   2.9290000000000629       -29.373244977062349        0.0000000000000000       0.49999999999368516     
   2.9280000000000630       -29.364244977062548        0.0000000000000000       0.49999999999342726     
   2.9270000000000631       -29.355244977062753        0.0000000000000000       0.49999999999315925     
   2.9260000000000632       -29.346244977062959        0.0000000000000000       0.49999999999288008     
   2.9250000000000633       -29.337244977063186        0.0000000000000000       0.49999999999258954     
   2.9240000000000634       -29.328244977063413        0.0000000000000000       0.49999999999228706     
   2.9230000000000635       -29.319244977063661        0.0000000000000000       0.49999999999197237     
   2.9220000000000637       -29.310244977063910        0.0000000000000000       0.49999999999164452     
   2.9210000000000638       -29.301244977064165        0.0000000000000000       0.49999999999130357     
   2.9200000000000639       -29.292244977064442        0.0000000000000000       0.49999999999094885     
   2.9190000000000640       -29.283244977064722        0.0000000000000000       0.49999999999057937     
   2.9180000000000641       -29.274244977065010        0.0000000000000000       0.49999999999019490     
   2.9170000000000642       -29.265244977065318        0.0000000000000000       0.49999999998979483     
   2.9160000000000643       -29.256244977065638        0.0000000000000000       0.49999999998937839     
   2.9150000000000644       -29.247244977065968        0.0000000000000000       0.49999999998894473     
   2.9140000000000645       -29.238244977066312        0.0000000000000000       0.49999999998849376     
   2.9130000000000646       -29.229244977066671        0.0000000000000000       0.49999999998802408     
   2.9120000000000648       -29.220244977067040        0.0000000000000000       0.49999999998753530     
   2.9110000000000649       -29.211244977067434        0.0000000000000000       0.49999999998702649     
   2.9100000000000650       -29.202244977067831        0.0000000000000000       0.49999999998649730     
   2.9090000000000651       -29.193244977068254        0.0000000000000000       0.49999999998594624     
   2.9080000000000652       -29.184244977068690        0.0000000000000000       0.49999999998537259     
   2.9070000000000653       -29.175244977069145        0.0000000000000000       0.49999999998477551     
   2.9060000000000654       -29.166244977069621        0.0000000000000000       0.49999999998415440     
   2.9050000000000655       -29.157244977070114        0.0000000000000000       0.49999999998350764     
   2.9040000000000656       -29.148244977070625        0.0000000000000000       0.49999999998283468     
   2.9030000000000658       -29.139244977071161        0.0000000000000000       0.49999999998213401     
   2.9020000000000659       -29.130244977071712        0.0000000000000000       0.49999999998140471     
   2.9010000000000660       -29.121244977072294        0.0000000000000000       0.49999999998064593     
   2.9000000000000661       -29.112244977072894        0.0000000000000000       0.49999999997985600     
   2.8990000000000662       -29.103244977073519        0.0000000000000000       0.49999999997903394     
   2.8980000000000663       -29.094244977074176        0.0000000000000000       0.49999999997817846     
   2.8970000000000664       -29.085244977074851        0.0000000000000000       0.49999999997728800     
   2.8960000000000665       -29.076244977075557        0.0000000000000000       0.49999999997636102     
   2.8950000000000666       -29.067244977076292        0.0000000000000000       0.49999999997539618     
   2.8940000000000667       -29.058244977077052        0.0000000000000000       0.49999999997439204     
   2.8930000000000669       -29.049244977077855        0.0000000000000000       0.49999999997334715     
   2.8920000000000670       -29.040244977078679        0.0000000000000000       0.49999999997225925     
   2.8910000000000671       -29.031244977079542        0.0000000000000000       0.49999999997112732     
   2.8900000000000672       -29.022244977080444        0.0000000000000000       0.49999999996994898     
   2.8890000000000673       -29.013244977081371        0.0000000000000000       0.49999999996872257     
   2.8880000000000674       -29.004244977082344        0.0000000000000000       0.49999999996744598     
   2.8870000000000675       -28.995244977083352        0.0000000000000000       0.49999999996611749     
   2.8860000000000676       -28.986244977084407        0.0000000000000000       0.49999999996473476     
   2.8850000000000677       -28.977244977085505        0.0000000000000000       0.49999999996329553     
   2.8840000000000678       -28.968244977086645        0.0000000000000000       0.49999999996179745     
   2.8830000000000680       -28.959244977087831        0.0000000000000000       0.49999999996023853     
   2.8820000000000681       -28.950244977089067        0.0000000000000000       0.49999999995861583     
   2.8810000000000682       -28.941244977090349        0.0000000000000000       0.49999999995692679     
   2.8800000000000683       -28.932244977091688        0.0000000000000000       0.49999999995516892     
   2.8790000000000684       -28.923244977093081        0.0000000000000000       0.49999999995333955     
   2.8780000000000685       -28.914244977094533        0.0000000000000000       0.49999999995143518     
   2.8770000000000686       -28.905244977096036        0.0000000000000000       0.49999999994945316     
   2.8760000000000687       -28.896244977097609        0.0000000000000000       0.49999999994739053     
   2.8750000000000688       -28.887244977099243        0.0000000000000000       0.49999999994524341     
   2.8740000000000689       -28.878244977100941        0.0000000000000000       0.49999999994300853     
   2.8730000000000691       -28.869244977102714        0.0000000000000000       0.49999999994068262     
   2.8720000000000692       -28.860244977104557        0.0000000000000000       0.49999999993826205     
   2.8710000000000693       -28.851244977106475        0.0000000000000000       0.49999999993574246     
   2.8700000000000694       -28.842244977108464        0.0000000000000000       0.49999999993311994     
   2.8690000000000695       -28.833244977110546        0.0000000000000000       0.49999999993039052     
   2.8680000000000696       -28.824244977112706        0.0000000000000000       0.49999999992754990     
   2.8670000000000697       -28.815244977114954        0.0000000000000000       0.49999999992459299     
   2.8660000000000698       -28.806244977117299        0.0000000000000000       0.49999999992151545     
   2.8650000000000699       -28.797244977119732        0.0000000000000000       0.49999999991831268     
   2.8640000000000700       -28.788244977122272        0.0000000000000000       0.49999999991497884     
   2.8630000000000702       -28.779244977124911        0.0000000000000000       0.49999999991150901     
   2.8620000000000703       -28.770244977127653        0.0000000000000000       0.49999999990789767     
   2.8610000000000704       -28.761244977130517        0.0000000000000000       0.49999999990413879     
   2.8600000000000705       -28.752244977133493        0.0000000000000000       0.49999999990022675     
   2.8590000000000706       -28.743244977136591        0.0000000000000000       0.49999999989615479     
   2.8580000000000707       -28.734244977139813        0.0000000000000000       0.49999999989191679     
   2.8570000000000708       -28.725244977143166        0.0000000000000000       0.49999999988750610     
   2.8560000000000709       -28.716244977146662        0.0000000000000000       0.49999999988291488     
   2.8550000000000710       -28.707244977150296        0.0000000000000000       0.49999999987813659     
   2.8540000000000711       -28.698244977154083        0.0000000000000000       0.49999999987316340     
   2.8530000000000713       -28.689244977158019        0.0000000000000000       0.49999999986798699     
   2.8520000000000714       -28.680244977162115        0.0000000000000000       0.49999999986259941     
   2.8510000000000715       -28.671244977166381        0.0000000000000000       0.49999999985699201     
   2.8500000000000716       -28.662244977170822        0.0000000000000000       0.49999999985115573     
   2.8490000000000717       -28.653244977175440        0.0000000000000000       0.49999999984508114     
   2.8480000000000718       -28.644244977180254        0.0000000000000000       0.49999999983875892     
   2.8470000000000719       -28.635244977185256        0.0000000000000000       0.49999999983217841     
   2.8460000000000720       -28.626244977190463        0.0000000000000000       0.49999999982532956     
   2.8450000000000721       -28.617244977195888        0.0000000000000000       0.49999999981820104     
   2.8440000000000722       -28.608244977201533        0.0000000000000000       0.49999999981078158     
   2.8430000000000724       -28.599244977207405        0.0000000000000000       0.49999999980305948     
   2.8420000000000725       -28.590244977213519        0.0000000000000000       0.49999999979502224     
   2.8410000000000726       -28.581244977219878        0.0000000000000000       0.49999999978665699     
   2.8400000000000727       -28.572244977226500        0.0000000000000000       0.49999999977795018     
   2.8390000000000728       -28.563244977233396        0.0000000000000000       0.49999999976888820     
   2.8380000000000729       -28.554244977240572        0.0000000000000000       0.49999999975945630     
   2.8370000000000730       -28.545244977248036        0.0000000000000000       0.49999999974963960     
   2.8360000000000731       -28.536244977255805        0.0000000000000000       0.49999999973942216     
   2.8350000000000732       -28.527244977263898        0.0000000000000000       0.49999999972878761     
   2.8340000000000733       -28.518244977272317        0.0000000000000000       0.49999999971771941     
   2.8330000000000735       -28.509244977281078        0.0000000000000000       0.49999999970619907     
   2.8320000000000736       -28.500244977290198        0.0000000000000000       0.49999999969420894     
   2.8310000000000737       -28.491244977299690        0.0000000000000000       0.49999999968172926     
   2.8300000000000738       -28.482244977309570        0.0000000000000000       0.49999999966874042     
   2.8290000000000739       -28.473244977319851        0.0000000000000000       0.49999999965522146     
   2.8280000000000740       -28.464244977330551        0.0000000000000000       0.49999999964115066     
   2.8270000000000741       -28.455244977341692        0.0000000000000000       0.49999999962650560     
   2.8260000000000742       -28.446244977353285        0.0000000000000000       0.49999999961126323     
   2.8250000000000743       -28.437244977365349        0.0000000000000000       0.49999999959539843     
   2.8240000000000745       -28.428244977377908        0.0000000000000000       0.49999999957888619     
   2.8230000000000746       -28.419244977390978        0.0000000000000000       0.49999999956170016     
   2.8220000000000747       -28.410244977404581        0.0000000000000000       0.49999999954381263     
   2.8210000000000748       -28.401244977418742        0.0000000000000000       0.49999999952519519     
   2.8200000000000749       -28.392244977433482        0.0000000000000000       0.49999999950581803     
   2.8190000000000750       -28.383244977448818        0.0000000000000000       0.49999999948565005     
   2.8180000000000751       -28.374244977464784        0.0000000000000000       0.49999999946465895     
   2.8170000000000752       -28.365244977481396        0.0000000000000000       0.49999999944281115     
   2.8160000000000753       -28.356244977498697        0.0000000000000000       0.49999999942007151     
   2.8150000000000754       -28.347244977516695        0.0000000000000000       0.49999999939640422     
   2.8140000000000756       -28.338244977535425        0.0000000000000000       0.49999999937177075     
   2.8130000000000757       -28.329244977554929        0.0000000000000000       0.49999999934613204     
   2.8120000000000758       -28.320244977575221        0.0000000000000000       0.49999999931944700     
   2.8110000000000759       -28.311244977596346        0.0000000000000000       0.49999999929167299     
   2.8100000000000760       -28.302244977618336        0.0000000000000000       0.49999999926276562     
   2.8090000000000761       -28.293244977641216        0.0000000000000000       0.49999999923267829     
   2.8080000000000762       -28.284244977665029        0.0000000000000000       0.49999999920136301     
   2.8070000000000763       -28.275244977689816        0.0000000000000000       0.49999999916876969     
   2.8060000000000764       -28.266244977715623        0.0000000000000000       0.49999999913484633     
   2.8050000000000765       -28.257244977742470        0.0000000000000000       0.49999999909953835     
   2.8040000000000767       -28.248244977770423        0.0000000000000000       0.49999999906278958     
   2.8030000000000768       -28.239244977799508        0.0000000000000000       0.49999999902454095     
   2.8020000000000769       -28.230244977829784        0.0000000000000000       0.49999999898473135     
   2.8010000000000770       -28.221244977861296        0.0000000000000000       0.49999999894329705     
   2.8000000000000771       -28.212244977894095        0.0000000000000000       0.49999999890017183     
   2.7990000000000772       -28.203244977928232        0.0000000000000000       0.49999999885528645     
   2.7980000000000773       -28.194244977963763        0.0000000000000000       0.49999999880856932     
   2.7970000000000774       -28.185244978000739        0.0000000000000000       0.49999999875994561     
   2.7960000000000775       -28.176244978039225        0.0000000000000000       0.49999999870933753     
   2.7950000000000776       -28.167244978079289        0.0000000000000000       0.49999999865666378     
   2.7940000000000778       -28.158244978120980        0.0000000000000000       0.49999999860184058     
   2.7930000000000779       -28.149244978164376        0.0000000000000000       0.49999999854477978     
   2.7920000000000780       -28.140244978209545        0.0000000000000000       0.49999999848539034     
   2.7910000000000781       -28.131244978256554        0.0000000000000000       0.49999999842357717     
   2.7900000000000782       -28.122244978305481        0.0000000000000000       0.49999999835924114     
   2.7890000000000783       -28.113244978356406        0.0000000000000000       0.49999999829227959     
   2.7880000000000784       -28.104244978409412        0.0000000000000000       0.49999999822258506     
   2.7870000000000785       -28.095244978464578        0.0000000000000000       0.49999999815004614     
   2.7860000000000786       -28.086244978521997        0.0000000000000000       0.49999999807454681     
   2.7850000000000787       -28.077244978581756        0.0000000000000000       0.49999999799596612     
   2.7840000000000789       -28.068244978643957        0.0000000000000000       0.49999999791417843     
   2.7830000000000790       -28.059244978708698        0.0000000000000000       0.49999999782905280     
   2.7820000000000791       -28.050244978776075        0.0000000000000000       0.49999999774045290     
   2.7810000000000792       -28.041244978846205        0.0000000000000000       0.49999999764823716     
   2.7800000000000793       -28.032244978919195        0.0000000000000000       0.49999999755225782     
   2.7790000000000794       -28.023244978995173        0.0000000000000000       0.49999999745236123     
   2.7780000000000795       -28.014244979074245        0.0000000000000000       0.49999999734838763     
   2.7770000000000796       -28.005244979156540        0.0000000000000000       0.49999999724017058     
   2.7760000000000797       -27.996244979242199        0.0000000000000000       0.49999999712753684     
   2.7750000000000798       -27.987244979331354        0.0000000000000000       0.49999999701030629     
   2.7740000000000800       -27.978244979424147        0.0000000000000000       0.49999999688829128     
   2.7730000000000801       -27.969244979520727        0.0000000000000000       0.49999999676129647     
   2.7720000000000802       -27.960244979621248        0.0000000000000000       0.49999999662911837     
   2.7710000000000803       -27.951244979725871        0.0000000000000000       0.49999999649154581     
   2.7700000000000804       -27.942244979834769        0.0000000000000000       0.49999999634835846     
   2.7690000000000805       -27.933244979948100        0.0000000000000000       0.49999999619932706     
   2.7680000000000806       -27.924244980066067        0.0000000000000000       0.49999999604421319     
   2.7670000000000807       -27.915244980188845        0.0000000000000000       0.49999999588276850     
   2.7660000000000808       -27.906244980316632        0.0000000000000000       0.49999999571473452     
   2.7650000000000809       -27.897244980449639        0.0000000000000000       0.49999999553984265     
   2.7640000000000811       -27.888244980588066        0.0000000000000000       0.49999999535781253     
   2.7630000000000812       -27.879244980732153        0.0000000000000000       0.49999999516835314     
   2.7620000000000813       -27.870244980882113        0.0000000000000000       0.49999999497116093     
   2.7610000000000814       -27.861244981038197        0.0000000000000000       0.49999999476592055     
   2.7600000000000815       -27.852244981200652        0.0000000000000000       0.49999999455230326     
   2.7590000000000816       -27.843244981369736        0.0000000000000000       0.49999999432996733     
   2.7580000000000817       -27.834244981545719        0.0000000000000000       0.49999999409855672     
   2.7570000000000818       -27.825244981728883        0.0000000000000000       0.49999999385770111     
   2.7560000000000819       -27.816244981919532        0.0000000000000000       0.49999999360701469     
   2.7550000000000820       -27.807244982117957        0.0000000000000000       0.49999999334609657     
   2.7540000000000822       -27.798244982324476        0.0000000000000000       0.49999999307452875     
   2.7530000000000823       -27.789244982539426        0.0000000000000000       0.49999999279187674     
   2.7520000000000824       -27.780244982763154        0.0000000000000000       0.49999999249768795     
   2.7510000000000825       -27.771244982996009        0.0000000000000000       0.49999999219149138     
   2.7500000000000826       -27.762244983238368        0.0000000000000000       0.49999999187279698     
   2.7490000000000827       -27.753244983490621        0.0000000000000000       0.49999999154109442     
   2.7480000000000828       -27.744244983753170        0.0000000000000000       0.49999999119585264     
   2.7470000000000829       -27.735244984026433        0.0000000000000000       0.49999999083651914     
   2.7460000000000830       -27.726244984310853        0.0000000000000000       0.49999999046251836     
   2.7450000000000832       -27.717244984606875        0.0000000000000000       0.49999999007325197     
   2.7440000000000833       -27.708244984914987        0.0000000000000000       0.49999998966809628     
   2.7430000000000834       -27.699244985235669        0.0000000000000000       0.49999998924640265     
   2.7420000000000835       -27.690244985569443        0.0000000000000000       0.49999998880749619     
   2.7410000000000836       -27.681244985916841        0.0000000000000000       0.49999998835067383     
   2.7400000000000837       -27.672244986278418        0.0000000000000000       0.49999998787520433     
   2.7390000000000838       -27.663244986654750        0.0000000000000000       0.49999998738032619     
   2.7380000000000839       -27.654244987046454        0.0000000000000000       0.49999998686524705     
   2.7370000000000840       -27.645244987454134        0.0000000000000000       0.49999998632914205     
   2.7360000000000841       -27.636244987878460        0.0000000000000000       0.49999998577115279     
   2.7350000000000843       -27.627244988320108        0.0000000000000000       0.49999998519038552     
   2.7340000000000844       -27.618244988779779        0.0000000000000000       0.49999998458591044     
   2.7330000000000845       -27.609244989258222        0.0000000000000000       0.49999998395675949     
   2.7320000000000846       -27.600244989756188        0.0000000000000000       0.49999998330192458     
   2.7310000000000847       -27.591244990274479        0.0000000000000000       0.49999998262035716     
   2.7300000000000848       -27.582244990813930        0.0000000000000000       0.49999998191096584     
   2.7290000000000849       -27.573244991375400        0.0000000000000000       0.49999998117261402     
   2.7280000000000850       -27.564244991959793        0.0000000000000000       0.49999998040411903     
   2.7270000000000851       -27.555244992568038        0.0000000000000000       0.49999997960425030     
   2.7260000000000852       -27.546244993201114        0.0000000000000000       0.49999997877172586     
   2.7250000000000854       -27.537244993860043        0.0000000000000000       0.49999997790521244     
   2.7240000000000855       -27.528244994545858        0.0000000000000000       0.49999997700332177     
   2.7230000000000856       -27.519244995259676        0.0000000000000000       0.49999997606460844     
   2.7220000000000857       -27.510244996002633        0.0000000000000000       0.49999997508756905     
   2.7210000000000858       -27.501244996775924        0.0000000000000000       0.49999997407063784     
   2.7200000000000859       -27.492244997580780        0.0000000000000000       0.49999997301218513     
   2.7190000000000860       -27.483244998418499        0.0000000000000000       0.49999997191051487     
   2.7180000000000861       -27.474244999290413        0.0000000000000000       0.49999997076386155     
   2.7170000000000862       -27.465245000197932        0.0000000000000000       0.49999996957038761     
   2.7160000000000863       -27.456245001142499        0.0000000000000000       0.49999996832817989     
   2.7150000000000865       -27.447245002125634        0.0000000000000000       0.49999996703524741     
   2.7140000000000866       -27.438245003148907        0.0000000000000000       0.49999996568951766     
   2.7130000000000867       -27.429245004213961        0.0000000000000000       0.49999996428883325     
   2.7120000000000868       -27.420245005322496        0.0000000000000000       0.49999996283094844     
   2.7110000000000869       -27.411245006476303        0.0000000000000000       0.49999996131352603     
   2.7100000000000870       -27.402245007677212        0.0000000000000000       0.49999995973413269     
   2.7090000000000871       -27.393245008927167        0.0000000000000000       0.49999995809023573     
   2.7080000000000872       -27.384245010228156        0.0000000000000000       0.49999995637919881     
   2.7070000000000873       -27.375245011582276        0.0000000000000000       0.49999995459827740     
   2.7060000000000874       -27.366245012991687        0.0000000000000000       0.49999995274461528     
   2.7050000000000876       -27.357245014458655        0.0000000000000000       0.49999995081523835     
   2.7040000000000877       -27.348245015985533        0.0000000000000000       0.49999994880705145     
   2.7030000000000878       -27.339245017574768        0.0000000000000000       0.49999994671683240     
   2.7020000000000879       -27.330245019228904        0.0000000000000000       0.49999994454122682     
   2.7010000000000880       -27.321245020950599        0.0000000000000000       0.49999994227674338     
