   3.0000000000000000       -29.844897486269474        0.0000000000000000       0.33333333333333331     
   2.9990000000000001       -29.838897486269474        0.0000000000000000       0.33333333333333331     
   2.9980000000000002       -29.832897486269474        0.0000000000000000       0.33333333333333331     
   2.9970000000000003       -29.826897486269477        0.0000000000000000       0.33333333333333331     
   2.9960000000000004       -29.820897486269477        0.0000000000000000       0.33333333333333331     
   2.9950000000000006       -29.814897486269476        0.0000000000000000       0.33333333333333331     
   2.9940000000000007       -29.808897486269480        0.0000000000000000       0.33333333333333331     
   2.9930000000000008       -29.802897486269480        0.0000000000000000       0.33333333333333331     
   2.9920000000000009       -29.796897486269479        0.0000000000000000       0.33333333333333331     
   2.9910000000000010       -29.790897486269479        0.0000000000000000       0.33333333333333331     
   2.9900000000000011       -29.784897486269479        0.0000000000000000       0.33333333333333331     
   2.9890000000000012       -29.778897486269482        0.0000000000000000       0.33333333333333331     
   2.9880000000000013       -29.772897486269482        0.0000000000000000       0.33333333333333331     
   2.9870000000000014       -29.766897486269482        0.0000000000000000       0.33333333333333331     
   2.9860000000000015       -29.760897486269485        0.0000000000000000       0.33333333333333331     
   2.9850000000000017       -29.754897486269485        0.0000000000000000       0.33333333333333331     
   2.9840000000000018       -29.748897486269485        0.0000000000000000       0.33333333333333331     
   2.9830000000000019       -29.742897486269484        0.0000000000000000       0.33333333333333331     
   2.9820000000000020       -29.736897486269484        0.0000000000000000       0.33333333333333331     
   2.9810000000000021       -29.730897486269487        0.0000000000000000       0.33333333333333331     
   2.9800000000000022       -29.724897486269487        0.0000000000000000       0.33333333333333331     
   2.9790000000000023       -29.718897486269487        0.0000000000000000       0.33333333333333331     
   2.9780000000000024       -29.712897486269490        0.0000000000000000       0.33333333333333331     
   2.9770000000000025       -29.706897486269490        0.0000000000000000       0.33333333333333331     
   2.9760000000000026       -29.700897486269490        0.0000000000000000       0.33333333333333331     
   2.9750000000000028       -29.694897486269490        0.0000000000000000       0.33333333333333331     
   2.9740000000000029       -29.688897486269489        0.0000000000000000       0.33333333333333331     
   2.9730000000000030       -29.682897486269493        0.0000000000000000       0.33333333333333331     
   2.9720000000000031       -29.676897486269493        0.0000000000000000       0.33333333333333331     
   2.9710000000000032       -29.670897486269492        0.0000000000000000       0.33333333333333331     
   2.9700000000000033       -29.664897486269496        0.0000000000000000       0.33333333333333331     
   2.9690000000000034       -29.658897486269495        0.0000000000000000       0.33333333333333331     
   2.9680000000000035       -29.652897486269495        0.0000000000000000       0.33333333333333331     
   2.9670000000000036       -29.646897486269495        0.0000000000000000       0.33333333333333331     
   2.9660000000000037       -29.640897486269495        0.0000000000000000       0.33333333333333331     
   2.9650000000000039       -29.634897486269498        0.0000000000000000       0.33333333333333331     
   2.9640000000000040       -29.628897486269498        0.0000000000000000       0.33333333333333331     
   2.9630000000000041       -29.622897486269498        0.0000000000000000       0.33333333333333331     
   2.9620000000000042       -29.616897486269501        0.0000000000000000       0.33333333333333331     
   2.9610000000000043       -29.610897486269501        0.0000000000000000       0.33333333333333331     
   2.9600000000000044       -29.604897486269500        0.0000000000000000       0.33333333333333331     
   2.9590000000000045       -29.598897486269500        0.0000000000000000       0.33333333333333331     
   2.9580000000000046       -29.592897486269500        0.0000000000000000       0.33333333333333331     
   2.9570000000000047       -29.586897486269503        0.0000000000000000       0.33333333333333331     
   2.9560000000000048       -29.580897486269503        0.0000000000000000       0.33333333333333331     
   2.9550000000000050       -29.574897486269503        0.0000000000000000       0.33333333333333331     
   2.9540000000000051       -29.568897486269506        0.0000000000000000       0.33333333333333331     
   2.9530000000000052       -29.562897486269506        0.0000000000000000       0.33333333333333331     
   2.9520000000000053       -29.556897486269506        0.0000000000000000       0.33333333333333331     
   2.9510000000000054       -29.550897486269506        0.0000000000000000       0.33333333333333331     
   2.9500000000000055       -29.544897486269505        0.0000000000000000       0.33333333333333331     
   2.9490000000000056       -29.538897486269509        0.0000000000000000       0.33333333333333331     
   2.9480000000000057       -29.532897486269508        0.0000000000000000       0.33333333333333331     
   2.9470000000000058       -29.526897486269508        0.0000000000000000       0.33333333333333331     
   2.9460000000000059       -29.520897486269511        0.0000000000000000       0.33333333333333331     
   2.9450000000000061       -29.514897486269511        0.0000000000000000       0.33333333333333331     
   2.9440000000000062       -29.508897486269511        0.0000000000000000       0.33333333333333331     
   2.9430000000000063       -29.502897486269511        0.0000000000000000       0.33333333333333331     
   2.9420000000000064       -29.496897486269511        0.0000000000000000       0.33333333333333331     
   2.9410000000000065       -29.490897486269514        0.0000000000000000       0.33333333333333331     
   2.9400000000000066       -29.484897486269514        0.0000000000000000       0.33333333333333331     
   2.9390000000000067       -29.478897486269513        0.0000000000000000       0.33333333333333331     
   2.9380000000000068       -29.472897486269517        0.0000000000000000       0.33333333333333331     
   2.9370000000000069       -29.466897486269517        0.0000000000000000       0.33333333333333331     
   2.9360000000000070       -29.460897486269516        0.0000000000000000       0.33333333333333331     
   2.9350000000000072       -29.454897486269516        0.0000000000000000       0.33333333333333331     
   2.9340000000000073       -29.448897486269516        0.0000000000000000       0.33333333333333331     
   2.9330000000000074       -29.442897486269519        0.0000000000000000       0.33333333333333331     
   2.9320000000000075       -29.436897486269519        0.0000000000000000       0.33333333333333331     
   2.9310000000000076       -29.430897486269519        0.0000000000000000       0.33333333333333331     
   2.9300000000000077       -29.424897486269522        0.0000000000000000       0.33333333333333331     
   2.9290000000000078       -29.418897486269522        0.0000000000000000       0.33333333333333331     
   2.9280000000000079       -29.412897486269522        0.0000000000000000       0.33333333333333331     
   2.9270000000000080       -29.406897486269521        0.0000000000000000       0.33333333333333331     
   2.9260000000000081       -29.400897486269521        0.0000000000000000       0.33333333333333331     
   2.9250000000000083       -29.394897486269524        0.0000000000000000       0.33333333333333331     
   2.9240000000000084       -29.388897486269524        0.0000000000000000       0.33333333333333331     
   2.9230000000000085       -29.382897486269524        0.0000000000000000       0.33333333333333331     
   2.9220000000000086       -29.376897486269527        0.0000000000000000       0.33333333333333331     
   2.9210000000000087       -29.370897486269527        0.0000000000000000       0.33333333333333331     
   2.9200000000000088       -29.364897486269527        0.0000000000000000       0.33333333333333331     
   2.9190000000000089       -29.358897486269527        0.0000000000000000       0.33333333333333331     
   2.9180000000000090       -29.352897486269526        0.0000000000000000       0.33333333333333331     
   2.9170000000000091       -29.346897486269530        0.0000000000000000       0.33333333333333331     
   2.9160000000000093       -29.340897486269530        0.0000000000000000       0.33333333333333331     
   2.9150000000000094       -29.334897486269529        0.0000000000000000       0.33333333333333331     
   2.9140000000000095       -29.328897486269533        0.0000000000000000       0.33333333333333331     
   2.9130000000000096       -29.322897486269532        0.0000000000000000       0.33333333333333331     
   2.9120000000000097       -29.316897486269532        0.0000000000000000       0.33333333333333331     
   2.9110000000000098       -29.310897486269532        0.0000000000000000       0.33333333333333331     
   2.9100000000000099       -29.304897486269532        0.0000000000000000       0.33333333333333331     
   2.9090000000000100       -29.298897486269535        0.0000000000000000       0.33333333333333331     
   2.9080000000000101       -29.292897486269535        0.0000000000000000       0.33333333333333331     
   2.9070000000000102       -29.286897486269535        0.0000000000000000       0.33333333333333331     
   2.9060000000000104       -29.280897486269538        0.0000000000000000       0.33333333333333331     
   2.9050000000000105       -29.274897486269538        0.0000000000000000       0.33333333333333331     
   2.9040000000000106       -29.268897486269537        0.0000000000000000       0.33333333333333331     
   2.9030000000000107       -29.262897486269537        0.0000000000000000       0.33333333333333331     
   2.9020000000000108       -29.256897486269537        0.0000000000000000       0.33333333333333331     
   2.9010000000000109       -29.250897486269540        0.0000000000000000       0.33333333333333331     
   2.9000000000000110       -29.244897486269540        0.0000000000000000       0.33333333333333331     
   2.8990000000000111       -29.238897486269540        0.0000000000000000       0.33333333333333331     
   2.8980000000000112       -29.232897486269543        0.0000000000000000       0.33333333333333331     
   2.8970000000000113       -29.226897486269543        0.0000000000000000       0.33333333333333331     
   2.8960000000000115       -29.220897486269543        0.0000000000000000       0.33333333333333331     
   2.8950000000000116       -29.214897486269543        0.0000000000000000       0.33333333333333331     
   2.8940000000000117       -29.208897486269542        0.0000000000000000       0.33333333333333331     
   2.8930000000000118       -29.202897486269546        0.0000000000000000       0.33333333333333331     
   2.8920000000000119       -29.196897486269545        0.0000000000000000       0.33333333333333331     
   2.8910000000000120       -29.190897486269545        0.0000000000000000       0.33333333333333331     
   2.8900000000000121       -29.184897486269548        0.0000000000000000       0.33333333333333331     
   2.8890000000000122       -29.178897486269548        0.0000000000000000       0.33333333333333331     
   2.8880000000000123       -29.172897486269548        0.0000000000000000       0.33333333333333331     
   2.8870000000000124       -29.166897486269548        0.0000000000000000       0.33333333333333331     
   2.8860000000000126       -29.160897486269548        0.0000000000000000       0.33333333333333331     
   2.8850000000000127       -29.154897486269551        0.0000000000000000       0.33333333333333331     
   2.8840000000000128       -29.148897486269551        0.0000000000000000       0.33333333333333331     
   2.8830000000000129       -29.142897486269550        0.0000000000000000       0.33333333333333331     
   2.8820000000000130       -29.136897486269554        0.0000000000000000       0.33333333333333331     
   2.8810000000000131       -29.130897486269554        0.0000000000000000       0.33333333333333331     
   2.8800000000000132       -29.124897486269553        0.0000000000000000       0.33333333333333331     
   2.8790000000000133       -29.118897486269553        0.0000000000000000       0.33333333333333331     
   2.8780000000000134       -29.112897486269553        0.0000000000000000       0.33333333333333331     
   2.8770000000000135       -29.106897486269556        0.0000000000000000       0.33333333333333331     
   2.8760000000000137       -29.100897486269556        0.0000000000000000       0.33333333333333331     
   2.8750000000000138       -29.094897486269556        0.0000000000000000       0.33333333333333331     
   2.8740000000000139       -29.088897486269559        0.0000000000000000       0.33333333333333331     
   2.8730000000000140       -29.082897486269559        0.0000000000000000       0.33333333333333331     
   2.8720000000000141       -29.076897486269559        0.0000000000000000       0.33333333333333331     
   2.8710000000000142       -29.070897486269558        0.0000000000000000       0.33333333333333331     
   2.8700000000000143       -29.064897486269558        0.0000000000000000       0.33333333333333331     
   2.8690000000000144       -29.058897486269561        0.0000000000000000       0.33333333333333331     
   2.8680000000000145       -29.052897486269561        0.0000000000000000       0.33333333333333331     
   2.8670000000000146       -29.046897486269561        0.0000000000000000       0.33333333333333331     
   2.8660000000000148       -29.040897486269564        0.0000000000000000       0.33333333333333331     
   2.8650000000000149       -29.034897486269564        0.0000000000000000       0.33333333333333331     
   2.8640000000000150       -29.028897486269564        0.0000000000000000       0.33333333333333331     
   2.8630000000000151       -29.022897486269564        0.0000000000000000       0.33333333333333331     
   2.8620000000000152       -29.016897486269563        0.0000000000000000       0.33333333333333331     
   2.8610000000000153       -29.010897486269567        0.0000000000000000       0.33333333333333331     
   2.8600000000000154       -29.004897486269567        0.0000000000000000       0.33333333333333331     
   2.8590000000000155       -28.998897486269566        0.0000000000000000       0.33333333333333331     
   2.8580000000000156       -28.992897486269570        0.0000000000000000       0.33333333333333331     
   2.8570000000000157       -28.986897486269569        0.0000000000000000       0.33333333333333331     
   2.8560000000000159       -28.980897486269569        0.0000000000000000       0.33333333333333331     
   2.8550000000000160       -28.974897486269569        0.0000000000000000       0.33333333333333331     
   2.8540000000000161       -28.968897486269569        0.0000000000000000       0.33333333333333331     
   2.8530000000000162       -28.962897486269572        0.0000000000000000       0.33333333333333331     
   2.8520000000000163       -28.956897486269572        0.0000000000000000       0.33333333333333331     
   2.8510000000000164       -28.950897486269572        0.0000000000000000       0.33333333333333326     
   2.8500000000000165       -28.944897486269575        0.0000000000000000       0.33333333333333326     
   2.8490000000000166       -28.938897486269575        0.0000000000000000       0.33333333333333326     
   2.8480000000000167       -28.932897486269574        0.0000000000000000       0.33333333333333326     
   2.8470000000000169       -28.926897486269574        0.0000000000000000       0.33333333333333326     
   2.8460000000000170       -28.920897486269574        0.0000000000000000       0.33333333333333326     
   2.8450000000000171       -28.914897486269574        0.0000000000000000       0.33333333333333326     
   2.8440000000000172       -28.908897486269574        0.0000000000000000       0.33333333333333326     
   2.8430000000000173       -28.902897486269573        0.0000000000000000       0.33333333333333326     
   2.8420000000000174       -28.896897486269580        0.0000000000000000       0.33333333333333326     
   2.8410000000000175       -28.890897486269580        0.0000000000000000       0.33333333333333331     
   2.8400000000000176       -28.884897486269580        0.0000000000000000       0.33333333333333331     
   2.8390000000000177       -28.878897486269580        0.0000000000000000       0.33333333333333331     
   2.8380000000000178       -28.872897486269579        0.0000000000000000       0.33333333333333331     
   2.8370000000000180       -28.866897486269583        0.0000000000000000       0.33333333333333331     
   2.8360000000000181       -28.860897486269582        0.0000000000000000       0.33333333333333331     
   2.8350000000000182       -28.854897486269582        0.0000000000000000       0.33333333333333331     
   2.8340000000000183       -28.848897486269585        0.0000000000000000       0.33333333333333331     
   2.8330000000000184       -28.842897486269585        0.0000000000000000       0.33333333333333331     
   2.8320000000000185       -28.836897486269585        0.0000000000000000       0.33333333333333331     
   2.8310000000000186       -28.830897486269585        0.0000000000000000       0.33333333333333331     
   2.8300000000000187       -28.824897486269585        0.0000000000000000       0.33333333333333331     
   2.8290000000000188       -28.818897486269588        0.0000000000000000       0.33333333333333331     
   2.8280000000000189       -28.812897486269588        0.0000000000000000       0.33333333333333331     
   2.8270000000000191       -28.806897486269587        0.0000000000000000       0.33333333333333331     
   2.8260000000000192       -28.800897486269591        0.0000000000000000       0.33333333333333331     
   2.8250000000000193       -28.794897486269591        0.0000000000000000       0.33333333333333331     
   2.8240000000000194       -28.788897486269590        0.0000000000000000       0.33333333333333331     
   2.8230000000000195       -28.782897486269590        0.0000000000000000       0.33333333333333331     
   2.8220000000000196       -28.776897486269590        0.0000000000000000       0.33333333333333331     
   2.8210000000000197       -28.770897486269593        0.0000000000000000       0.33333333333333331     
   2.8200000000000198       -28.764897486269593        0.0000000000000000       0.33333333333333331     
   2.8190000000000199       -28.758897486269593        0.0000000000000000       0.33333333333333331     
   2.8180000000000200       -28.752897486269596        0.0000000000000000       0.33333333333333331     
   2.8170000000000202       -28.746897486269596        0.0000000000000000       0.33333333333333331     
   2.8160000000000203       -28.740897486269596        0.0000000000000000       0.33333333333333331     
   2.8150000000000204       -28.734897486269595        0.0000000000000000       0.33333333333333331     
   2.8140000000000205       -28.728897486269595        0.0000000000000000       0.33333333333333331     
   2.8130000000000206       -28.722897486269598        0.0000000000000000       0.33333333333333331     
   2.8120000000000207       -28.716897486269598        0.0000000000000000       0.33333333333333331     
   2.8110000000000208       -28.710897486269598        0.0000000000000000       0.33333333333333331     
   2.8100000000000209       -28.704897486269601        0.0000000000000000       0.33333333333333331     
   2.8090000000000210       -28.698897486269601        0.0000000000000000       0.33333333333333331     
   2.8080000000000211       -28.692897486269601        0.0000000000000000       0.33333333333333331     
   2.8070000000000213       -28.686897486269601        0.0000000000000000       0.33333333333333331     
   2.8060000000000214       -28.680897486269600        0.0000000000000000       0.33333333333333331     
   2.8050000000000215       -28.674897486269604        0.0000000000000000       0.33333333333333331     
   2.8040000000000216       -28.668897486269604        0.0000000000000000       0.33333333333333331     
   2.8030000000000217       -28.662897486269603        0.0000000000000000       0.33333333333333331     
   2.8020000000000218       -28.656897486269607        0.0000000000000000       0.33333333333333331     
   2.8010000000000219       -28.650897486269606        0.0000000000000000       0.33333333333333331     
   2.8000000000000220       -28.644897486269606        0.0000000000000000       0.33333333333333331     
   2.7990000000000221       -28.638897486269606        0.0000000000000000       0.33333333333333331     
   2.7980000000000222       -28.632897486269606        0.0000000000000000       0.33333333333333331     
   2.7970000000000224       -28.626897486269609        0.0000000000000000       0.33333333333333331     
   2.7960000000000225       -28.620897486269609        0.0000000000000000       0.33333333333333331     
   2.7950000000000226       -28.614897486269609        0.0000000000000000       0.33333333333333326     
   2.7940000000000227       -28.608897486269612        0.0000000000000000       0.33333333333333326     
   2.7930000000000228       -28.602897486269612        0.0000000000000000       0.33333333333333326     
   2.7920000000000229       -28.596897486269611        0.0000000000000000       0.33333333333333326     
   2.7910000000000230       -28.590897486269611        0.0000000000000000       0.33333333333333326     
   2.7900000000000231       -28.584897486269611        0.0000000000000000       0.33333333333333326     
   2.7890000000000232       -28.578897486269611        0.0000000000000000       0.33333333333333326     
   2.7880000000000233       -28.572897486269611        0.0000000000000000       0.33333333333333326     
   2.7870000000000235       -28.566897486269610        0.0000000000000000       0.33333333333333326     
   2.7860000000000236       -28.560897486269617        0.0000000000000000       0.33333333333333326     
   2.7850000000000237       -28.554897486269617        0.0000000000000000       0.33333333333333331     
   2.7840000000000238       -28.548897486269617        0.0000000000000000       0.33333333333333331     
   2.7830000000000239       -28.542897486269617        0.0000000000000000       0.33333333333333331     
   2.7820000000000240       -28.536897486269616        0.0000000000000000       0.33333333333333331     
   2.7810000000000241       -28.530897486269620        0.0000000000000000       0.33333333333333331     
   2.7800000000000242       -28.524897486269619        0.0000000000000000       0.33333333333333331     
   2.7790000000000243       -28.518897486269619        0.0000000000000000       0.33333333333333331     
   2.7780000000000244       -28.512897486269623        0.0000000000000000       0.33333333333333331     
   2.7770000000000246       -28.506897486269622        0.0000000000000000       0.33333333333333331     
   2.7760000000000247       -28.500897486269622        0.0000000000000000       0.33333333333333331     
   2.7750000000000248       -28.494897486269622        0.0000000000000000       0.33333333333333331     
   2.7740000000000249       -28.488897486269622        0.0000000000000000       0.33333333333333331     
   2.7730000000000250       -28.482897486269625        0.0000000000000000       0.33333333333333331     
   2.7720000000000251       -28.476897486269625        0.0000000000000000       0.33333333333333331     
   2.7710000000000252       -28.470897486269624        0.0000000000000000       0.33333333333333331     
   2.7700000000000253       -28.464897486269628        0.0000000000000000       0.33333333333333331     
   2.7690000000000254       -28.458897486269628        0.0000000000000000       0.33333333333333326     
   2.7680000000000256       -28.452897486269627        0.0000000000000000       0.33333333333333326     
   2.7670000000000257       -28.446897486269627        0.0000000000000000       0.33333333333333326     
   2.7660000000000258       -28.440897486269627        0.0000000000000000       0.33333333333333326     
   2.7650000000000259       -28.434897486269627        0.0000000000000000       0.33333333333333326     
   2.7640000000000260       -28.428897486269626        0.0000000000000000       0.33333333333333326     
   2.7630000000000261       -28.422897486269626        0.0000000000000000       0.33333333333333326     
   2.7620000000000262       -28.416897486269633        0.0000000000000000       0.33333333333333326     
   2.7610000000000263       -28.410897486269633        0.0000000000000000       0.33333333333333326     
   2.7600000000000264       -28.404897486269633        0.0000000000000000       0.33333333333333326     
   2.7590000000000265       -28.398897486269632        0.0000000000000000       0.33333333333333331     
   2.7580000000000267       -28.392897486269632        0.0000000000000000       0.33333333333333331     
   2.7570000000000268       -28.386897486269635        0.0000000000000000       0.33333333333333331     
   2.7560000000000269       -28.380897486269635        0.0000000000000000       0.33333333333333331     
   2.7550000000000270       -28.374897486269635        0.0000000000000000       0.33333333333333331     
   2.7540000000000271       -28.368897486269638        0.0000000000000000       0.33333333333333331     
   2.7530000000000272       -28.362897486269638        0.0000000000000000       0.33333333333333331     
   2.7520000000000273       -28.356897486269638        0.0000000000000000       0.33333333333333326     
   2.7510000000000274       -28.350897486269638        0.0000000000000000       0.33333333333333326     
   2.7500000000000275       -28.344897486269637        0.0000000000000000       0.33333333333333326     
   2.7490000000000276       -28.338897486269637        0.0000000000000000       0.33333333333333326     
   2.7480000000000278       -28.332897486269637        0.0000000000000000       0.33333333333333326     
   2.7470000000000279       -28.326897486269637        0.0000000000000000       0.33333333333333326     
   2.7460000000000280       -28.320897486269644        0.0000000000000000       0.33333333333333326     
   2.7450000000000281       -28.314897486269643        0.0000000000000000       0.33333333333333326     
   2.7440000000000282       -28.308897486269643        0.0000000000000000       0.33333333333333326     
   2.7430000000000283       -28.302897486269643        0.0000000000000000       0.33333333333333326     
   2.7420000000000284       -28.296897486269643        0.0000000000000000       0.33333333333333331     
   2.7410000000000285       -28.290897486269646        0.0000000000000000       0.33333333333333331     
   2.7400000000000286       -28.284897486269646        0.0000000000000000       0.33333333333333326     
   2.7390000000000287       -28.278897486269642        0.0000000000000000       0.33333333333333326     
   2.7380000000000289       -28.272897486269649        0.0000000000000000       0.33333333333333326     
   2.7370000000000290       -28.266897486269649        0.0000000000000000       0.33333333333333326     
   2.7360000000000291       -28.260897486269648        0.0000000000000000       0.33333333333333326     
   2.7350000000000292       -28.254897486269648        0.0000000000000000       0.33333333333333326     
   2.7340000000000293       -28.248897486269648        0.0000000000000000       0.33333333333333326     
   2.7330000000000294       -28.242897486269648        0.0000000000000000       0.33333333333333326     
   2.7320000000000295       -28.236897486269648        0.0000000000000000       0.33333333333333326     
   2.7310000000000296       -28.230897486269647        0.0000000000000000       0.33333333333333326     
   2.7300000000000297       -28.224897486269654        0.0000000000000000       0.33333333333333326     
   2.7290000000000298       -28.218897486269654        0.0000000000000000       0.33333333333333326     
   2.7280000000000300       -28.212897486269654        0.0000000000000000       0.33333333333333326     
   2.7270000000000301       -28.206897486269654        0.0000000000000000       0.33333333333333326     
   2.7260000000000302       -28.200897486269653        0.0000000000000000       0.33333333333333326     
   2.7250000000000303       -28.194897486269653        0.0000000000000000       0.33333333333333326     
   2.7240000000000304       -28.188897486269653        0.0000000000000000       0.33333333333333326     
   2.7230000000000305       -28.182897486269653        0.0000000000000000       0.33333333333333326     
   2.7220000000000306       -28.176897486269660        0.0000000000000000       0.33333333333333326     
   2.7210000000000307       -28.170897486269659        0.0000000000000000       0.33333333333333315     
   2.7200000000000308       -28.164897486269659        0.0000000000000000       0.33333333333333326     
   2.7190000000000309       -28.158897486269659        0.0000000000000000       0.33333333333333326     
   2.7180000000000311       -28.152897486269659        0.0000000000000000       0.33333333333333326     
   2.7170000000000312       -28.146897486269658        0.0000000000000000       0.33333333333333326     
   2.7160000000000313       -28.140897486269658        0.0000000000000000       0.33333333333333326     
   2.7150000000000314       -28.134897486269658        0.0000000000000000       0.33333333333333326     
   2.7140000000000315       -28.128897486269665        0.0000000000000000       0.33333333333333315     
   2.7130000000000316       -28.122897486269665        0.0000000000000000       0.33333333333333315     
   2.7120000000000317       -28.116897486269664        0.0000000000000000       0.33333333333333315     
   2.7110000000000318       -28.110897486269664        0.0000000000000000       0.33333333333333326     
   2.7100000000000319       -28.104897486269664        0.0000000000000000       0.33333333333333326     
   2.7090000000000320       -28.098897486269664        0.0000000000000000       0.33333333333333326     
   2.7080000000000322       -28.092897486269663        0.0000000000000000       0.33333333333333315     
   2.7070000000000323       -28.086897486269663        0.0000000000000000       0.33333333333333315     
   2.7060000000000324       -28.080897486269670        0.0000000000000000       0.33333333333333315     
   2.7050000000000325       -28.074897486269670        0.0000000000000000       0.33333333333333315     
   2.7040000000000326       -28.068897486269670        0.0000000000000000       0.33333333333333326     
   2.7030000000000327       -28.062897486269669        0.0000000000000000       0.33333333333333326     
   2.7020000000000328       -28.056897486269669        0.0000000000000000       0.33333333333333315     
   2.7010000000000329       -28.050897486269669        0.0000000000000000       0.33333333333333315     
   2.7000000000000330       -28.044897486269676        0.0000000000000000       0.33333333333333315     
   2.6990000000000332       -28.038897486269676        0.0000000000000000       0.33333333333333315     
   2.6980000000000333       -28.032897486269675        0.0000000000000000       0.33333333333333326     
   2.6970000000000334       -28.026897486269675        0.0000000000000000       0.33333333333333315     
   2.6960000000000335       -28.020897486269675        0.0000000000000000       0.33333333333333315     
   2.6950000000000336       -28.014897486269675        0.0000000000000000       0.33333333333333315     
   2.6940000000000337       -28.008897486269674        0.0000000000000000       0.33333333333333315     
   2.6930000000000338       -28.002897486269681        0.0000000000000000       0.33333333333333315     
   2.6920000000000339       -27.996897486269674        0.0000000000000000       0.33333333333333315     
   2.6910000000000340       -27.990897486269681        0.0000000000000000       0.33333333333333315     
   2.6900000000000341       -27.984897486269681        0.0000000000000000       0.33333333333333315     
   2.6890000000000343       -27.978897486269680        0.0000000000000000       0.33333333333333315     
   2.6880000000000344       -27.972897486269680        0.0000000000000000       0.33333333333333304     
   2.6870000000000345       -27.966897486269680        0.0000000000000000       0.33333333333333315     
   2.6860000000000346       -27.960897486269680        0.0000000000000000       0.33333333333333315     
   2.6850000000000347       -27.954897486269687        0.0000000000000000       0.33333333333333315     
   2.6840000000000348       -27.948897486269686        0.0000000000000000       0.33333333333333293     
   2.6830000000000349       -27.942897486269683        0.0000000000000000       0.33333333333333315     
   2.6820000000000350       -27.936897486269686        0.0000000000000000       0.33333333333333315     
   2.6810000000000351       -27.930897486269686        0.0000000000000000       0.33333333333333293     
   2.6800000000000352       -27.924897486269685        0.0000000000000000       0.33333333333333282     
   2.6790000000000354       -27.918897486269685        0.0000000000000000       0.33333333333333293     
   2.6780000000000355       -27.912897486269685        0.0000000000000000       0.33333333333333282     
   2.6770000000000356       -27.906897486269688        0.0000000000000000       0.33333333333333282     
   2.6760000000000357       -27.900897486269688        0.0000000000000000       0.33333333333333282     
   2.6750000000000358       -27.894897486269688        0.0000000000000000       0.33333333333333293     
   2.6740000000000359       -27.888897486269691        0.0000000000000000       0.33333333333333282     
   2.6730000000000360       -27.882897486269691        0.0000000000000000       0.33333333333333282     
   2.6720000000000361       -27.876897486269691        0.0000000000000000       0.33333333333333293     
   2.6710000000000362       -27.870897486269691        0.0000000000000000       0.33333333333333282     
   2.6700000000000363       -27.864897486269690        0.0000000000000000       0.33333333333333282     
   2.6690000000000365       -27.858897486269694        0.0000000000000000       0.33333333333333282     
   2.6680000000000366       -27.852897486269693        0.0000000000000000       0.33333333333333282     
   2.6670000000000367       -27.846897486269693        0.0000000000000000       0.33333333333333282     
   2.6660000000000368       -27.840897486269697        0.0000000000000000       0.33333333333333282     
   2.6650000000000369       -27.834897486269696        0.0000000000000000       0.33333333333333282     
   2.6640000000000370       -27.828897486269696        0.0000000000000000       0.33333333333333282     
   2.6630000000000371       -27.822897486269696        0.0000000000000000       0.33333333333333276     
   2.6620000000000372       -27.816897486269696        0.0000000000000000       0.33333333333333282     
   2.6610000000000373       -27.810897486269699        0.0000000000000000       0.33333333333333276     
   2.6600000000000374       -27.804897486269699        0.0000000000000000       0.33333333333333282     
   2.6590000000000376       -27.798897486269698        0.0000000000000000       0.33333333333333276     
   2.6580000000000377       -27.792897486269702        0.0000000000000000       0.33333333333333276     
   2.6570000000000378       -27.786897486269702        0.0000000000000000       0.33333333333333276     
   2.6560000000000379       -27.780897486269701        0.0000000000000000       0.33333333333333276     
   2.6550000000000380       -27.774897486269701        0.0000000000000000       0.33333333333333270     
   2.6540000000000381       -27.768897486269701        0.0000000000000000       0.33333333333333276     
   2.6530000000000382       -27.762897486269704        0.0000000000000000       0.33333333333333270     
   2.6520000000000383       -27.756897486269704        0.0000000000000000       0.33333333333333276     
   2.6510000000000384       -27.750897486269704        0.0000000000000000       0.33333333333333270     
   2.6500000000000385       -27.744897486269707        0.0000000000000000       0.33333333333333276     
   2.6490000000000387       -27.738897486269707        0.0000000000000000       0.33333333333333270     
   2.6480000000000388       -27.732897486269707        0.0000000000000000       0.33333333333333276     
   2.6470000000000389       -27.726897486269706        0.0000000000000000       0.33333333333333270     
   2.6460000000000390       -27.720897486269706        0.0000000000000000       0.33333333333333276     
   2.6450000000000391       -27.714897486269710        0.0000000000000000       0.33333333333333270     
   2.6440000000000392       -27.708897486269709        0.0000000000000000       0.33333333333333265     
   2.6430000000000393       -27.702897486269709        0.0000000000000000       0.33333333333333265     
   2.6420000000000394       -27.696897486269712        0.0000000000000000       0.33333333333333265     
   2.6410000000000395       -27.690897486269712        0.0000000000000000       0.33333333333333265     
   2.6400000000000396       -27.684897486269712        0.0000000000000000       0.33333333333333265     
   2.6390000000000398       -27.678897486269712        0.0000000000000000       0.33333333333333248     
   2.6380000000000399       -27.672897486269711        0.0000000000000000       0.33333333333333265     
   2.6370000000000400       -27.666897486269715        0.0000000000000000       0.33333333333333248     
   2.6360000000000401       -27.660897486269715        0.0000000000000000       0.33333333333333237     
   2.6350000000000402       -27.654897486269718        0.0000000000000000       0.33333333333333237     
   2.6340000000000403       -27.648897486269718        0.0000000000000000       0.33333333333333237     
   2.6330000000000404       -27.642897486269721        0.0000000000000000       0.33333333333333237     
   2.6320000000000405       -27.636897486269721        0.0000000000000000       0.33333333333333237     
   2.6310000000000406       -27.630897486269717        0.0000000000000000       0.33333333333333226     
   2.6300000000000407       -27.624897486269720        0.0000000000000000       0.33333333333333237     
   2.6290000000000409       -27.618897486269724        0.0000000000000000       0.33333333333333226     
   2.6280000000000410       -27.612897486269723        0.0000000000000000       0.33333333333333226     
   2.6270000000000411       -27.606897486269723        0.0000000000000000       0.33333333333333226     
   2.6260000000000412       -27.600897486269723        0.0000000000000000       0.33333333333333226     
   2.6250000000000413       -27.594897486269723        0.0000000000000000       0.33333333333333220     
   2.6240000000000414       -27.588897486269722        0.0000000000000000       0.33333333333333215     
   2.6230000000000415       -27.582897486269722        0.0000000000000000       0.33333333333333215     
   2.6220000000000416       -27.576897486269722        0.0000000000000000       0.33333333333333215     
   2.6210000000000417       -27.570897486269725        0.0000000000000000       0.33333333333333215     
   2.6200000000000419       -27.564897486269725        0.0000000000000000       0.33333333333333215     
   2.6190000000000420       -27.558897486269725        0.0000000000000000       0.33333333333333215     
   2.6180000000000421       -27.552897486269728        0.0000000000000000       0.33333333333333215     
   2.6170000000000422       -27.546897486269728        0.0000000000000000       0.33333333333333209     
   2.6160000000000423       -27.540897486269728        0.0000000000000000       0.33333333333333204     
   2.6150000000000424       -27.534897486269728        0.0000000000000000       0.33333333333333204     
   2.6140000000000425       -27.528897486269727        0.0000000000000000       0.33333333333333193     
   2.6130000000000426       -27.522897486269727        0.0000000000000000       0.33333333333333193     
   2.6120000000000427       -27.516897486269730        0.0000000000000000       0.33333333333333193     
   2.6110000000000428       -27.510897486269730        0.0000000000000000       0.33333333333333193     
   2.6100000000000430       -27.504897486269734        0.0000000000000000       0.33333333333333193     
   2.6090000000000431       -27.498897486269733        0.0000000000000000       0.33333333333333176     
   2.6080000000000432       -27.492897486269733        0.0000000000000000       0.33333333333333165     
   2.6070000000000433       -27.486897486269733        0.0000000000000000       0.33333333333333165     
   2.6060000000000434       -27.480897486269733        0.0000000000000000       0.33333333333333176     
   2.6050000000000435       -27.474897486269732        0.0000000000000000       0.33333333333333165     
   2.6040000000000436       -27.468897486269736        0.0000000000000000       0.33333333333333159     
   2.6030000000000437       -27.462897486269735        0.0000000000000000       0.33333333333333159     
   2.6020000000000438       -27.456897486269739        0.0000000000000000       0.33333333333333159     
   2.6010000000000439       -27.450897486269739        0.0000000000000000       0.33333333333333154     
   2.6000000000000441       -27.444897486269738        0.0000000000000000       0.33333333333333154     
   2.5990000000000442       -27.438897486269738        0.0000000000000000       0.33333333333333154     
   2.5980000000000443       -27.432897486269738        0.0000000000000000       0.33333333333333148     
   2.5970000000000444       -27.426897486269741        0.0000000000000000       0.33333333333333148     
   2.5960000000000445       -27.420897486269741        0.0000000000000000       0.33333333333333148     
   2.5950000000000446       -27.414897486269744        0.0000000000000000       0.33333333333333132     
   2.5940000000000447       -27.408897486269748        0.0000000000000000       0.33333333333333115     
   2.5930000000000448       -27.402897486269747        0.0000000000000000       0.33333333333333115     
   2.5920000000000449       -27.396897486269747        0.0000000000000000       0.33333333333333115     
   2.5910000000000450       -27.390897486269747        0.0000000000000000       0.33333333333333115     
   2.5900000000000452       -27.384897486269750        0.0000000000000000       0.33333333333333115     
   2.5890000000000453       -27.378897486269754        0.0000000000000000       0.33333333333333104     
   2.5880000000000454       -27.372897486269753        0.0000000000000000       0.33333333333333104     
   2.5870000000000455       -27.366897486269753        0.0000000000000000       0.33333333333333098     
   2.5860000000000456       -27.360897486269753        0.0000000000000000       0.33333333333333093     
   2.5850000000000457       -27.354897486269753        0.0000000000000000       0.33333333333333087     
   2.5840000000000458       -27.348897486269752        0.0000000000000000       0.33333333333333087     
   2.5830000000000459       -27.342897486269752        0.0000000000000000       0.33333333333333076     
   2.5820000000000460       -27.336897486269752        0.0000000000000000       0.33333333333333065     
   2.5810000000000461       -27.330897486269752        0.0000000000000000       0.33333333333333065     
   2.5800000000000463       -27.324897486269752        0.0000000000000000       0.33333333333333065     
   2.5790000000000464       -27.318897486269751        0.0000000000000000       0.33333333333333065     
   2.5780000000000465       -27.312897486269758        0.0000000000000000       0.33333333333333059     
   2.5770000000000466       -27.306897486269758        0.0000000000000000       0.33333333333333048     
   2.5760000000000467       -27.300897486269758        0.0000000000000000       0.33333333333333043     
   2.5750000000000468       -27.294897486269758        0.0000000000000000       0.33333333333333037     
   2.5740000000000469       -27.288897486269757        0.0000000000000000       0.33333333333333032     
   2.5730000000000470       -27.282897486269761        0.0000000000000000       0.33333333333333026     
   2.5720000000000471       -27.276897486269760        0.0000000000000000       0.33333333333333021     
   2.5710000000000472       -27.270897486269760        0.0000000000000000       0.33333333333333015     
   2.5700000000000474       -27.264897486269764        0.0000000000000000       0.33333333333332998     
   2.5690000000000475       -27.258897486269763        0.0000000000000000       0.33333333333332998     
   2.5680000000000476       -27.252897486269767        0.0000000000000000       0.33333333333332987     
   2.5670000000000477       -27.246897486269763        0.0000000000000000       0.33333333333332982     
   2.5660000000000478       -27.240897486269766        0.0000000000000000       0.33333333333332976     
   2.5650000000000479       -27.234897486269766        0.0000000000000000       0.33333333333332971     
   2.5640000000000480       -27.228897486269766        0.0000000000000000       0.33333333333332971     
   2.5630000000000481       -27.222897486269765        0.0000000000000000       0.33333333333332965     
   2.5620000000000482       -27.216897486269769        0.0000000000000000       0.33333333333332960     
   2.5610000000000483       -27.210897486269769        0.0000000000000000       0.33333333333332937     
   2.5600000000000485       -27.204897486269768        0.0000000000000000       0.33333333333332926     
   2.5590000000000486       -27.198897486269768        0.0000000000000000       0.33333333333332926     
   2.5580000000000487       -27.192897486269768        0.0000000000000000       0.33333333333332921     
   2.5570000000000488       -27.186897486269771        0.0000000000000000       0.33333333333332910     
   2.5560000000000489       -27.180897486269771        0.0000000000000000       0.33333333333332898     
   2.5550000000000490       -27.174897486269767        0.0000000000000000       0.33333333333332887     
   2.5540000000000491       -27.168897486269774        0.0000000000000000       0.33333333333332882     
   2.5530000000000492       -27.162897486269774        0.0000000000000000       0.33333333333332871     
   2.5520000000000493       -27.156897486269774        0.0000000000000000       0.33333333333332865     
   2.5510000000000495       -27.150897486269773        0.0000000000000000       0.33333333333332849     
   2.5500000000000496       -27.144897486269773        0.0000000000000000       0.33333333333332837     
   2.5490000000000497       -27.138897486269773        0.0000000000000000       0.33333333333332837     
   2.5480000000000498       -27.132897486269773        0.0000000000000000       0.33333333333332821     
   2.5470000000000499       -27.126897486269772        0.0000000000000000       0.33333333333332821     
   2.5460000000000500       -27.120897486269772        0.0000000000000000       0.33333333333332810     
   2.5450000000000501       -27.114897486269779        0.0000000000000000       0.33333333333332793     
   2.5440000000000502       -27.108897486269779        0.0000000000000000       0.33333333333332787     
   2.5430000000000503       -27.102897486269779        0.0000000000000000       0.33333333333332782     
   2.5420000000000504       -27.096897486269778        0.0000000000000000       0.33333333333332771     
   2.5410000000000506       -27.090897486269785        0.0000000000000000       0.33333333333332749     
   2.5400000000000507       -27.084897486269785        0.0000000000000000       0.33333333333332732     
   2.5390000000000508       -27.078897486269785        0.0000000000000000       0.33333333333332726     
   2.5380000000000509       -27.072897486269788        0.0000000000000000       0.33333333333332721     
   2.5370000000000510       -27.066897486269788        0.0000000000000000       0.33333333333332704     
   2.5360000000000511       -27.060897486269788        0.0000000000000000       0.33333333333332688     
   2.5350000000000512       -27.054897486269788        0.0000000000000000       0.33333333333332676     
   2.5340000000000513       -27.048897486269791        0.0000000000000000       0.33333333333332665     
   2.5330000000000514       -27.042897486269791        0.0000000000000000       0.33333333333332654     
   2.5320000000000515       -27.036897486269790        0.0000000000000000       0.33333333333332626     
   2.5310000000000517       -27.030897486269790        0.0000000000000000       0.33333333333332615     
   2.5300000000000518       -27.024897486269790        0.0000000000000000       0.33333333333332604     
   2.5290000000000519       -27.018897486269793        0.0000000000000000       0.33333333333332599     
   2.5280000000000520       -27.012897486269793        0.0000000000000000       0.33333333333332571     
   2.5270000000000521       -27.006897486269793        0.0000000000000000       0.33333333333332554     
   2.5260000000000522       -27.000897486269793        0.0000000000000000       0.33333333333332549     
   2.5250000000000523       -26.994897486269796        0.0000000000000000       0.33333333333332527     
   2.5240000000000524       -26.988897486269796        0.0000000000000000       0.33333333333332504     
   2.5230000000000525       -26.982897486269795        0.0000000000000000       0.33333333333332488     
   2.5220000000000526       -26.976897486269799        0.0000000000000000       0.33333333333332482     
   2.5210000000000528       -26.970897486269799        0.0000000000000000       0.33333333333332449     
   2.5200000000000529       -26.964897486269798        0.0000000000000000       0.33333333333332438     
   2.5190000000000530       -26.958897486269798        0.0000000000000000       0.33333333333332421     
   2.5180000000000531       -26.952897486269801        0.0000000000000000       0.33333333333332404     
   2.5170000000000532       -26.946897486269798        0.0000000000000000       0.33333333333332377     
   2.5160000000000533       -26.940897486269801        0.0000000000000000       0.33333333333332371     
   2.5150000000000534       -26.934897486269804        0.0000000000000000       0.33333333333332349     
   2.5140000000000535       -26.928897486269808        0.0000000000000000       0.33333333333332321     
   2.5130000000000536       -26.922897486269807        0.0000000000000000       0.33333333333332305     
   2.5120000000000537       -26.916897486269807        0.0000000000000000       0.33333333333332277     
   2.5110000000000539       -26.910897486269807        0.0000000000000000       0.33333333333332260     
   2.5100000000000540       -26.904897486269807        0.0000000000000000       0.33333333333332249     
   2.5090000000000541       -26.898897486269814        0.0000000000000000       0.33333333333332216     
   2.5080000000000542       -26.892897486269806        0.0000000000000000       0.33333333333332194     
   2.5070000000000543       -26.886897486269813        0.0000000000000000       0.33333333333332177     
   2.5060000000000544       -26.880897486269813        0.0000000000000000       0.33333333333332155     
   2.5050000000000545       -26.874897486269813        0.0000000000000000       0.33333333333332132     
   2.5040000000000546       -26.868897486269812        0.0000000000000000       0.33333333333332116     
   2.5030000000000547       -26.862897486269812        0.0000000000000000       0.33333333333332082     
   2.5020000000000548       -26.856897486269812        0.0000000000000000       0.33333333333332060     
   2.5010000000000550       -26.850897486269815        0.0000000000000000       0.33333333333332033     
   2.5000000000000551       -26.844897486269812        0.0000000000000000       0.33333333333331994     
   2.4990000000000552       -26.838897486269818        0.0000000000000000       0.33333333333331971     
   2.4980000000000553       -26.832897486269818        0.0000000000000000       0.33333333333331938     
   2.4970000000000554       -26.826897486269822        0.0000000000000000       0.33333333333331910     
   2.4960000000000555       -26.820897486269821        0.0000000000000000       0.33333333333331883     
   2.4950000000000556       -26.814897486269821        0.0000000000000000       0.33333333333331855     
   2.4940000000000557       -26.808897486269821        0.0000000000000000       0.33333333333331822     
   2.4930000000000558       -26.802897486269828        0.0000000000000000       0.33333333333331794     
   2.4920000000000559       -26.796897486269827        0.0000000000000000       0.33333333333331766     
   2.4910000000000561       -26.790897486269824        0.0000000000000000       0.33333333333331733     
   2.4900000000000562       -26.784897486269823        0.0000000000000000       0.33333333333331699     
   2.4890000000000563       -26.778897486269827        0.0000000000000000       0.33333333333331661     
   2.4880000000000564       -26.772897486269827        0.0000000000000000       0.33333333333331627     
   2.4870000000000565       -26.766897486269826        0.0000000000000000       0.33333333333331594     
   2.4860000000000566       -26.760897486269830        0.0000000000000000       0.33333333333331555     
   2.4850000000000567       -26.754897486269833        0.0000000000000000       0.33333333333331522     
   2.4840000000000568       -26.748897486269833        0.0000000000000000       0.33333333333331489     
   2.4830000000000569       -26.742897486269833        0.0000000000000000       0.33333333333331450     
   2.4820000000000570       -26.736897486269832        0.0000000000000000       0.33333333333331411     
   2.4810000000000572       -26.730897486269836        0.0000000000000000       0.33333333333331377     
   2.4800000000000573       -26.724897486269835        0.0000000000000000       0.33333333333331333     
   2.4790000000000574       -26.718897486269835        0.0000000000000000       0.33333333333331283     
   2.4780000000000575       -26.712897486269835        0.0000000000000000       0.33333333333331239     
   2.4770000000000576       -26.706897486269835        0.0000000000000000       0.33333333333331194     
   2.4760000000000577       -26.700897486269845        0.0000000000000000       0.33333333333331155     
   2.4750000000000578       -26.694897486269845        0.0000000000000000       0.33333333333331111     
   2.4740000000000579       -26.688897486269845        0.0000000000000000       0.33333333333331067     
   2.4730000000000580       -26.682897486269844        0.0000000000000000       0.33333333333331022     
   2.4720000000000582       -26.676897486269844        0.0000000000000000       0.33333333333330972     
   2.4710000000000583       -26.670897486269844        0.0000000000000000       0.33333333333330917     
   2.4700000000000584       -26.664897486269851        0.0000000000000000       0.33333333333330878     
   2.4690000000000585       -26.658897486269851        0.0000000000000000       0.33333333333330828     
   2.4680000000000586       -26.652897486269850        0.0000000000000000       0.33333333333330767     
   2.4670000000000587       -26.646897486269850        0.0000000000000000       0.33333333333330722     
   2.4660000000000588       -26.640897486269854        0.0000000000000000       0.33333333333330667     
   2.4650000000000589       -26.634897486269853        0.0000000000000000       0.33333333333330617     
   2.4640000000000590       -26.628897486269853        0.0000000000000000       0.33333333333330561     
   2.4630000000000591       -26.622897486269853        0.0000000000000000       0.33333333333330500     
   2.4620000000000593       -26.616897486269853        0.0000000000000000       0.33333333333330439     
   2.4610000000000594       -26.610897486269863        0.0000000000000000       0.33333333333330384     
   2.4600000000000595       -26.604897486269863        0.0000000000000000       0.33333333333330317     
   2.4590000000000596       -26.598897486269859        0.0000000000000000       0.33333333333330262     
   2.4580000000000597       -26.592897486269859        0.0000000000000000       0.33333333333330195     
   2.4570000000000598       -26.586897486269862        0.0000000000000000       0.33333333333330128     
   2.4560000000000599       -26.580897486269862        0.0000000000000000       0.33333333333330056     
   2.4550000000000600       -26.574897486269865        0.0000000000000000       0.33333333333329984     
   2.4540000000000601       -26.568897486269869        0.0000000000000000       0.33333333333329912     
   2.4530000000000602       -26.562897486269865        0.0000000000000000       0.33333333333329840     
   2.4520000000000604       -26.556897486269865        0.0000000000000000       0.33333333333329773     
   2.4510000000000605       -26.550897486269868        0.0000000000000000       0.33333333333329707     
   2.4500000000000606       -26.544897486269868        0.0000000000000000       0.33333333333329640     
   2.4490000000000607       -26.538897486269875        0.0000000000000000       0.33333333333329551     
   2.4480000000000608       -26.532897486269874        0.0000000000000000       0.33333333333329468     
   2.4470000000000609       -26.526897486269878        0.0000000000000000       0.33333333333329390     
   2.4460000000000610       -26.520897486269874        0.0000000000000000       0.33333333333329296     
   2.4450000000000611       -26.514897486269877        0.0000000000000000       0.33333333333329218     
   2.4440000000000612       -26.508897486269884        0.0000000000000000       0.33333333333329140     
   2.4430000000000613       -26.502897486269880        0.0000000000000000       0.33333333333329040     
   2.4420000000000615       -26.496897486269884        0.0000000000000000       0.33333333333328963     
   2.4410000000000616       -26.490897486269883        0.0000000000000000       0.33333333333328868     
   2.4400000000000617       -26.484897486269887        0.0000000000000000       0.33333333333328780     
   2.4390000000000618       -26.478897486269886        0.0000000000000000       0.33333333333328674     
   2.4380000000000619       -26.472897486269886        0.0000000000000000       0.33333333333328574     
   2.4370000000000620       -26.466897486269886        0.0000000000000000       0.33333333333328480     
   2.4360000000000621       -26.460897486269893        0.0000000000000000       0.33333333333328374     
   2.4350000000000622       -26.454897486269889        0.0000000000000000       0.33333333333328269     
   2.4340000000000623       -26.448897486269896        0.0000000000000000       0.33333333333328169     
   2.4330000000000624       -26.442897486269896        0.0000000000000000       0.33333333333328058     
   2.4320000000000626       -26.436897486269899        0.0000000000000000       0.33333333333327952     
   2.4310000000000627       -26.430897486269899        0.0000000000000000       0.33333333333327836     
   2.4300000000000628       -26.424897486269899        0.0000000000000000       0.33333333333327719     
   2.4290000000000629       -26.418897486269902        0.0000000000000000       0.33333333333327597     
   2.4280000000000630       -26.412897486269902        0.0000000000000000       0.33333333333327481     
   2.4270000000000631       -26.406897486269909        0.0000000000000000       0.33333333333327353     
   2.4260000000000632       -26.400897486269908        0.0000000000000000       0.33333333333327225     
   2.4250000000000633       -26.394897486269912        0.0000000000000000       0.33333333333327098     
   2.4240000000000634       -26.388897486269911        0.0000000000000000       0.33333333333326970     
   2.4230000000000635       -26.382897486269911        0.0000000000000000       0.33333333333326831     
   2.4220000000000637       -26.376897486269915        0.0000000000000000       0.33333333333326692     
   2.4210000000000638       -26.370897486269918        0.0000000000000000       0.33333333333326554     
   2.4200000000000639       -26.364897486269921        0.0000000000000000       0.33333333333326398     
   2.4190000000000640       -26.358897486269921        0.0000000000000000       0.33333333333326265     
   2.4180000000000641       -26.352897486269924        0.0000000000000000       0.33333333333326109     
   2.4170000000000642       -26.346897486269928        0.0000000000000000       0.33333333333325954     
   2.4160000000000643       -26.340897486269927        0.0000000000000000       0.33333333333325799     
   2.4150000000000644       -26.334897486269927        0.0000000000000000       0.33333333333325638     
   2.4140000000000645       -26.328897486269931        0.0000000000000000       0.33333333333325477     
   2.4130000000000646       -26.322897486269930        0.0000000000000000       0.33333333333325299     
   2.4120000000000648       -26.316897486269934        0.0000000000000000       0.33333333333325132     
   2.4110000000000649       -26.310897486269937        0.0000000000000000       0.33333333333324944     
   2.4100000000000650       -26.304897486269940        0.0000000000000000       0.33333333333324777     
   2.4090000000000651       -26.298897486269944        0.0000000000000000       0.33333333333324594     
   2.4080000000000652       -26.292897486269943        0.0000000000000000       0.33333333333324400     
   2.4070000000000653       -26.286897486269950        0.0000000000000000       0.33333333333324200     
   2.4060000000000654       -26.280897486269946        0.0000000000000000       0.33333333333324017     
   2.4050000000000655       -26.274897486269953        0.0000000000000000       0.33333333333323817     
   2.4040000000000656       -26.268897486269953        0.0000000000000000       0.33333333333323611     
   2.4030000000000658       -26.262897486269956        0.0000000000000000       0.33333333333323395     
   2.4020000000000659       -26.256897486269960        0.0000000000000000       0.33333333333323178     
   2.4010000000000660       -26.250897486269963        0.0000000000000000       0.33333333333322951     
   2.4000000000000661       -26.244897486269963        0.0000000000000000       0.33333333333322723     
   2.3990000000000662       -26.238897486269966        0.0000000000000000       0.33333333333322496     
   2.3980000000000663       -26.232897486269966        0.0000000000000000       0.33333333333322263     
   2.3970000000000664       -26.226897486269973        0.0000000000000000       0.33333333333322024     
   2.3960000000000665       -26.220897486269976        0.0000000000000000       0.33333333333321780     
   2.3950000000000666       -26.214897486269980        0.0000000000000000       0.33333333333321524     
   2.3940000000000667       -26.208897486269983        0.0000000000000000       0.33333333333321269     
   2.3930000000000669       -26.202897486269983        0.0000000000000000       0.33333333333320997     
   2.3920000000000670       -26.196897486269986        0.0000000000000000       0.33333333333320719     
   2.3910000000000671       -26.190897486269989        0.0000000000000000       0.33333333333320447     
   2.3900000000000672       -26.184897486269989        0.0000000000000000       0.33333333333320164     
   2.3890000000000673       -26.178897486269992        0.0000000000000000       0.33333333333319870     
   2.3880000000000674       -26.172897486270003        0.0000000000000000       0.33333333333319570     
   2.3870000000000675       -26.166897486269999        0.0000000000000000       0.33333333333319259     
   2.3860000000000676       -26.160897486270006        0.0000000000000000       0.33333333333318949     
   2.3850000000000677       -26.154897486270009        0.0000000000000000       0.33333333333318627     
   2.3840000000000678       -26.148897486270013        0.0000000000000000       0.33333333333318299     
   2.3830000000000680       -26.142897486270016        0.0000000000000000       0.33333333333317960     
   2.3820000000000681       -26.136897486270016        0.0000000000000000       0.33333333333317616     
   2.3810000000000682       -26.130897486270023        0.0000000000000000       0.33333333333317261     
   2.3800000000000683       -26.124897486270029        0.0000000000000000       0.33333333333316900     
   2.3790000000000684       -26.118897486270026        0.0000000000000000       0.33333333333316528     
   2.3780000000000685       -26.112897486270036        0.0000000000000000       0.33333333333316145     
   2.3770000000000686       -26.106897486270039        0.0000000000000000       0.33333333333315757     
   2.3760000000000687       -26.100897486270046        0.0000000000000000       0.33333333333315363     
   2.3750000000000688       -26.094897486270046        0.0000000000000000       0.33333333333314957     
   2.3740000000000689       -26.088897486270053        0.0000000000000000       0.33333333333314535     
   2.3730000000000691       -26.082897486270060        0.0000000000000000       0.33333333333314114     
   2.3720000000000692       -26.076897486270060        0.0000000000000000       0.33333333333313669     
   2.3710000000000693       -26.070897486270063        0.0000000000000000       0.33333333333313209     
   2.3700000000000694       -26.064897486270070        0.0000000000000000       0.33333333333312753     
   2.3690000000000695       -26.058897486270073        0.0000000000000000       0.33333333333312287     
   2.3680000000000696       -26.052897486270076        0.0000000000000000       0.33333333333311804     
   2.3670000000000697       -26.046897486270080        0.0000000000000000       0.33333333333311310     
   2.3660000000000698       -26.040897486270083        0.0000000000000000       0.33333333333310800     
   2.3650000000000699       -26.034897486270090        0.0000000000000000       0.33333333333310278     
   2.3640000000000700       -26.028897486270093        0.0000000000000000       0.33333333333309739     
   2.3630000000000702       -26.022897486270100        0.0000000000000000       0.33333333333309190     
   2.3620000000000703       -26.016897486270107        0.0000000000000000       0.33333333333308623     
   2.3610000000000704       -26.010897486270110        0.0000000000000000       0.33333333333308052     
   2.3600000000000705       -26.004897486270117        0.0000000000000000       0.33333333333307447     
   2.3590000000000706       -25.998897486270121        0.0000000000000000       0.33333333333306842     
   2.3580000000000707       -25.992897486270124        0.0000000000000000       0.33333333333306220     
   2.3570000000000708       -25.986897486270134        0.0000000000000000       0.33333333333305570     
   2.3560000000000709       -25.980897486270138        0.0000000000000000       0.33333333333304921     
   2.3550000000000710       -25.974897486270148        0.0000000000000000       0.33333333333304249     
   2.3540000000000711       -25.968897486270151        0.0000000000000000       0.33333333333303561     
   2.3530000000000713       -25.962897486270158        0.0000000000000000       0.33333333333302839     
   2.3520000000000714       -25.956897486270162        0.0000000000000000       0.33333333333302118     
   2.3510000000000715       -25.950897486270168        0.0000000000000000       0.33333333333301363     
