   1.8500000238418579       -53.735960081871973       0.49328769235128678     
   1.8490000238418580       -53.727528989624865       0.49331487346841230     
   1.8480000238418581       -53.719099586472602       0.49334203779897895     
   1.8470000238418582       -53.710671874116017       0.49336918396607715     
   1.8460000238418584       -53.702245854258699       0.49339631192744970     
   1.8450000238418585       -53.693821528606669       0.49342342164095537     
   1.8440000238418586       -53.685398898868563       0.49345051306440191     
   1.8430000238418587       -53.676977966755700       0.49347758615550202     
   1.8420000238418588       -53.668558733981939       0.49350464087187224     
   1.8410000238418589       -53.660141202263965       0.49353167717103968     
   1.8400000238418590       -53.651725373321014       0.49355869501047323     
   1.8390000238418591       -53.643311248874681       0.49358569434757782     
   1.8380000238418592       -53.634898830649739       0.49361267513960200     
   1.8370000238418593       -53.626488120373089       0.49363963734378885     
   1.8360000238418595       -53.618079119774649       0.49366658091724946     
   1.8350000238418596       -53.609671830586798       0.49369350581705451     
   1.8340000238418597       -53.601266254544655       0.49372041200014039     
   1.8330000238418598       -53.592862393386092       0.49374729942336754     
   1.8320000238418599       -53.584460248851499       0.49377416804356322     
   1.8310000238418600       -53.576059822683845       0.49380101781744912     
   1.8300000238418601       -53.567661116629047       0.49382784870163160     
   1.8290000238418602       -53.559264132435622       0.49385466065263500     
   1.8280000238418603       -53.550868871854547       0.49388145362698449     
   1.8270000238418604       -53.542475336639889       0.49390822758099606     
   1.8260000238418606       -53.534083528548152       0.49393498247097167     
   1.8250000238418607       -53.525693449338696       0.49396171825309904     
   1.8240000238418608       -53.517305100773164       0.49398843488355948     
   1.8230000238418609       -53.508918484616501       0.49401513231834926     
   1.8220000238418610       -53.500533602636139       0.49404181051339296     
   1.8210000238418611       -53.492150456601813       0.49406846942463861     
   1.8200000238418612       -53.483769048286788       0.49409510900778553     
   1.8190000238418613       -53.475389379466506       0.49412172921855047     
   1.8180000238418614       -53.467011451919092       0.49414833001257708     
   1.8170000238418615       -53.458635267425670       0.49417491134537361     
   1.8160000238418617       -53.450260827770059       0.49420147317236807     
   1.8150000238418618       -53.441888134738910       0.49422801544888117     
   1.8140000238418619       -53.433517190121208       0.49425453813024778     
   1.8130000238418620       -53.425147995709068       0.49428104117163169     
   1.8120000238418621       -53.416780553297535       0.49430752452806498     
   1.8110000238418622       -53.408414864683735       0.49433398815462343     
   1.8100000238418623       -53.400050931668368       0.49436043200618879     
   1.8090000238418624       -53.391688756054293       0.49438685603762372     
   1.8080000238418625       -53.383328339647569       0.49441326020363785     
   1.8070000238418626       -53.374969684256783       0.49443964445889993     
   1.8060000238418628       -53.366612791693214       0.49446600875800595     
   1.8050000238418629       -53.358257663771298       0.49449235305541994     
   1.8040000238418630       -53.349904302308040       0.49451867730552951     
   1.8030000238418631       -53.341552709123150       0.49454498146268083     
   1.8020000238418632       -53.333202886039430       0.49457126548105607     
   1.8010000238418633       -53.324854834882217       0.49459752931479428     
   1.8000000238418634       -53.316508557479992       0.49462377291793264     
   1.7990000238418635       -53.308164055663454       0.49464999624445383     
   1.7980000238418636       -53.299821331266813       0.49467619924820777     
   1.7970000238418637       -53.291480386126885       0.49470238188294302     
   1.7960000238418639       -53.283141222082847       0.49472854410241585     
   1.7950000238418640       -53.274803840977619       0.49475468586014582     
   1.7940000238418641       -53.266468244655933       0.49478080710972910     
   1.7930000238418642       -53.258134434966308       0.49480690780451159     
   1.7920000238418643       -53.249802413759348       0.49483298789788716     
   1.7910000238418644       -53.241472182889197       0.49485904734304498     
   1.7900000238418645       -53.233143744212335       0.49488508609316167     
   1.7890000238418646       -53.224817099588300       0.49491110410131472     
   1.7880000238418647       -53.216492250879533       0.49493710132044366     
   1.7870000238418648       -53.208169199951328       0.49496307770346082     
   1.7860000238418650       -53.199847948672009       0.49498903320311044     
   1.7850000238418651       -53.191528498912170       0.49501496777216469     
   1.7840000238418652       -53.183210852546217       0.49504088136317403     
   1.7830000238418653       -53.174895011450630       0.49506677392869924     
   1.7820000238418654       -53.166580977505404       0.49509264542113474     
   1.7810000238418655       -53.158268752592946       0.49511849579285538     
   1.7800000238418656       -53.149958338598921       0.49514432499608013     
   1.7790000238418657       -53.141649737411811       0.49517013298295215     
   1.7780000238418658       -53.133342950922852       0.49519591970557020     
   1.7770000238418659       -53.125037981026459       0.49522168511587505     
   1.7760000238418661       -53.116734829619801       0.49524742916575121     
   1.7750000238418662       -53.108433498602949       0.49527315180701176     
   1.7740000238418663       -53.100133989879041       0.49529885299133736     
   1.7730000238418664       -53.091836305354256       0.49532453267029353     
   1.7720000238418665       -53.083540446937192       0.49535019079546216     
   1.7710000238418666       -53.075246416540232       0.49537582731818097     
   1.7700000238418667       -53.066954216077853       0.49540144218984561     
   1.7690000238418668       -53.058663847468104       0.49542703536164229     
   1.7680000238418669       -53.050375312631658       0.49545260678473796     
   1.7670000238418671       -53.042088613492318       0.49547815641016807     
   1.7660000238418672       -53.033803751976869       0.49550368418886781     
   1.7650000238418673       -53.025520730014911       0.49552919007173252     
   1.7640000238418674       -53.017239549539319       0.49555467400948572     
   1.7630000238418675       -53.008960212485739       0.49558013595280503     
   1.7620000238418676       -53.000682720792604       0.49560557585231091     
   1.7610000238418677       -52.992407076401825       0.49563099365844387     
   1.7600000238418678       -52.984133281258110       0.49565638932158840     
   1.7590000238418679       -52.975861337309063       0.49568176279205645     
   1.7580000238418680       -52.967591246505492       0.49570711402001572     
   1.7570000238418682       -52.959323010800837       0.49573244295563640     
   1.7560000238418683       -52.951056632152060       0.49575774954887675     
   1.7550000238418684       -52.942792112518717       0.49578303374967869     
   1.7540000238418685       -52.934529453863874       0.49580829550782674     
   1.7530000238418686       -52.926268658153099       0.49583353477308340     
   1.7520000238418687       -52.918009727355518       0.49585875149502479     
   1.7510000238418688       -52.909752663443065       0.49588394562319277     
   1.7500000238418689       -52.901497468390147       0.49590911710709790     
   1.7490000238418690       -52.893244144175355       0.49593426589601353     
   1.7480000238418691       -52.884992692779726       0.49595939193916089     
   1.7470000238418693       -52.876743116186965       0.49598449518577059     
   1.7460000238418694       -52.868495416384697       0.49600957558483966     
   1.7450000238418695       -52.860249595363172       0.49603463308529172     
   1.7440000238418696       -52.852005655115413       0.49605966763607789     
   1.7430000238418697       -52.843763597638166       0.49608467918588228     
   1.7420000238418698       -52.835523424931026       0.49610966768337694     
   1.7410000238418699       -52.827285138996402       0.49613463307714717     
   1.7400000238418700       -52.819048741839943       0.49615957531569232     
   1.7390000238418701       -52.810814235470801       0.49618449434729706     
   1.7380000238418702       -52.802581621900742       0.49620939012030507     
   1.7370000238418704       -52.794350903144718       0.49623426258288256     
   1.7360000238418705       -52.786122081220952       0.49625911168308662     
   1.7350000238418706       -52.777895158150734       0.49628393736892806     
   1.7340000238418707       -52.769670135958442       0.49630873958826410     
   1.7330000238418708       -52.761447016671831       0.49633351828885508     
   1.7320000238418709       -52.753225802321111       0.49635827341846600     
   1.7310000238418710       -52.745006494940576       0.49638300492459120     
   1.7300000238418711       -52.736789096566945       0.49640771275477685     
   1.7290000238418712       -52.728573609240421       0.49643239685638296     
   1.7280000238418713       -52.720360035004241       0.49645705717670541     
   1.7270000238418715       -52.712148375904739       0.49648169366294148     
   1.7260000238418716       -52.703938633991676       0.49650630626216674     
   1.7250000238418717       -52.695730811317887       0.49653089492134522     
   1.7240000238418718       -52.687524909938951       0.49655545958743352     
   1.7230000238418719       -52.679320931914368       0.49658000020716397     
   1.7220000238418720       -52.671118879306100       0.49660451672728850     
   1.7210000238418721       -52.662918754179913       0.49662900909433422     
   1.7200000238418722       -52.654720558604453       0.49665347725481762     
   1.7190000238418723       -52.646524294651698       0.49667792115508763     
   1.7180000238418724       -52.638329964396476       0.49670234074148961     
   1.7170000238418726       -52.630137569917224       0.49672673596020051     
   1.7160000238418727       -52.621947113295512       0.49675110675728323     
   1.7150000238418728       -52.613758596616037       0.49677545307872673     
   1.7140000238418729       -52.605572021966928       0.49679977487037719     
   1.7130000238418730       -52.597387391438907       0.49682407207812790     
   1.7120000238418731       -52.589204707126875       0.49684834464754424     
   1.7110000238418732       -52.581023971128282       0.49687259252426103     
   1.7100000238418733       -52.572845185544097       0.49689681565372507     
   1.7090000238418734       -52.564668352478400       0.49692101398135091     
   1.7080000238418735       -52.556493474038689       0.49694518745236343     
   1.7070000238418737       -52.548320552335561       0.49696933601195492     
   1.7060000238418738       -52.540149589482986       0.49699345960519165     
   1.7050000238418739       -52.531980587598056       0.49701755817704790     
   1.7040000238418740       -52.523813548801513       0.49704163167233900     
   1.7030000238418741       -52.515648475216743       0.49706568003589058     
   1.7020000238418742       -52.507485368971153       0.49708970321228185     
   1.7010000238418743       -52.499324232194660       0.49711370114614506     
   1.7000000238418744       -52.491165067021221       0.49713767378184770     
   1.6990000238418745       -52.483007875587525       0.49716162106379191     
   1.6980000238418747       -52.474852660033754       0.49718554293621448     
   1.6970000238418748       -52.466699422503673       0.49720943934321199     
   1.6960000238418749       -52.458548165143895       0.49723331022884881     
   1.6950000238418750       -52.450398890104672       0.49725715553703254     
   1.6940000238418751       -52.442251599539368       0.49728097521161108     
   1.6930000238418752       -52.434106295604884       0.49730476919627165     
   1.6920000238418753       -52.425962980461264       0.49732853743465633     
   1.6910000238418754       -52.417821656272018       0.49735227987026243     
   1.6900000238418755       -52.409682325204038       0.49737599644648001     
   1.6890000238418756       -52.401544989427165       0.49739968710666127     
   1.6880000238418758       -52.393409651115306       0.49742335179392122     
   1.6870000238418759       -52.385276312444923       0.49744699045142859     
   1.6860000238418760       -52.377144975596579       0.49747060302209412     
   1.6850000238418761       -52.369015642753737       0.49749418944882695     
   1.6840000238418762       -52.360888316103178       0.49751774967441598     
   1.6830000238418763       -52.352762997835498       0.49754128364149253     
   1.6820000238418764       -52.344639690144255       0.49756479129264125     
   1.6810000238418765       -52.336518395226641       0.49758827257028632     
   1.6800000238418766       -52.328399115283055       0.49761172741679982     
   1.6790000238418767       -52.320281852517439       0.49763515577439704     
   1.6780000238418769       -52.312166609137023       0.49765855758523625     
   1.6770000238418770       -52.304053387352496       0.49768193279133704     
   1.6760000238418771       -52.295942189377946       0.49770528133461300     
   1.6750000238418772       -52.287833017431126       0.49772860315683803     
   1.6740000238418773       -52.279725873732730       0.49775189819975985     
   1.6730000238418774       -52.271620760507091       0.49777516640498437     
   1.6720000238418775       -52.263517679982179       0.49779840771395834     
   1.6710000238418776       -52.255416634389334       0.49782162206804109     
   1.6700000238418777       -52.247317625962644       0.49784480940861070     
   1.6690000238418778       -52.239220656940816       0.49786796967672192     
   1.6680000238418780       -52.231125729565122       0.49789110281349047     
   1.6670000238418781       -52.223032846080713       0.49791420875982723     
   1.6660000238418782       -52.214942008735925       0.49793728745660637     
   1.6650000238418783       -52.206853219782914       0.49796033884450647     
   1.6640000238418784       -52.198766481476881       0.49798336286420342     
   1.6630000238418785       -52.190681796076845       0.49800635945616745     
   1.6620000238418786       -52.182599165845005       0.49802932856083959     
   1.6610000238418787       -52.174518593047317       0.49805227011848746     
   1.6600000238418788       -52.166440079953105       0.49807518406930967     
   1.6590000238418789       -52.158363628835339       0.49809807035333226     
   1.6580000238418791       -52.150289241970050       0.49812092891059290     
   1.6570000238418792       -52.142216921637456       0.49814375968086250     
   1.6560000238418793       -52.134146670120522       0.49816656260396225     
   1.6550000238418794       -52.126078489706252       0.49818933761949125     
   1.6540000238418795       -52.118012382685237       0.49821208466694689     
   1.6530000238418796       -52.109948351351022       0.49823480368579165     
   1.6520000238418797       -52.101886398001220       0.49825749461530516     
   1.6510000238418798       -52.093826524936716       0.49828015739468007     
   1.6500000238418799       -52.085768734462185       0.49830279196296945     
   1.6490000238418800       -52.077713028885462       0.49832539825917860     
   1.6480000238418802       -52.069659410518199       0.49834797622215743     
   1.6470000238418803       -52.061607881675577       0.49837052579064828     
   1.6460000238418804       -52.053558444676270       0.49839304690327968     
   1.6450000238418805       -52.045511101842507       0.49841553949858369     
   1.6440000238418806       -52.037465855500258       0.49843800351494560     
   1.6430000238418807       -52.029422707978789       0.49846043889070540     
   1.6420000238418808       -52.021381661610931       0.49848284556405020     
   1.6410000238418809       -52.013342718733760       0.49850522347298060     
   1.6400000238418810       -52.005305881686958       0.49852757255553865     
   1.6390000238418811       -51.997271152814356       0.49854989274954620     
   1.6380000238418813       -51.989238534463396       0.49857218399273595     
   1.6370000238418814       -51.981208028985080       0.49859444622272570     
   1.6360000238418815       -51.973179638733690       0.49861667937705778     
   1.6350000238418816       -51.965153366067639       0.49863888339308882     
   1.6340000238418817       -51.957129213348495       0.49866105820814799     
   1.6330000238418818       -51.949107182941965       0.49868320375933972     
   1.6320000238418819       -51.941087277216745       0.49870531998378592     
   1.6310000238418820       -51.933069498545649       0.49872740681840205     
   1.6300000238418821       -51.925053849304966       0.49874946420001570     
   1.6290000238418822       -51.917040331874531       0.49877149206536814     
   1.6280000238418824       -51.909028948637982       0.49879349035103537     
   1.6270000238418825       -51.901019701982740       0.49881545899346919     
   1.6260000238418826       -51.893012594299272       0.49883739792912962     
   1.6250000238418827       -51.885007627982489       0.49885930709420201     
   1.6240000238418828       -51.877004805430303       0.49888118642489332     
   1.6230000238418829       -51.869004129044960       0.49890303585715085     
   1.6220000238418830       -51.861005601231703       0.49892485532694320     
   1.6210000238418831       -51.853009224399933       0.49894664477003953     
   1.6200000238418832       -51.845015000962512       0.49896840412214494     
   1.6190000238418834       -51.837022933335760       0.49899013331886138     
   1.6180000238418835       -51.829033023940418       0.49901183229557261     
   1.6170000238418836       -51.821045275200312       0.49903350098764598     
   1.6160000238418837       -51.813059689543067       0.49905513933031309     
   1.6150000238418838       -51.805076269400303       0.49907674725863138     
   1.6140000238418839       -51.797095017206999       0.49909832470763366     
   1.6130000238418840       -51.789115935401718       0.49911987161222970     
   1.6120000238418841       -51.781139026427603       0.49914138790706591     
   1.6110000238418842       -51.773164292730520       0.49916287352686478     
   1.6100000238418843       -51.765191736760634       0.49918432840611970     
   1.6090000238418845       -51.757221360971748       0.49920575247924176     
   1.6080000238418846       -51.749253167821195       0.49922714568053028     
   1.6070000238418847       -51.741287159770373       0.49924850794413483     
   1.6060000238418848       -51.733323339284219       0.49926983920413570     
   1.6050000238418849       -51.725361708831528       0.49929113939444886     
   1.6040000238418850       -51.717402270884776       0.49931240844890934     
   1.6030000238418851       -51.709445027920289       0.49933364630120342     
   1.6020000238418852       -51.701489982418217       0.49935485288489517     
   1.6010000238418853       -51.693537136862020       0.49937602813352799     
