   2.2000000476837158       -27.411037736602459       0.10138719508603050     
   2.2010000476837157       -27.412864310143156       0.10156545653152813     
   2.2020000476837156       -27.414694094368663       0.10174393787932898     
   2.2030000476837155       -27.416527093238294       0.10192263919094152     
   2.2040000476837154       -27.418363310711431       0.10210156047708040     
   2.2050000476837153       -27.420202750747734       0.10228070174772691     
   2.2060000476837152       -27.422045417307011       0.10246006301211789     
   2.2070000476837150       -27.423891314349284       0.10263964427875683     
   2.2080000476837149       -27.425740445834570       0.10281944555534345     
   2.2090000476837148       -27.427592815723202       0.10299946684887933     
   2.2100000476837147       -27.429448427975508       0.10317970816557563     
   2.2110000476837146       -27.431307286551966       0.10336016951090161     
   2.2120000476837145       -27.433169395413138       0.10354085088956817     
   2.2130000476837144       -27.435034758519688       0.10372175230553751     
   2.2140000476837143       -27.436903379832295       0.10390287376199023     
   2.2150000476837142       -27.438775263311733       0.10408421526135750     
   2.2160000476837141       -27.440650412918778       0.10426577680530932     
   2.2170000476837139       -27.442528832614272       0.10444755839473779     
   2.2180000476837138       -27.444410526358993       0.10462956002978191     
   2.2190000476837137       -27.446295498113876       0.10481178170983815     
   2.2200000476837136       -27.448183751839629       0.10499422343347636     
   2.2210000476837135       -27.450075291497022       0.10517688519852160     
   2.2220000476837134       -27.451970121046848       0.10535976700205038     
   2.2230000476837133       -27.453868244449730       0.10554286884034622     
   2.2240000476837132       -27.455769665666260       0.10572619070889959     
   2.2250000476837131       -27.457674388656976       0.10590973260245362     
   2.2260000476837130       -27.459582417382251       0.10609349451496058     
   2.2270000476837128       -27.461493755802380       0.10627747643958707     
   2.2280000476837127       -27.463408407877523       0.10646167836873355     
   2.2290000476837126       -27.465326377567724       0.10664610029399904     
   2.2300000476837125       -27.467247668832787       0.10683074220620277     
   2.2310000476837124       -27.469172285632432       0.10701560505363170     
   2.2320000476837123       -27.471100231926165       0.10720068693585939     
   2.2330000476837122       -27.473031511673248       0.10738598877348859     
   2.2340000476837121       -27.474966128832797       0.10757151055421590     
   2.2350000476837120       -27.476904087363671       0.10775725226493101     
   2.2360000476837119       -27.478845391224471       0.10794321389172061     
   2.2370000476837117       -27.480790044373531       0.10812939541988671     
   2.2380000476837116       -27.482738050768965       0.10831579622458785     
   2.2390000476837115       -27.484689414368564       0.10850241749031157     
   2.2400000476837114       -27.486644139129787       0.10868925860799145     
   2.2410000476837113       -27.488602229009899       0.10887631955973209     
   2.2420000476837112       -27.490563687965675       0.10906360032678003     
   2.2430000476837111       -27.492528519953638       0.10925110088961149     
   2.2440000476837110       -27.494496728929953       0.10943882122787531     
   2.2450000476837109       -27.496468318850372       0.10962676132041101     
   2.2460000476837108       -27.498443293670292       0.10981492114524932     
   2.2470000476837106       -27.500421657344710       0.11000330067958669     
   2.2480000476837105       -27.502403413828148       0.11019189989982400     
   2.2490000476837104       -27.504388567074777       0.11038071878152590     
   2.2500000476837103       -27.506377121038291       0.11056975729943415     
   2.2510000476837102       -27.508369079671919       0.11075901542747940     
   2.2520000476837101       -27.510364446928357       0.11094849313873330     
   2.2530000476837100       -27.512363226759923       0.11113819040547461     
   2.2540000476837099       -27.514365423118317       0.11132810719911714     
   2.2550000476837098       -27.516371039954809       0.11151824349026457     
   2.2560000476837097       -27.518380081220041       0.11170859924866267     
   2.2570000476837095       -27.520392550864209       0.11189917444324116     
   2.2580000476837094       -27.522408452836878       0.11208996904207237     
   2.2590000476837093       -27.524427791087007       0.11228098301237138     
   2.2600000476837092       -27.526450569563011       0.11247221632053576     
   2.2610000476837091       -27.528476792212633       0.11266366893207864     
   2.2620000476837090       -27.530506462983094       0.11285534081169803     
   2.2630000476837089       -27.532539585820864       0.11304723192320715     
   2.2640000476837088       -27.534576164671776       0.11323934222956535     
   2.2650000476837087       -27.536616203481071       0.11343167263472240     
   2.2660000476837086       -27.538659706193179       0.11362422124405319     
   2.2670000476837084       -27.540706676751903       0.11381698893275884     
   2.2680000476837083       -27.542757119100280       0.11400997566035162     
   2.2690000476837082       -27.544811037180676       0.11420318138548757     
   2.2700000476837081       -27.546868434934630       0.11439660606594347     
   2.2710000476837080       -27.548929316302996       0.11459024965862834     
   2.2720000476837079       -27.550993685225738       0.11478411148729345     
   2.2730000476837078       -27.553061545642088       0.11497819275193875     
   2.2740000476837077       -27.555132901490477       0.11517249279360550     
   2.2750000476837076       -27.557207756708486       0.11536701156563321     
   2.2760000476837075       -27.559286115232808       0.11556174902045736     
   2.2770000476837073       -27.561367980999279       0.11575670510959653     
   2.2780000476837072       -27.563453357942961       0.11595187978372483     
   2.2790000476837071       -27.565542249997886       0.11614727299255481     
   2.2800000476837070       -27.567634661097230       0.11634288468491105     
   2.2810000476837069       -27.569730595173262       0.11653871480870825     
   2.2820000476837068       -27.571830056157243       0.11673476331092157     
   2.2830000476837067       -27.573933047979565       0.11693103013764643     
   2.2840000476837066       -27.576039574569492       0.11712751523399634     
   2.2850000476837065       -27.578149639855468       0.11732421854421264     
   2.2860000476837063       -27.580263247764819       0.11752114001156683     
   2.2870000476837062       -27.582380402223837       0.11771827957840249     
   2.2880000476837061       -27.584501107157834       0.11791563718612481     
   2.2890000476837060       -27.586625366491006       0.11811321277518644     
   2.2900000476837059       -27.588753184146448       0.11831100628509635     
   2.2910000476837058       -27.590884564046249       0.11850901765440208     
   2.2920000476837057       -27.593019510111297       0.11870724682069489     
   2.2930000476837056       -27.595158026261419       0.11890569372061886     
   2.2940000476837055       -27.597300116415173       0.11910435828979463     
   2.2950000476837054       -27.599445784490083       0.11930324046292810     
   2.2960000476837052       -27.601595034402443       0.11950234113721159     
   2.2970000476837051       -27.603747870067338       0.11970165834838825     
   2.2980000476837050       -27.605904295398616       0.11990119296259411     
   2.2990000476837049       -27.608064314308880       0.12010094491057312     
   2.3000000476837048       -27.610227930709577       0.12030091412210447     
   2.3010000476837047       -27.612395148510721       0.12050109988473061     
   2.3020000476837046       -27.614565971621190       0.12070150338753886     
   2.3030000476837045       -27.616740403948434       0.12090212393647054     
   2.3040000476837044       -27.618918449398631       0.12110296145719859     
   2.3050000476837043       -27.621100111876615       0.12130401587438729     
   2.3060000476837041       -27.623285395285841       0.12150528711167745     
   2.3070000476837040       -27.625474303528392       0.12170677509165150     
   2.3080000476837039       -27.627666840504929       0.12190847973585790     
   2.3090000476837038       -27.629863010114704       0.12211040096478006     
   2.3100000476837037       -27.632062816255520       0.12231253869785845     
   2.3110000476837036       -27.634266262823751       0.12251489285345664     
   2.3120000476837035       -27.636473353714230       0.12271746334887254     
   2.3130000476837034       -27.638684092820355       0.12292025010031743     
   2.3140000476837033       -27.640898484033993       0.12312325302292473     
   2.3150000476837032       -27.643116531245443       0.12332647203073886     
   2.3160000476837030       -27.645338238343470       0.12352990703668731     
   2.3170000476837029       -27.647563609215243       0.12373355795260710     
   2.3180000476837028       -27.649792647746374       0.12393742468921490     
   2.3190000476837027       -27.652025357820818       0.12414150715610257     
   2.3200000476837026       -27.654261743320966       0.12434580526175429     
   2.3210000476837025       -27.656501808127398       0.12455031891345955     
   2.3220000476837024       -27.658745556119150       0.12475504801742268     
   2.3230000476837023       -27.660992991173554       0.12495999345621904     
   2.3240000476837022       -27.663244117166126       0.12516515321074165     
   2.3250000476837021       -27.665498937970803       0.12537052813016258     
   2.3260000476837019       -27.667757457459590       0.12557611811600936     
   2.3270000476837018       -27.670019679502794       0.12578192240627337     
   2.3280000476837017       -27.672285607968902       0.12598794220183587     
   2.3290000476837016       -27.674555246724601       0.12619417676054184     
   2.3300000476837015       -27.676828599634689       0.12640062597908916     
   2.3310000476837014       -27.679105670562102       0.12660728975299496     
   2.3320000476837013       -27.681386463367918       0.12681416797651501     
   2.3330000476837012       -27.683670981911249       0.12702126054266250     
   2.3340000476837011       -27.685959230049349       0.12722856734322871     
   2.3350000476837010       -27.688251211637414       0.12743608826868830     
   2.3360000476837008       -27.690546930528733       0.12764382320828779     
   2.3370000476837007       -27.692846390574562       0.12785177204997630     
   2.3380000476837006       -27.695149595624095       0.12805993468040092     
   2.3390000476837005       -27.697456549524560       0.12826831098491248     
   2.3400000476837004       -27.699767256121035       0.12847690084754193     
   2.3410000476837003       -27.702081719256515       0.12868570415099498     
   2.3420000476837002       -27.704399942771889       0.12889472077663869     
   2.3430000476837001       -27.706721930505896       0.12910395060447766     
   2.3440000476837000       -27.709047686295108       0.12931339351318891     
   2.3450000476836999       -27.711377213973861       0.12952304938003570     
   2.3460000476836997       -27.713710517374324       0.12973291808091830     
   2.3470000476836996       -27.716047600326391       0.12994300048764337     
   2.3480000476836995       -27.718388466657668       0.13015329451330065     
   2.3490000476836994       -27.720733120193529       0.13036380099343836     
   2.3500000476836993       -27.723081564756896       0.13057451979829335     
   2.3510000476836992       -27.725433804168546       0.13078545008632958     
   2.3520000476836991       -27.727789842246679       0.13099659311958245     
   2.3530000476836990       -27.730149682807173       0.13120794807868391     
   2.3540000476836989       -27.732513329663579       0.13141951482801437     
   2.3550000476836987       -27.734880786626803       0.13163129323040404     
   2.3560000476836986       -27.737252057505398       0.13184328314719931     
   2.3570000476836985       -27.739627146105370       0.13205548443820622     
   2.3580000476836984       -27.742006056230188       0.13226789696168770     
   2.3590000476836983       -27.744388791680731       0.13248052057432261     
   2.3600000476836982       -27.746775356255419       0.13269335513126546     
   2.3610000476836981       -27.749165753749821       0.13290640048600724     
   2.3620000476836980       -27.751559987957044       0.13311965649048171     
   2.3630000476836979       -27.753958062667451       0.13333312299497804     
   2.3640000476836978       -27.756359981668652       0.13354679984814724     
   2.3650000476836976       -27.758765748745596       0.13376068689698672     
   2.3660000476836975       -27.761175367680426       0.13397478398681864     
   2.3670000476836974       -27.763588842252517       0.13418909096128082     
   2.3680000476836973       -27.766006176238335       0.13440360866972323     
   2.3690000476836972       -27.768427373411555       0.13461833497442244     
   2.3700000476836971       -27.770852437542938       0.13483327068567050     
   2.3710000476836970       -27.773281372400326       0.13504841491547787     
   2.3720000476836969       -27.775714181748640       0.13526376892017311     
   2.3730000476836968       -27.778150869349759       0.13547933183521055     
   2.3740000476836967       -27.780591438962514       0.13569510349188196     
   2.3750000476836965       -27.783035894342817       0.13591108371968955     
   2.3760000476836964       -27.785484239243324       0.13612727234623156     
   2.3770000476836963       -27.787936477413773       0.13634366919728824     
   2.3780000476836962       -27.790392612600527       0.13656027409668184     
   2.3790000476836961       -27.792852648546901       0.13677708686635759     
   2.3800000476836960       -27.795316588992961       0.13699410732632283     
   2.3810000476836959       -27.797784437675514       0.13721133529462282     
   2.3820000476836958       -27.800256198328086       0.13742877058733277     
   2.3830000476836957       -27.802731874680834       0.13764641301851743     
   2.3840000476836956       -27.805211470460577       0.13786426240023317     
   2.3850000476836954       -27.807694989390733       0.13808231854248512     
   2.3860000476836953       -27.810182435191308       0.13830058125322958     
   2.3870000476836952       -27.812673811578762       0.13851905136831266     
   2.3880000476836951       -27.815169122266138       0.13873772667139639     
   2.3890000476836950       -27.817668370962828       0.13895660721184741     
   2.3900000476836949       -27.820171561374721       0.13917569424656595     
   2.3910000476836948       -27.822678697203997       0.13939498685814483     
   2.3920000476836947       -27.825189782149252       0.13961448484168126     
   2.3930000476836946       -27.827704819905300       0.13983418799002528     
   2.3940000476836945       -27.830223814163254       0.14005409609377859     
   2.3950000476836943       -27.832746768610420       0.14027420894126180     
   2.3960000476836942       -27.835273686930289       0.14049452631850690     
   2.3970000476836941       -27.837804572802426       0.14071504800918636     
   2.3980000476836940       -27.840339429902578       0.14093577379464983     
   2.3990000476836939       -27.842878261902438       0.14115670345383965     
   2.4000000476836938       -27.845421072469730       0.14137783676328392     
   2.4010000476836937       -27.847967865268195       0.14159917349710480     
   2.4020000476836936       -27.850518643957400       0.14182071342693320     
   2.4030000476836935       -27.853073412192842       0.14204245632191648     
   2.4040000476836934       -27.855632173625789       0.14226440300302343     
   2.4050000476836932       -27.858194931903313       0.14248655040993791     
   2.4060000476836931       -27.860761690668262       0.14270890080222648     
   2.4070000476836930       -27.863332453559032       0.14293145321119061     
   2.4080000476836929       -27.865907224209820       0.14315420739313378     
   2.4090000476836928       -27.868486006250308       0.14337716310163134     
   2.4100000476836927       -27.871068803305754       0.14360032008760892     
   2.4110000476836926       -27.873655618996928       0.14382367809924931     
   2.4120000476836925       -27.876246456939985       0.14404723688197679     
   2.4130000476836924       -27.878841320746520       0.14427099617842210     
   2.4140000476836923       -27.881440214023471       0.14449495572841028     
   2.4150000476836921       -27.884043140373038       0.14471911526890435     
   2.4160000476836920       -27.886650103392682       0.14494347453398160     
   2.4170000476836919       -27.889261106675054       0.14516803325480959     
   2.4180000476836918       -27.891876153807914       0.14539279218360301     
   2.4190000476836917       -27.894495248374128       0.14561774904174266     
   2.4200000476836916       -27.897118393951637       0.14584290373914430     
   2.4210000476836915       -27.899745594113242       0.14606825754732158     
   2.4220000476836914       -27.902376852426741       0.14629380942260678     
   2.4230000476836913       -27.905012172454796       0.14651955907795450     
   2.4240000476836912       -27.907651557754811       0.14674550622317900     
   2.4250000476836910       -27.910295011879043       0.14697165056491784     
   2.4260000476836909       -27.912942538374345       0.14719799180656404     
   2.4270000476836908       -27.915594140782240       0.14742452964824504     
   2.4280000476836907       -27.918249822638838       0.14765126378681062     
   2.4290000476836906       -27.920909587474739       0.14787819391575999     
   2.4300000476836905       -27.923573438814984       0.14810532069344026     
   2.4310000476836904       -27.926241380179029       0.14833264191410134     
   2.4320000476836903       -27.928913415080700       0.14856015818726498     
   2.4330000476836902       -27.931589547028004       0.14878786838406663     
   2.4340000476836900       -27.934269779523248       0.14901577376005959     
   2.4350000476836899       -27.936954116062797       0.14924387321576804     
   2.4360000476836898       -27.939642560137123       0.14947216642029471     
   2.4370000476836897       -27.942335115230740       0.14970065303911242     
   2.4380000476836896       -27.945031784822071       0.14992933273400172     
   2.4390000476836895       -27.947732572383437       0.15015820516303491     
   2.4400000476836894       -27.950437481380952       0.15038726998049742     
   2.4410000476836893       -27.953146515274511       0.15061652683691104     
   2.4420000476836892       -27.955859677517633       0.15084597634492442     
   2.4430000476836891       -27.958576971557505       0.15107561626141144     
   2.4440000476836889       -27.961298400834764       0.15130544714729793     
   2.4450000476836888       -27.964023968783604       0.15153546780683752     
   2.4460000476836887       -27.966753678831576       0.15176567949132894     
   2.4470000476836886       -27.969487534399512       0.15199608103607037     
   2.4480000476836885       -27.972225538901561       0.15222667206378560     
   2.4490000476836884       -27.974967695744958       0.15245745219306198     
   2.4500000476836883       -27.977714008330153       0.15268842103830768     
   2.4510000476836882       -27.980464480050500       0.15291957820970908     
   2.4520000476836881       -27.983219114292332       0.15315092423564725     
   2.4530000476836880       -27.985977914434933       0.15338245691895219     
   2.4540000476836878       -27.988740883850255       0.15361417673545222     
   2.4550000476836877       -27.991508025903059       0.15384608246497045     
   2.4560000476836876       -27.994279343950716       0.15407817528017886     
   2.4570000476836875       -27.997054841343061       0.15431045399187371     
   2.4580000476836874       -27.999834521422535       0.15454291817942917     
   2.4590000476836873       -28.002618387523881       0.15477556741762927     
   2.4600000476836872       -28.005406442974135       0.15500840127660856     
   2.4610000476836871       -28.008198691092659       0.15524141932186611     
   2.4620000476836870       -28.010995135190825       0.15547462203576534     
   2.4630000476836869       -28.013795778572153       0.15570800717935476     
   2.4640000476836867       -28.016600624532042       0.15594157517964166     
   2.4650000476836866       -28.019409676357839       0.15617532475130380     
   2.4660000476836865       -28.022222937328689       0.15640925705445916     
   2.4670000476836864       -28.025040410715384       0.15664337083644619     
   2.4680000476836863       -28.027862099780357       0.15687766562871083     
   2.4690000476836862       -28.030688007777552       0.15711214095766574     
   2.4700000476836861       -28.033518137952356       0.15734679634458690     
   2.4710000476836860       -28.036352493541479       0.15758163221892410     
   2.4720000476836859       -28.039191077772948       0.15781664631511894     
   2.4730000476836858       -28.042033893865778       0.15805183900486058     
   2.4740000476836856       -28.044880945030222       0.15828720894699816     
   2.4750000476836855       -28.047732234467389       0.15852275727288179     
   2.4760000476836854       -28.050587765369290       0.15875848267536308     
   2.4770000476836853       -28.053447540918647       0.15899438463871357     
   2.4780000476836852       -28.056311564288972       0.15923046264176136     
   2.4790000476836851       -28.059179838644233       0.15946671704934645     
   2.4800000476836850       -28.062052367138897       0.15970314559695406     
   2.4810000476836849       -28.064929152917838       0.15993974859021215     
   2.4820000476836848       -28.067810199116160       0.16017652464835250     
   2.4830000476836847       -28.070695508859110       0.16041347484782381     
   2.4840000476836845       -28.073585085262074       0.16065059784257282     
   2.4850000476836844       -28.076478931430337       0.16088789307170007     
   2.4860000476836843       -28.079377050459058       0.16112536082014176     
   2.4870000476836842       -28.082279445433127       0.16136299886246730     
   2.4880000476836841       -28.085186119427092       0.16160080742409669     
   2.4890000476836840       -28.088097075505004       0.16183878592053852     
   2.4900000476836839       -28.091012316720381       0.16207693289837055     
   2.4910000476836838       -28.093931846116021       0.16231524943427653     
   2.4920000476836837       -28.096855666723936       0.16255373411189963     
   2.4930000476836836       -28.099783781565243       0.16279238716175984     
   2.4940000476836834       -28.102716193649993       0.16303120634102108     
   2.4950000476836833       -28.105652905977184       0.16327019181895627     
   2.4960000476836832       -28.108593921534489       0.16350934215266275     
   2.4970000476836831       -28.111539243298253       0.16374865828654847     
   2.4980000476836830       -28.114488874233402       0.16398813881318158     
   2.4990000476836829       -28.117442817293107       0.16422778308520355     
   2.5000000476836828       -28.120401075419103       0.16446759130303495     
   2.5010000476836827       -28.123363651541009       0.16470756115259549     
   2.5020000476836826       -28.126330548576640       0.16494769276978649     
   2.5030000476836824       -28.129301769431763       0.16518798463878392     
   2.5040000476836823       -28.132277316999939       0.16542843770901650     
   2.5050000476836822       -28.135257194162371       0.16566905050275904     
   2.5060000476836821       -28.138241403787923       0.16590982316679381     
   2.5070000476836820       -28.141229948732828       0.16615075337486143     
   2.5080000476836819       -28.144222831840704       0.16639184120786363     
   2.5090000476836818       -28.147220055942327       0.16663308511058922     
   2.5100000476836817       -28.150221623855607       0.16687448598659796     
   2.5110000476836816       -28.153227538385359       0.16711604231988095     
   2.5120000476836815       -28.156237802323208       0.16735775422472157     
   2.5130000476836813       -28.159252418447576       0.16759961931731829     
   2.5140000476836812       -28.162271389523283       0.16784163764328500     
   2.5150000476836811       -28.165294718301787       0.16808380758406288     
   2.5160000476836810       -28.168322407520748       0.16832613003929850     
   2.5170000476836809       -28.171354459904006       0.16856860425582301     
   2.5180000476836808       -28.174390878161489       0.16881122786630542     
   2.5190000476836807       -28.177431664989058       0.16905400085404521     
   2.5200000476836806       -28.180476823068311       0.16929692158012644     
   2.5210000476836805       -28.183526355066558       0.16953999087484645     
   2.5220000476836804       -28.186580263636600       0.16978320795747395     
   2.5230000476836802       -28.189638551416635       0.17002657044008856     
   2.5240000476836801       -28.192701221030099       0.17027007826028909     
   2.5250000476836800       -28.195768275085602       0.17051372973917139     
   2.5260000476836799       -28.198839716176693       0.17075752567304267     
   2.5270000476836798       -28.201915546881821       0.17100146525333018     
   2.5280000476836797       -28.204995769764039       0.17124554603577449     
   2.5290000476836796       -28.208080387371133       0.17148976712020103     
   2.5300000476836795       -28.211169402235171       0.17173412919257025     
   2.5310000476836794       -28.214262816872630       0.17197863062621427     
   2.5320000476836793       -28.217360633784097       0.17222327139331306     
   2.5330000476836791       -28.220462855454205       0.17246804895658641     
   2.5340000476836790       -28.223569484351430       0.17271296236575084     
   2.5350000476836789       -28.226680522928060       0.17295801233759378     
   2.5360000476836788       -28.229795973619918       0.17320319801253767     
   2.5370000476836787       -28.232915838846289       0.17344851685737747     
   2.5380000476836786       -28.236040121009871       0.17369396788258118     
   2.5390000476836785       -28.239168822496389       0.17393955175280348     
   2.5400000476836784       -28.242301945674740       0.17418526758521835     
   2.5410000476836783       -28.245439492896637       0.17443111282178098     
   2.5420000476836782       -28.248581466496557       0.17467708643250576     
   2.5430000476836780       -28.251727868791640       0.17492318905784410     
   2.5440000476836779       -28.254878702081392       0.17516941979247452     
   2.5450000476836778       -28.258033968647712       0.17541577523317028     
   2.5460000476836777       -28.261193670754697       0.17566225668385657     
   2.5470000476836776       -28.264357810648363       0.17590886321868818     
   2.5480000476836775       -28.267526390556739       0.17615559228627417     
   2.5490000476836774       -28.270699412689591       0.17640244278677658     
   2.5500000476836773       -28.273876879238191       0.17664941526752123     
   2.5510000476836772       -28.277058792375328       0.17689650878240931     
   2.5520000476836771       -28.280245154255155       0.17714371987785901     
   2.5530000476836769       -28.283435967012856       0.17739104980221956     
   2.5540000476836768       -28.286631232764822       0.17763849759031353     
   2.5550000476836767       -28.289830953608188       0.17788605981817496     
   2.5560000476836766       -28.293035131620833       0.17813373766134377     
   2.5570000476836765       -28.296243768861260       0.17838153013647545     
   2.5580000476836764       -28.299456867368427       0.17862943381786389     
   2.5590000476836763       -28.302674429161570       0.17887744983811549     
   2.5600000476836762       -28.305896456240070       0.17912557719687575     
   2.5610000476836761       -28.309122950583369       0.17937381243641401     
   2.5620000476836760       -28.312353914150702       0.17962215667540171     
   2.5630000476836758       -28.315589348881133       0.17987060889795037     
   2.5640000476836757       -28.318829256693185       0.18011916558386792     
   2.5650000476836756       -28.322073639484884       0.18036782864327111     
   2.5660000476836755       -28.325322499133556       0.18061659471843206     
   2.5670000476836754       -28.328575837495677       0.18086546252307800     
   2.5680000476836753       -28.331833656406701       0.18111443326819776     
   2.5690000476836752       -28.335095957680956       0.18136350270590429     
   2.5700000476836751       -28.338362743111521       0.18161267264154485     
   2.5710000476836750       -28.341634014470021       0.18186193971271633     
   2.5720000476836749       -28.344909773506572       0.18211130258080965     
   2.5730000476836747       -28.348190021949534       0.18236076243116006     
   2.5740000476836746       -28.351474761505422       0.18261031494105029     
   2.5750000476836745       -28.354763993858896       0.18285996194097287     
   2.5760000476836744       -28.358057720672313       0.18310969918575515     
   2.5770000476836743       -28.361355943585892       0.18335952841166742     
   2.5780000476836742       -28.364658664217430       0.18360944542335175     
   2.5790000476836741       -28.367965884162228       0.18385945188993022     
   2.5800000476836740       -28.371277604992834       0.18410954363987120     
   2.5810000476836739       -28.374593828259094       0.18435972230078373     
   2.5820000476836737       -28.377914555487770       0.18460998370008416     
   2.5830000476836736       -28.381239788182704       0.18486032944873215     
   2.5840000476836735       -28.384569527824482       0.18511075534873769     
   2.5850000476836734       -28.387903775870278       0.18536126301914288     
   2.5860000476836733       -28.391242533753882       0.18561184821193985     
   2.5870000476836732       -28.394585802885423       0.18586251257958739     
   2.5880000476836731       -28.397933584651334       0.18611325179862939     
   2.5890000476836730       -28.401285880414150       0.18636406758140922     
   2.5900000476836729       -28.404642691512436       0.18661495625711000     
   2.5910000476836728       -28.408004019260598       0.18686591659011464     
   2.5920000476836726       -28.411369864948870       0.18711694939111001     
   2.5930000476836725       -28.414740229843048       0.18736805033346191     
   2.5940000476836724       -28.418115115184435       0.18761922034084760     
   2.5950000476836723       -28.421494522189725       0.18787045796197852     
   2.5960000476836722       -28.424878452050876       0.18812175962688485     
   2.5970000476836721       -28.428266905934969       0.18837312621346858     
   2.5980000476836720       -28.431659884984114       0.18862455627136718     
