   1.6000000238418579       -46.883208403458703       0.79671063314769719       0.44796045413319685     
   1.6010000238418578       -46.888107092366809       0.79589907112618397       0.44789172957434215     
   1.6020000238418577       -46.893017770574737       0.79508320770465124       0.44782308968749718     
   1.6030000238418576       -46.897940470371324       0.79426299832155045       0.44775453516808622     
   1.6040000238418575       -46.902875224310201       0.79343839720601983       0.44768606670473216     
   1.6050000238418574       -46.907822065214447       0.79260935515823583       0.44761768491188764     
   1.6060000238418572       -46.912781026181953       0.79177582965285020       0.44754939064347798     
   1.6070000238418571       -46.917752140590210       0.79093776991733600       0.44748118453078845     
   1.6080000238418570       -46.922735442101697       0.79009512665664994       0.44741306728558544     
   1.6090000238418569       -46.927730964669578       0.78924784963520611       0.44734503962564592     
   1.6100000238418568       -46.932738742542725       0.78839588765160762       0.44727710227501011     
   1.6110000238418567       -46.937758810271845       0.78753918594999184       0.44720925588827121     
   1.6120000238418566       -46.942791202715384       0.78667769623022954       0.44714150134805286     
   1.6130000238418565       -46.947835955045207       0.78581136186178491       0.44707383932718259     
   1.6140000238418564       -46.952893102753137       0.78494012750392717       0.44700627057569187     
   1.6150000238418563       -46.957962681657214       0.78406393670784136       0.44693879585046647     
   1.6160000238418561       -46.963044727908326       0.78318273188495680       0.44687141591536594     
   1.6170000238418560       -46.968139277996805       0.78229645163897743       0.44680413146691955     
   1.6180000238418559       -46.973246368759618       0.78140504104825859       0.44673694342671966     
   1.6190000238418558       -46.978366037387318       0.78050843647407575       0.44666985251129798     
   1.6200000238418557       -46.983498321431519       0.77960657542726375       0.44660285951398176     
   1.6210000238418556       -46.988643258812388       0.77869939410207334       0.44653596523587719     
   1.6220000238418555       -46.993800887826680       0.77778682733684479       0.44646917048600065     
   1.6230000238418554       -46.998971247155360       0.77686880576176964       0.44640247600576188     
   1.6240000238418553       -47.004154375872474       0.77594526675120568       0.44633588276610175     
   1.6250000238418552       -47.009350313453233       0.77501613823838233       0.44626939153070222     
   1.6260000238418550       -47.014559099783142       0.77408134920790772       0.44620300314213285     
   1.6270000238418549       -47.019780775166652       0.77314082706625464       0.44613671845183195     
   1.6280000238418548       -47.025015380337237       0.77219449474274360       0.44607053824658810     
   1.6290000238418547       -47.030262956466487       0.77124228176914067       0.44600446353745532     
   1.6300000238418546       -47.035523545174371       0.77028410789666069       0.44593849513558875     
   1.6310000238418545       -47.040797188539656       0.76931989369332832       0.44587263392994486     
   1.6320000238418544       -47.046083929110104       0.76834955787658976       0.44580688081940689     
   1.6330000238418543       -47.051383809914235       0.76737301427572979       0.44574123663930659     
   1.6340000238418542       -47.056696874472138       0.76639018338739284       0.44567570245030491     
   1.6350000238418541       -47.062023166807350       0.76540097527732387       0.44561027911464607     
   1.6360000238418539       -47.067362731459369       0.76440530061437761       0.44554496757339901     
   1.6370000238418538       -47.072715613495987       0.76340306496210808       0.44547976870907507     
   1.6380000238418537       -47.078081858526204       0.76239418008891946       0.44541468361893471     
   1.6390000238418536       -47.083461512714280       0.76137854721102327       0.44534971321438910     
   1.6400000238418535       -47.088854622793001       0.76035606777454234       0.44528485848309340     
   1.6410000238418534       -47.094261236079092       0.75932663777630005       0.44522012035749686     
   1.6420000238418533       -47.099681400487249       0.75829015911099285       0.44515549997941278     
   1.6430000238418532       -47.105115164546461       0.75724652273576920       0.44509099831270110     
   1.6440000238418531       -47.110562577416161       0.75619561946698766       0.44502661639659075     
   1.6450000238418530       -47.116023688902388       0.75513733418797757       0.44496235521696686     
   1.6460000238418528       -47.121498549476073       0.75407155751728516       0.44489821596878243     
   1.6470000238418527       -47.126987210290437       0.75299816846771450       0.44483419967238230     
   1.6480000238418526       -47.132489723200223       0.75191704552975958       0.44477030742432117     
   1.6490000238418525       -47.138006140781073       0.75082806060987117       0.44470654026841788     
   1.6500000238418524       -47.143536516349911       0.74973109133605575       0.44464289946196917     
   1.6510000238418523       -47.149080903986146       0.74862600273919200       0.44457938608684039     
   1.6520000238418522       -47.154639358553624       0.74751265580365234       0.44451600123937257     
   1.6530000238418521       -47.160211935723666       0.74639091653899436       0.44445274621960501     
   1.6540000238418520       -47.165798691998617       0.74526063813165933       0.44438962216468264     
   1.6550000238418519       -47.171399684737480       0.74412166916032862       0.44432663022655300     
   1.6560000238418517       -47.177014972181283       0.74297386263057008       0.44426377175520837     
   1.6570000238418516       -47.182644613480370       0.74181705824690003       0.44420104794663001     
   1.6580000238418515       -47.188288668722826       0.74065109045252220       0.44413846001226176     
   1.6590000238418514       -47.193947198963969       0.73947579759680249       0.44407600935956815     
   1.6600000238418513       -47.199620266257284       0.73829100398426495       0.44401369724781320     
   1.6610000238418512       -47.205307933686910       0.73709652788740365       0.44395152495255297     
   1.6620000238418511       -47.211010265401143       0.73589219102830483       0.44388949394684424     
   1.6630000238418510       -47.216727326648282       0.73467780004433036       0.44382760555850065     
   1.6640000238418509       -47.222459183813520       0.73345315462379956       0.44376586113273447     
   1.6650000238418508       -47.228205904457937       0.73221805750232372       0.44370426221715636     
   1.6660000238418506       -47.233967557359357       0.73097229171691191       0.44364281015757218     
   1.6670000238418505       -47.239744212555415       0.72971564517961540       0.44358150654579981     
   1.6680000238418504       -47.245535941388141       0.72844788910892477       0.44352035284367741     
   1.6690000238418503       -47.251342816551961       0.72716878586205980       0.44345935053313501     
   1.6700000238418502       -47.257164912142976       0.72587809928411751       0.44339850129827674     
   1.6710000238418501       -47.263002303711936       0.72457557100639869       0.44333780663183231     
   1.6720000238418500       -47.268855068319034       0.72326094607333935       0.44327726827600400     
   1.6730000238418499       -47.274723284592653       0.72193394657817633       0.44321688779436308     
   1.6740000238418498       -47.280607032790698       0.72059429676174425       0.44315666699380213     
   1.6750000238418497       -47.286506394865832       0.71924169685156103       0.44309660751263641     
   1.6760000238418495       -47.292421454533681       0.71787584796723891       0.44303671122968424     
   1.6770000238418494       -47.298352297346440       0.71649642580186823       0.44297697986266488     
   1.6780000238418493       -47.304299010769100       0.71510310566479030       0.44291741537000617     
   1.6790000238418492       -47.310261684261775       0.71369553563581267       0.44285801955439746     
   1.6800000238418491       -47.316240409366031       0.71227336208442971       0.44279879446238474     
   1.6810000238418490       -47.322235279797262       0.71083620190189567       0.44273974198807342     
   1.6820000238418489       -47.328246391542400       0.70938366542474673       0.44268086422729441     
   1.6830000238418488       -47.334273842964755       0.70791534448932281       0.44262216331810739     
   1.6840000238418487       -47.340317734914549       0.70643080198464903       0.44256364131773657     
   1.6850000238418485       -47.346378170848318       0.70492959365068453       0.44250530052563009     
   1.6860000238418484       -47.352455256955160       0.70341123935505101       0.44244714311137684     
   1.6870000238418483       -47.358549102292763       0.70187524620639941       0.44238917145291279     
   1.6880000238418482       -47.364659818932907       0.70032109599039449       0.44233138798910071     
   1.6890000238418481       -47.370787522117304       0.69874823265577346       0.44227379509001052     
   1.6900000238418480       -47.376932330424950       0.69715608212319424       0.44221639534122381     
   1.6910000238418479       -47.383094365953063       0.69554403529103626       0.44215919135720017     
   1.6920000238418478       -47.389273754511080       0.69391144934884919       0.44210218583463168     
   1.6930000238418477       -47.395470625830477       0.69225764870518858       0.44204538159940721     
   1.6940000238418476       -47.401685113791928       0.69058190745082626       0.44198878144187170     
   1.6950000238418474       -47.407917356670922       0.68888346801926892       0.44193238838037197     
   1.6960000238418473       -47.414167497404684       0.68716152277716758       0.44187620549375040     
   1.6970000238418472       -47.420435683882104       0.68541521365800784       0.44182023597234998     
   1.6980000238418471       -47.426722069260137       0.68364362760419184       0.44176448312556627     
   1.6990000238418470       -47.433026812308974       0.68184579146360291       0.44170895039026647     
   1.7000000238418469       -47.439350077789953       0.68002066625912072       0.44165364134000551     
   1.7010000238418468       -47.445692036870284       0.67816713686918129       0.44159855965732109     
   1.7020000238418467       -47.452052867578971       0.67628402002544319       0.44154370929605286     
   1.7030000238418466       -47.458432755310128       0.67437003332038659       0.44148909426829103     
   1.7040000238418465       -47.464831893379227       0.67242380082406394       0.44143471880850654     
   1.7050000238418463       -47.471250483640318       0.67044383450388079       0.44138058731550406     
   1.7060000238418462       -47.477688737172720       0.66842853793952983       0.44132670451383660     
   1.7070000238418461       -47.484146875048523       0.66637616433967672       0.44127307522596021     
   1.7080000238418460       -47.490625129191493       0.66428483173960606       0.44121970467251714     
   1.7090000238418459       -47.497123743344318       0.66215247199058946       0.44116659822623272     
   1.7100000238418458       -47.503642974160762       0.65997683659463491       0.44111376167791927     
   1.7110000238418457       -47.510183092444578       0.65775545408987723       0.44106120113443914     
   1.7120000238418456       -47.516744384562486       0.65548560306961279       0.44100892309284995     
   1.7130000238418455       -47.523327154061896       0.65316427511222885       0.44095693448664564     
   1.7140000238418454       -47.529931723536080       0.65078813031878158       0.44090524273930820     
   1.7150000238418452       -47.536558436784887       0.64835343913242960       0.44085385579915815     
   1.7160000238418451       -47.543207661335714       0.64585602988566437       0.44080278230231773     
   1.7170000238418450       -47.549879791405658       0.64329119510244281       0.44075203157389575     
   1.7180000238418449       -47.556575251408162       0.64065359583916026       0.44070161376947187     
   1.7190000238418448       -47.563294500142575       0.63793713586305401       0.44065154000977674     
   1.7200000238418447       -47.570038035844604       0.63513479707680409       0.44060182252372265     
   1.7210000238418446       -47.576806402341731       0.63223844612071367       0.44055247492891902     
   1.7220000238418445       -47.583600196644390       0.62923854673483104       0.44050351240510743     
   1.7230000238418444       -47.590420078435415       0.62612381682035390       0.44045495212846814     
   1.7240000238418443       -47.597266782113863       0.62288072143128537       0.44040681364303685     
   1.7250000238418441       -47.604141132354854       0.61949280916106475       0.44035911955518947     
   1.7260000238418440       -47.611044064624465       0.61593971794183888       0.44031189629228212     
   1.7270000238418439       -47.617976652888728       0.61219576913969409       0.44026517542323657     
   1.7280000238418438       -47.624940148127436       0.60822775949657515       0.44021899537811432     
   1.7290000238418437       -47.631936033770792       0.60399145156117540       0.44017340421264994     
   1.7300000238418436       -47.638966109035707       0.59942565949006266       0.44012846420170665     
   1.7310000238418435       -47.646032621368938       0.59444139689339748       0.44008425967509746     
   1.7320000238418434       -47.653138493113985       0.58890018883698880       0.44004091244441518     
   1.7330000238418433       -47.660287752046649       0.58256383785467780       0.43999861557312137     
   1.7340000238418432       -47.667486491145809       0.57495033283894026       0.43995772642024183     
   1.7350000238418430       -47.674745732284499       0.56470450890345514       0.43991915129754172     
   1.7360000238418429       -47.725932562849209       0.19051025369853219       0.44099096216716005     
   1.7370000238418428       -47.734417398928116       0.19050703104214292       0.44096797277741412     
   1.7380000238418427       -47.742904355321542       0.19050380713957960       0.44094496712465253     
   1.7390000238418426       -47.751393429515062       0.19050056099249360       0.44092194427396653     
   1.7400000238418425       -47.759884618998427       0.19049729264462933       0.44089890426379102     
   1.7410000238418424       -47.768377921265653       0.19049400215168333       0.44087584713237565     
   1.7420000238418423       -47.776873333814500       0.19049068956917781       0.44085277291784580     
   1.7430000238418422       -47.785370854147075       0.19048735495257857       0.44082968165826558     
   1.7440000238418421       -47.793870479769332       0.19048399780896533       0.44080657525003031     
   1.7450000238418419       -47.802372208191230       0.19048061930093488       0.44078344998027880     
   1.7460000238418418       -47.810876036926807       0.19047721892388958       0.44076030777986969     
   1.7470000238418417       -47.819381963494152       0.19047379673260717       0.44073714868669422     
   1.7480000238418416       -47.827889985415354       0.19047035278175087       0.44071397273849755     
   1.7490000238418415       -47.836400100216721       0.19046688712585419       0.44069077997287920     
   1.7500000238418414       -47.844912305427904       0.19046339981934163       0.44066757042748789     
   1.7510000238418413       -47.853426598583439       0.19045989091637422       0.44064434413968867     
   1.7520000238418412       -47.861942977221162       0.19045636047112036       0.44062110114697312     
   1.7530000238418411       -47.870461438883197       0.19045280853748014       0.44059784148668329     
   1.7540000238418409       -47.878981981115622       0.19044923571590047       0.44057456330084865     
   1.7550000238418408       -47.887504601468152       0.19044564095584238       0.44055127045125064     
   1.7560000238418407       -47.896029297495197       0.19044202486870246       0.44052796104473491     
   1.7570000238418406       -47.904556066754431       0.19043838750783512       0.44050463511869992     
   1.7580000238418405       -47.913084906807825       0.19043472892646621       0.44048129271003439     
   1.7590000238418404       -47.921615815220953       0.19043104917772652       0.44045793385575677     
   1.7600000238418403       -47.930148789563859       0.19042734831451874       0.44043455859268399     
   1.7610000238418402       -47.938683827410188       0.19042362638973415       0.44041116695753502     
   1.7620000238418401       -47.947220926337444       0.19041988345600466       0.44038775898707377     
   1.7630000238418400       -47.955760083927252       0.19041611956588358       0.44036433471793085     
   1.7640000238418398       -47.964301297765040       0.19041233477173305       0.44034089418661637     
   1.7650000238418397       -47.972844565440226       0.19040852912589648       0.44031743742962626     
   1.7660000238418396       -47.981389884545663       0.19040470215138053       0.44029396636824902     
   1.7670000238418395       -47.989937252679191       0.19040085496857229       0.44027047723675133     
   1.7680000238418394       -47.998486667441320       0.19039698708985731       0.44024697198905088     
   1.7690000238418393       -48.007038126437109       0.19039309856686243       0.44022345066149882     
   1.7700000238418392       -48.015591627275420       0.19038918945121003       0.44019991329024966     
   1.7710000238418391       -48.024147167568799       0.19038525979433565       0.44017635991131510     
   1.7720000238418390       -48.032704744933838       0.19038130964749964       0.44015279056070827     
   1.7730000238418389       -48.041264356990908       0.19037733906193188       0.44012920527435972     
   1.7740000238418387       -48.049826001364217       0.19037334808864798       0.44010560408803795     
   1.7750000238418386       -48.058389675681930       0.19036933677856024       0.44008198703752704     
   1.7760000238418385       -48.066955377575972       0.19036530518240069       0.44005835415856709     
   1.7770000238418384       -48.075523104682041       0.19036125335083046       0.44003470548672563     
   1.7780000238418383       -48.084092854639323       0.19035718185294576       0.44001103915944662     
   1.7790000238418382       -48.092664625091921       0.19035308969206213       0.43998735904041930     
   1.7800000238418381       -48.101238413686730       0.19034897744710977       0.43996366323424557     
   1.7810000238418380       -48.109814218074476       0.19034484516816272       0.43993995177661660     
   1.7820000238418379       -48.118392035910404       0.19034069290513542       0.43991622470261932     
   1.7830000238418378       -48.126971864852983       0.19033652070787491       0.43989248204757309     
   1.7840000238418376       -48.135553702564437       0.19033232862609373       0.43986872384664916     
   1.7850000238418375       -48.144137546711050       0.19032811670940206       0.43984495013489516     
   1.7860000238418374       -48.152723394962990       0.19032388500715688       0.43982116094729951     
   1.7870000238418373       -48.161311244993684       0.19031963356873102       0.43979735631885342     
   1.7880000238418372       -48.169901094480693       0.19031536244326672       0.43977353628444071     
   1.7890000238418371       -48.178492941105510       0.19031107167983580       0.43974970087875992     
   1.7900000238418370       -48.187086782552683       0.19030676132734728       0.43972585013675430     
   1.7910000238418369       -48.195682616511313       0.19030243092991961       0.43970198599614718     
   1.7920000238418368       -48.204280440673664       0.19029808155475864       0.43967810465469154     
   1.7930000238418367       -48.212880252736213       0.19029371273642826       0.43965420808087885     
   1.7940000238418365       -48.221482050398656       0.19028932452328012       0.43963029630945188     
   1.7950000238418364       -48.230085831364931       0.19028491696353161       0.43960636937469721     
   1.7960000238418363       -48.238691593341997       0.19028049010539932       0.43958242731102959     
   1.7970000238418362       -48.247299334041244       0.19027604399690448       0.43955847015268595     
   1.7980000238418361       -48.255909051177568       0.19027157868593220       0.43953449793381733     
