   3.0000000000000000       -29.845742560423631       0.33318114111545760     
   2.9990000000000001       -29.839745306347449       0.33318042240385337     
   2.9980000000000002       -29.833748065235408       0.33317970065510183     
   2.9970000000000003       -29.827750837142265       0.33317897585791040     
   2.9960000000000004       -29.821753622123023       0.33317824799733287     
   2.9950000000000006       -29.815756420232972       0.33317751705835519     
   2.9940000000000007       -29.809759231527625       0.33317678302590115     
   2.9930000000000008       -29.803762056062833       0.33317604588481703     
   2.9920000000000009       -29.797764893894666       0.33317530561988701     
   2.9910000000000010       -29.791767745079500       0.33317456221581915     
   2.9900000000000011       -29.785770609673968       0.33317381565725196     
   2.9890000000000012       -29.779773487734996       0.33317306592875373     
   2.9880000000000013       -29.773776379319798       0.33317231301482508     
   2.9870000000000014       -29.767779284485822       0.33317155689989136     
   2.9860000000000015       -29.761782203290853       0.33317079756830609     
   2.9850000000000017       -29.755785135792909       0.33317003500435538     
   2.9840000000000018       -29.749788082050344       0.33316926919224310     
   2.9830000000000019       -29.743791042121739       0.33316850011610649     
   2.9820000000000020       -29.737794016066019       0.33316772776000925     
   2.9810000000000021       -29.731797003942329       0.33316695210794139     
   2.9800000000000022       -29.725800005810161       0.33316617314381447     
   2.9790000000000023       -29.719803021729291       0.33316539085147012     
   2.9780000000000024       -29.713806051759754       0.33316460521467073     
   2.9770000000000025       -29.707809095961885       0.33316381621711050     
   2.9760000000000026       -29.701812154396357       0.33316302384239538     
   2.9750000000000028       -29.695815227124093       0.33316222807406448     
   2.9740000000000029       -29.689818314206352       0.33316142889557543     
   2.9730000000000030       -29.683821415704625       0.33316062629031612     
   2.9720000000000031       -29.677824531680731       0.33315982024158536     
   2.9710000000000032       -29.671827662196861       0.33315901073261478     
   2.9700000000000033       -29.665830807315434       0.33315819774655053     
   2.9690000000000034       -29.659833967099150       0.33315738126646199     
   2.9680000000000035       -29.653837141611088       0.33315656127534382     
   2.9670000000000036       -29.647840330914590       0.33315573775610086     
   2.9660000000000037       -29.641843535073328       0.33315491069156034     
   2.9650000000000039       -29.635846754151270       0.33315408006447655     
   2.9640000000000040       -29.629849988212698       0.33315324585751394     
   2.9630000000000041       -29.623853237322187       0.33315240805326329     
   2.9620000000000042       -29.617856501544676       0.33315156663422724     
   2.9610000000000043       -29.611859780945366       0.33315072158283099     
   2.9600000000000044       -29.605863075589799       0.33314987288140929     
   2.9590000000000045       -29.599866385543855       0.33314902051221895     
   2.9580000000000046       -29.593869710873697       0.33314816445743684     
   2.9570000000000047       -29.587873051645822       0.33314730469914744     
   2.9560000000000048       -29.581876407927069       0.33314644121935655     
   2.9550000000000050       -29.575879779784596       0.33314557399997591     
   2.9540000000000051       -29.569883167285866       0.33314470302284516     
   2.9530000000000052       -29.563886570498653       0.33314382826970568     
   2.9520000000000053       -29.557889989491148       0.33314294972222053     
   2.9510000000000054       -29.551893424331787       0.33314206736196394     
   2.9500000000000055       -29.545896875089348       0.33314118117041747     
   2.9490000000000056       -29.539900341833004       0.33314029112897892     
   2.9480000000000057       -29.533903824632173       0.33313939721895952     
   2.9470000000000058       -29.527907323556679       0.33313849942157875     
   2.9460000000000059       -29.521910838676671       0.33313759771796447     
   2.9450000000000061       -29.515914370062653       0.33313669208915564     
   2.9440000000000062       -29.509917917785401       0.33313578251610276     
   2.9430000000000063       -29.503921481916109       0.33313486897966943     
   2.9420000000000064       -29.497925062526292       0.33313395146061997     
   2.9410000000000065       -29.491928659687819       0.33313302993963073     
   2.9400000000000066       -29.485932273472883       0.33313210439728164     
   2.9390000000000067       -29.479935903954054       0.33313117481406745     
   2.9380000000000068       -29.473939551204243       0.33313024117038315     
   2.9370000000000069       -29.467943215296689       0.33312930344653097     
   2.9360000000000070       -29.461946896305040       0.33312836162272075     
   2.9350000000000072       -29.455950594303292       0.33312741567071980     
   2.9340000000000073       -29.449954309365747       0.33312646558712217     
   2.9330000000000074       -29.443958041567104       0.33312551134361851     
   2.9320000000000075       -29.437961790982431       0.33312455292002857     
   2.9310000000000076       -29.431965557687178       0.33312359029608424     
   2.9300000000000077       -29.425969341757110       0.33312262345141425     
   2.9290000000000078       -29.419973143268397       0.33312165236555086     
   2.9280000000000079       -29.413976962297532       0.33312067701792830     
   2.9270000000000080       -29.407980798921418       0.33311969738788361     
   2.9260000000000081       -29.401984653217355       0.33311871345464905     
   2.9250000000000083       -29.395988525263000       0.33311772519735111     
   2.9240000000000084       -29.389992415136337       0.33311673259503077     
   2.9230000000000085       -29.383996322915767       0.33311573562662011     
   2.9220000000000086       -29.378000248680113       0.33311473427094113     
   2.9210000000000087       -29.372004192508481       0.33311372850672982     
   2.9200000000000088       -29.366008154480461       0.33311271831260542     
   2.9190000000000089       -29.360012134675944       0.33311170366709120     
   2.9180000000000090       -29.354016133175243       0.33311068454860099     
   2.9170000000000091       -29.348020150059128       0.33310966093544503     
   2.9160000000000093       -29.342024185408665       0.33310863280582276     
   2.9150000000000094       -29.336028239305346       0.33310760013784346     
   2.9140000000000095       -29.330032311831104       0.33310656290947771     
   2.9130000000000096       -29.324036403068153       0.33310552109864655     
   2.9120000000000097       -29.318040513099177       0.33310447468311344     
   2.9110000000000098       -29.312044642007304       0.33310342364054146     
   2.9100000000000099       -29.306048789876012       0.33310236794849390     
   2.9090000000000100       -29.300052956789195       0.33310130758442091     
   2.9080000000000101       -29.294057142831157       0.33310024252566400     
   2.9070000000000102       -29.288061348086579       0.33309917274945566     
   2.9060000000000104       -29.282065572640612       0.33309809823291031     
   2.9050000000000105       -29.276069816578786       0.33309701895303628     
   2.9040000000000106       -29.270074079987026       0.33309593488672484     
   2.9030000000000107       -29.264078362951714       0.33309484601076195     
   2.9020000000000108       -29.258082665559627       0.33309375230180882     
   2.9010000000000109       -29.252086987897986       0.33309265373641739     
   2.9000000000000110       -29.246091330054405       0.33309155029102477     
   2.8990000000000111       -29.240095692116931       0.33309044194195309     
   2.8980000000000112       -29.234100074174055       0.33308932866540969     
   2.8970000000000113       -29.228104476314680       0.33308821043747838     
   2.8960000000000115       -29.222108898628164       0.33308708723413089     
   2.8950000000000116       -29.216113341204256       0.33308595903121624     
   2.8940000000000117       -29.210117804133180       0.33308482580446541     
   2.8930000000000118       -29.204122287505584       0.33308368752949502     
   2.8920000000000119       -29.198126791412555       0.33308254418179511     
   2.8910000000000120       -29.192131315945616       0.33308139573673939     
   2.8900000000000121       -29.186135861196746       0.33308024216957066     
   2.8890000000000122       -29.180140427258390       0.33307908345541914     
   2.8880000000000123       -29.174145014223409       0.33307791956929189     
   2.8870000000000124       -29.168149622185080       0.33307675048606711     
   2.8860000000000126       -29.162154251237236       0.33307557618049910     
   2.8850000000000127       -29.156158901474083       0.33307439662721894     
   2.8840000000000128       -29.150163572990312       0.33307321180072930     
   2.8830000000000129       -29.144168265881046       0.33307202167541244     
   2.8820000000000130       -29.138172980241936       0.33307082622551865     
   2.8810000000000131       -29.132177716169021       0.33306962542517066     
   2.8800000000000132       -29.126182473758874       0.33306841924836034     
   2.8790000000000133       -29.120187253108487       0.33306720766895515     
   2.8780000000000134       -29.114192054315346       0.33306599066068981     
   2.8770000000000135       -29.108196877477422       0.33306476819716707     
   2.8760000000000137       -29.102201722693145       0.33306354025185858     
   2.8750000000000138       -29.096206590061406       0.33306230679810389     
   2.8740000000000139       -29.090211479681614       0.33306106780911432     
   2.8730000000000140       -29.084216391653658       0.33305982325795913     
   2.8720000000000141       -29.078221326077873       0.33305857311757803     
   2.8710000000000142       -29.072226283055127       0.33305731736077537     
   2.8700000000000143       -29.066231262686753       0.33305605596021459     
   2.8690000000000144       -29.060236265074582       0.33305478888843754     
   2.8680000000000145       -29.054241290320952       0.33305351611782757     
   2.8670000000000146       -29.048246338528674       0.33305223762064173     
   2.8660000000000148       -29.042251409801121       0.33305095336899587     
   2.8650000000000149       -29.036256504242090       0.33304966333486263     
   2.8640000000000150       -29.030261621955933       0.33304836749008326     
   2.8630000000000151       -29.024266763047489       0.33304706580634358     
   2.8620000000000152       -29.018271927622116       0.33304575825520483     
   2.8610000000000153       -29.012277115785665       0.33304444480807355     
   2.8600000000000154       -29.006282327644563       0.33304312543620740     
   2.8590000000000155       -29.000287563305683       0.33304180011073126     
   2.8580000000000156       -28.994292822876478       0.33304046880262012     
   2.8570000000000157       -28.988298106464860       0.33303913148270053     
   2.8560000000000159       -28.982303414179331       0.33303778812165863     
   2.8550000000000160       -28.976308746128897       0.33303643869002020     
   2.8540000000000161       -28.970314102423096       0.33303508315817548     
   2.8530000000000162       -28.964319483171987       0.33303372149635746     
   2.8520000000000163       -28.958324888486182       0.33303235367464851     
   2.8510000000000164       -28.952330318476839       0.33303097966298495     
   2.8500000000000165       -28.946335773255637       0.33302959943114846     
   2.8490000000000166       -28.940341252934800       0.33302821294876844     
   2.8480000000000167       -28.934346757627154       0.33302682018531315     
   2.8470000000000169       -28.928352287445996       0.33302542111010680     
   2.8460000000000170       -28.922357842505242       0.33302401569231060     
   2.8450000000000171       -28.916363422919321       0.33302260390093569     
   2.8440000000000172       -28.910369028803228       0.33302118570483180     
   2.8430000000000173       -28.904374660272566       0.33301976107269038     
   2.8420000000000174       -28.898380317443426       0.33301832997304703     
   2.8410000000000175       -28.892386000432509       0.33301689237427479     
   2.8400000000000176       -28.886391709357117       0.33301544824457990     
   2.8390000000000177       -28.880397444335088       0.33301399755201544     
   2.8380000000000178       -28.874403205484825       0.33301254026447152     
   2.8370000000000180       -28.868408992925325       0.33301107634967042     
   2.8360000000000181       -28.862414806776183       0.33300960577517186     
   2.8350000000000182       -28.856420647157570       0.33300812850837175     
   2.8340000000000183       -28.850426514190236       0.33300664451649398     
   2.8330000000000184       -28.844432407995527       0.33300515376660189     
   2.8320000000000185       -28.838438328695393       0.33300365622558931     
   2.8310000000000186       -28.832444276412346       0.33300215186017490     
   2.8300000000000187       -28.826450251269552       0.33300064063691054     
   2.8290000000000188       -28.820456253390763       0.33299912252218000     
   2.8280000000000189       -28.814462282900315       0.33299759748219021     
   2.8270000000000191       -28.808468339923142       0.33299606548298205     
   2.8260000000000192       -28.802474424584858       0.33299452649041689     
   2.8250000000000193       -28.796480537011632       0.33299298047017639     
   2.8240000000000194       -28.790486677330293       0.33299142738777304     
   2.8230000000000195       -28.784492845668250       0.33298986720854207     
   2.8220000000000196       -28.778499042153552       0.33298829989763978     
   2.8210000000000197       -28.772505266914930       0.33298672542003621     
   2.8200000000000198       -28.766511520081639       0.33298514374053834     
   2.8190000000000199       -28.760517801783685       0.33298355482375303     
   2.8180000000000200       -28.754524112151636       0.33298195863411517     
   2.8170000000000202       -28.748530451316707       0.33298035513587876     
   2.8160000000000203       -28.742536819410802       0.33297874429310642     
   2.8150000000000204       -28.736543216566442       0.33297712606967883     
   2.8140000000000205       -28.730549642916802       0.33297550042929103     
   2.8130000000000206       -28.724556098595706       0.33297386733545248     
   2.8120000000000207       -28.718562583737619       0.33297222675148430     
   2.8110000000000208       -28.712569098477765       0.33297057864050528     
   2.8100000000000209       -28.706575642951950       0.33296892296545622     
   2.8090000000000210       -28.700582217296624       0.33296725968908386     
   2.8080000000000211       -28.694588821648956       0.33296558877394494     
   2.8070000000000213       -28.688595456146807       0.33296391018239835     
   2.8060000000000214       -28.682602120928667       0.33296222387661112     
   2.8050000000000215       -28.676608816133751       0.33296052981855034     
   2.8040000000000216       -28.670615541901935       0.33295882796998622     
   2.8030000000000217       -28.664622298373786       0.33295711829249541     
   2.8020000000000218       -28.658629085690595       0.33295540074745095     
   2.8010000000000219       -28.652635903994312       0.33295367529602676     
   2.8000000000000220       -28.646642753427599       0.33295194189919486     
   2.7990000000000221       -28.640649634133833       0.33295020051772384     
   2.7980000000000222       -28.634656546257091       0.33294845111217530     
   2.7970000000000224       -28.628663489942156       0.33294669364291307     
   2.7960000000000225       -28.622670465334554       0.33294492807008724     
   2.7950000000000226       -28.616677472580498       0.33294315435364563     
   2.7940000000000227       -28.610684511826918       0.33294137245332461     
   2.7930000000000228       -28.604691583221502       0.33293958232865539     
   2.7920000000000229       -28.598698686912666       0.33293778393894918     
   2.7910000000000230       -28.592705823049517       0.33293597724331520     
   2.7900000000000231       -28.586712991781955       0.33293416220063921     
   2.7890000000000232       -28.580720193260611       0.33293233876959621     
   2.7880000000000233       -28.574727427636812       0.33293050690864656     
   2.7870000000000235       -28.568734695062698       0.33292866657603248     
   2.7860000000000236       -28.562741995691155       0.33292681772977928     
   2.7850000000000237       -28.556749329675760       0.33292496032769231     
   2.7840000000000238       -28.550756697170922       0.33292309432735423     
   2.7830000000000239       -28.544764098331779       0.33292121968612493     
   2.7820000000000240       -28.538771533314307       0.33291933636114279     
   2.7810000000000241       -28.532779002275145       0.33291744430931752     
   2.7800000000000242       -28.526786505371771       0.33291554348734154     
   2.7790000000000243       -28.520794042762471       0.33291363385166989     
   2.7780000000000244       -28.514801614606256       0.33291171535853487     
   2.7770000000000246       -28.508809221062947       0.33290978796394177     
   2.7760000000000247       -28.502816862293198       0.33290785162365266     
   2.7750000000000248       -28.496824538458426       0.33290590629320577     
   2.7740000000000249       -28.490832249720828       0.33290395192791011     
   2.7730000000000250       -28.484839996243466       0.33290198848283148     
   2.7720000000000251       -28.478847778190161       0.33290001591280016     
   2.7710000000000252       -28.472855595725591       0.33289803417241193     
   2.7700000000000253       -28.466863449015232       0.33289604321601629     
   2.7690000000000254       -28.460871338225353       0.33289404299773129     
   2.7680000000000256       -28.454879263523118       0.33289203347141727     
   2.7670000000000257       -28.448887225076472       0.33289001459071393     
   2.7660000000000258       -28.442895223054244       0.33288798630899730     
   2.7650000000000259       -28.436903257626032       0.33288594857940879     
   2.7640000000000260       -28.430911328962328       0.33288390135483881     
   2.7630000000000261       -28.424919437234482       0.33288184458792075     
   2.7620000000000262       -28.418927582614682       0.33287977823104775     
   2.7610000000000263       -28.412935765275957       0.33287770223635760     
   2.7600000000000264       -28.406943985392250       0.33287561655573028     
   2.7590000000000265       -28.400952243138335       0.33287352114079799     
   2.7580000000000267       -28.394960538689862       0.33287141594293362     
   2.7570000000000268       -28.388968872223369       0.33286930091325034     
   2.7560000000000269       -28.382977243916251       0.33286717600260696     
   2.7550000000000270       -28.376985653946829       0.33286504116159538     
   2.7540000000000271       -28.370994102494283       0.33286289634055233     
   2.7530000000000272       -28.365002589738715       0.33286074148954420     
   2.7520000000000273       -28.359011115861108       0.33285857655837392     
   2.7510000000000274       -28.353019681043364       0.33285640149657858     
   2.7500000000000275       -28.347028285468280       0.33285421625342776     
   2.7490000000000276       -28.341036929319593       0.33285202077791848     
   2.7480000000000278       -28.335045612781943       0.33284981501877858     
   2.7470000000000279       -28.329054336040887       0.33284759892446064     
   2.7460000000000280       -28.323063099282937       0.33284537244314694     
   2.7450000000000281       -28.317071902695538       0.33284313552273814     
   2.7440000000000282       -28.311080746467042       0.33284088811086121     
   2.7430000000000283       -28.305089630786771       0.33283863015486093     
   2.7420000000000284       -28.299098555845006       0.33283636160180508     
   2.7410000000000285       -28.293107521832972       0.33283408239847734     
   2.7400000000000286       -28.287116528942832       0.33283179249137490     
   2.7390000000000287       -28.281125577367767       0.33282949182670829     
   2.7380000000000289       -28.275134667301899       0.33282718035040498     
   2.7370000000000290       -28.269143798940309       0.33282485800810252     
   2.7360000000000291       -28.263152972479087       0.33282252474514507     
   2.7350000000000292       -28.257162188115291       0.33282018050658579     
   2.7340000000000293       -28.251171446046975       0.33281782523718467     
   2.7330000000000294       -28.245180746473213       0.33281545888140296     
   2.7320000000000295       -28.239190089594054       0.33281308138340765     
   2.7310000000000296       -28.233199475610551       0.33281069268706454     
   2.7300000000000297       -28.227208904724790       0.33280829273594170     
   2.7290000000000298       -28.221218377139863       0.33280588147329943     
   2.7280000000000300       -28.215227893059900       0.33280345884209583     
   2.7270000000000301       -28.209237452690047       0.33280102478498230     
   2.7260000000000302       -28.203247056236485       0.33279857924430656     
   2.7250000000000303       -28.197256703906437       0.33279612216210275     
   2.7240000000000304       -28.191266395908180       0.33279365348009166     
   2.7230000000000305       -28.185276132451037       0.33279117313968087     
   2.7220000000000306       -28.179285913745392       0.33278868108197129     
   2.7210000000000307       -28.173295740002683       0.33278617724773379     
   2.7200000000000308       -28.167305611435417       0.33278366157743433     
   2.7190000000000309       -28.161315528257184       0.33278113401121323     
   2.7180000000000311       -28.155325490682664       0.33277859448888436     
   2.7170000000000312       -28.149335498927606       0.33277604294993490     
   2.7160000000000313       -28.143345553208849       0.33277347933353446     
   2.7150000000000314       -28.137355653744347       0.33277090357852018     
   2.7140000000000315       -28.131365800753159       0.33276831562340115     
   2.7130000000000316       -28.125375994455407       0.33276571540635436     
   2.7120000000000317       -28.119386235072394       0.33276310286522465     
   2.7110000000000318       -28.113396522826498       0.33276047793751518     
   2.7100000000000319       -28.107406857941232       0.33275784056039825     
   2.7090000000000320       -28.101417240641300       0.33275519067070225     
   2.7080000000000322       -28.095427671152468       0.33275252820491619     
   2.7070000000000323       -28.089438149701689       0.33274985309918609     
   2.7060000000000324       -28.083448676517047       0.33274716528931519     
   2.7050000000000325       -28.077459251827793       0.33274446471075270     
   2.7040000000000326       -28.071469875864363       0.33274175129860650     
   2.7030000000000327       -28.065480548858350       0.33273902498762564     
   2.7020000000000328       -28.059491271042500       0.33273628571221081     
   2.7010000000000329       -28.053502042650784       0.33273353340640999     
   2.7000000000000330       -28.047512863918346       0.33273076800389895     
   2.6990000000000332       -28.041523735081519       0.33272798943801168     
   2.6980000000000333       -28.035534656377862       0.33272519764171143     
   2.6970000000000334       -28.029545628046098       0.33272239254760527     
   2.6960000000000335       -28.023556650326224       0.33271957408792180     
   2.6950000000000336       -28.017567723459415       0.33271674219453717     
   2.6940000000000337       -28.011578847688106       0.33271389679894481     
   2.6930000000000338       -28.005590023255962       0.33271103783227285     
   2.6920000000000339       -27.999601250407881       0.33270816522527613     
   2.6910000000000340       -27.993612529390003       0.33270527890832940     
   2.6900000000000341       -27.987623860449744       0.33270237881143166     
   2.6890000000000343       -27.981635243835761       0.33269946486419882     
   2.6880000000000344       -27.975646679798025       0.33269653699586604     
   2.6870000000000345       -27.969658168587724       0.33269359513528729     
   2.6860000000000346       -27.963669710457385       0.33269063921092190     
   2.6850000000000347       -27.957681305660806       0.33268766915084247     
   2.6840000000000348       -27.951692954453051       0.33268468488273556     
   2.6830000000000349       -27.945704657090559       0.33268168633388051     
   2.6820000000000350       -27.939716413831015       0.33267867343117574     
   2.6810000000000351       -27.933728224933457       0.33267564610111411     
   2.6800000000000352       -27.927740090658226       0.33267260426979195     
   2.6790000000000354       -27.921752011267035       0.33266954786289410     
   2.6780000000000355       -27.915763987022906       0.33266647680571110     
   2.6770000000000356       -27.909776018190218       0.33266339102311659     
   2.6760000000000357       -27.903788105034710       0.33266029043957918     
   2.6750000000000358       -27.897800247823479       0.33265717497915870     
   2.6740000000000359       -27.891812446825000       0.33265404456549252     
   2.6730000000000360       -27.885824702309119       0.33265089912180706     
   2.6720000000000361       -27.879837014547068       0.33264773857090479     
   2.6710000000000362       -27.873849383811486       0.33264456283517146     
   2.6700000000000363       -27.867861810376379       0.33264137183657150     
   2.6690000000000365       -27.861874294517204       0.33263816549663122     
   2.6680000000000366       -27.855886836510809       0.33263494373645702     
   2.6670000000000367       -27.849899436635472       0.33263170647672285     
   2.6660000000000368       -27.843912095170900       0.33262845363766741     
   2.6650000000000369       -27.837924812398253       0.33262518513909345     
   2.6640000000000370       -27.831937588600127       0.33262190090036814     
   2.6630000000000371       -27.825950424060562       0.33261860084041539     
   2.6620000000000372       -27.819963319065060       0.33261528487771230     
   2.6610000000000373       -27.813976273900622       0.33261195293029389     
   2.6600000000000374       -27.807989288855719       0.33260860491574956     
   2.6590000000000376       -27.802002364220307       0.33260524075120901     
   2.6580000000000377       -27.796015500285833       0.33260186035335226     
   2.6570000000000378       -27.790028697345239       0.33259846363840245     
   2.6560000000000379       -27.784041955692995       0.33259505052212907     
   2.6550000000000380       -27.778055275625089       0.33259162091983396     
   2.6540000000000381       -27.772068657439039       0.33258817474635394     
   2.6530000000000382       -27.766082101433884       0.33258471191606376     
   2.6520000000000383       -27.760095607910230       0.33258123234286591     
   2.6510000000000384       -27.754109177170221       0.33257773594018997     
   2.6500000000000385       -27.748122809517586       0.33257422262099506     
   2.6490000000000387       -27.742136505257594       0.33257069229776309     
   2.6480000000000388       -27.736150264697095       0.33256714488248912     
   2.6470000000000389       -27.730164088144576       0.33256358028669131     
   2.6460000000000390       -27.724177975910070       0.33255999842140044     
   2.6450000000000391       -27.718191928305238       0.33255639919715974     
   2.6440000000000392       -27.712205945643330       0.33255278252402171     
   2.6430000000000393       -27.706220028239255       0.33254914831154514     
   2.6420000000000394       -27.700234176409534       0.33254549646879206     
   2.6410000000000395       -27.694248390472339       0.33254182690432554     
   2.6400000000000396       -27.688262670747491       0.33253813952620498     
   2.6390000000000398       -27.682277017556451       0.33253443424198970     
   2.6380000000000399       -27.676291431222388       0.33253071095872194     
   2.6370000000000400       -27.670305912070109       0.33252696958294609     
   2.6360000000000401       -27.664320460426115       0.33252321002068519     
   2.6350000000000402       -27.658335076618624       0.33251943217744706     
   2.6340000000000403       -27.652349760977550       0.33251563595822498     
   2.6330000000000404       -27.646364513834513       0.33251182126748291     
   2.6320000000000405       -27.640379335522873       0.33250798800916553     
   2.6310000000000406       -27.634394226377704       0.33250413608668661     
   2.6300000000000407       -27.628409186735851       0.33250026540293154     
   2.6290000000000409       -27.622424216935883       0.33249637586024733     
   2.6280000000000410       -27.616439317318140       0.33249246736045579     
   2.6270000000000411       -27.610454488224750       0.33248853980482473     
   2.6260000000000412       -27.604469729999597       0.33248459309409184     
   2.6250000000000413       -27.598485042988376       0.33248062712844262     
   2.6240000000000414       -27.592500427538571       0.33247664180751552     
   2.6230000000000415       -27.586515883999500       0.33247263703039148     
   2.6220000000000416       -27.580531412722266       0.33246861269561112     
   2.6210000000000417       -27.574547014059849       0.33246456870114138     
   2.6200000000000419       -27.568562688367027       0.33246050494440049     
   2.6190000000000420       -27.562578436000454       0.33245642132223929     
   2.6180000000000421       -27.556594257318633       0.33245231773093770     
   2.6170000000000422       -27.550610152681958       0.33244819406620890     
   2.6160000000000423       -27.544626122452684       0.33244405022319329     
   2.6150000000000424       -27.538642166994979       0.33243988609645508     
   2.6140000000000425       -27.532658286674888       0.33243570157997798     
   2.6130000000000426       -27.526674481860397       0.33243149656715798     
   2.6120000000000427       -27.520690752921407       0.33242727095081759     
   2.6110000000000428       -27.514707100229742       0.33242302462318113     
   2.6100000000000430       -27.508723524159173       0.33241875747588573     
   2.6090000000000431       -27.502740025085451       0.33241446939996327     
   2.6080000000000432       -27.496756603386263       0.33241016028586062     
   2.6070000000000433       -27.490773259441276       0.33240583002341473     
   2.6060000000000434       -27.484789993632180       0.33240147850186019     
   2.6050000000000435       -27.478806806342636       0.33239710560981695     
   2.6040000000000436       -27.472823697958297       0.33239271123530478     
   2.6030000000000437       -27.466840668866887       0.33238829526571434     
   2.6020000000000438       -27.460857719458126       0.33238385758782968     
   2.6010000000000439       -27.454874850123790       0.33237939808780598     
   2.6000000000000441       -27.448892061257695       0.33237491665117591     
   2.5990000000000442       -27.442909353255736       0.33237041316284865     
   2.5980000000000443       -27.436926726515907       0.33236588750709206     
   2.5970000000000444       -27.430944181438242       0.33236133956754743     
   2.5960000000000445       -27.424961718424910       0.33235676922720964     
   2.5950000000000446       -27.418979337880156       0.33235217636843983     
   2.5940000000000447       -27.412997040210424       0.33234756087294504     
   2.5930000000000448       -27.407014825824213       0.33234292262179466     
   2.5920000000000449       -27.401032695132216       0.33233826152657542     
   2.5910000000000450       -27.395050648547258       0.33233357740538610     
   2.5900000000000452       -27.389068686484347       0.33232887016781198     
   2.5890000000000453       -27.383086809360670       0.33232413969228858     
   2.5880000000000454       -27.377105017595611       0.33231938585658038     
   2.5870000000000455       -27.371123311610763       0.33231460853778561     
   2.5860000000000456       -27.365141691829926       0.33230980761232720     
   2.5850000000000457       -27.359160158679142       0.33230498295595051     
   2.5840000000000458       -27.353178712586693       0.33230013444372397     
   2.5830000000000459       -27.347197353983091       0.33229526195003078     
   2.5820000000000460       -27.341216083301166       0.33229036534856293     
   2.5810000000000461       -27.335234900975980       0.33228544451232472     
   2.5800000000000463       -27.329253807444928       0.33228049931362308     
   2.5790000000000464       -27.323272803147663       0.33227552962407159     
   2.5780000000000465       -27.317291888526206       0.33227053531457612     
   2.5770000000000466       -27.311311064024885       0.33226551625533823     
   2.5760000000000467       -27.305330330090342       0.33226047231585149     
   2.5750000000000468       -27.299349687171624       0.33225540336489651     
   2.5740000000000469       -27.293369135720113       0.33225030927053584     
   2.5730000000000470       -27.287388676189590       0.33224518990010976     
   2.5720000000000471       -27.281408309036216       0.33224004512023808     
   2.5710000000000472       -27.275428034718555       0.33223487479681790     
   2.5700000000000474       -27.269447853697645       0.33222967879499471     
   2.5690000000000475       -27.263467766436868       0.33222445697920178     
   2.5680000000000476       -27.257487773402133       0.33221920921312220     
   2.5670000000000477       -27.251507875061773       0.33221393535969290     
   2.5660000000000478       -27.245528071886596       0.33220863528111116     
   2.5650000000000479       -27.239548364349893       0.33220330883882071     
   2.5640000000000480       -27.233568752927471       0.33219795589351175     
   2.5630000000000481       -27.227589238097639       0.33219257630511223     
   2.5620000000000482       -27.221609820341243       0.33218716993279762     
   2.5610000000000483       -27.215630500141668       0.33218173663496653     
   2.5600000000000485       -27.209651277984854       0.33217627626925322     
   2.5590000000000486       -27.203672154359300       0.33217078869252048     
   2.5580000000000487       -27.197693129756107       0.33216527376085231     
   2.5570000000000488       -27.191714204668973       0.33215973132954157     
   2.5560000000000489       -27.185735379594185       0.33215416125311403     
   2.5550000000000490       -27.179756655030680       0.33214856338529208     
   2.5540000000000491       -27.173778031480023       0.33214293757901031     
   2.5530000000000492       -27.167799509446429       0.33213728368640927     
   2.5520000000000493       -27.161821089436781       0.33213160155882060     
   2.5510000000000495       -27.155842771960682       0.33212589104677687     
   2.5500000000000496       -27.149864557530382       0.33212015199999972     
   2.5490000000000497       -27.143886446660879       0.33211438426739992     
   2.5480000000000498       -27.137908439869882       0.33210858769706775     
   2.5470000000000499       -27.131930537677828       0.33210276213627793     
   2.5460000000000500       -27.125952740607929       0.33209690743147546     
   2.5450000000000501       -27.119975049186184       0.33209102342827523     
   2.5440000000000502       -27.113997463941338       0.33208510997147000     
   2.5430000000000503       -27.108019985404958       0.33207916690500627     
   2.5420000000000504       -27.102042614111468       0.33207319407198566     
   2.5410000000000506       -27.096065350598035       0.33206719131467838     
   2.5400000000000507       -27.090088195404732       0.33206115847449630     
   2.5390000000000508       -27.084111149074513       0.33205509539199868     
   2.5380000000000509       -27.078134212153149       0.33204900190688985     
   2.5370000000000510       -27.072157385189364       0.33204287785801267     
   2.5360000000000511       -27.066180668734741       0.33203672308334237     
   2.5350000000000512       -27.060204063343814       0.33203053741998978     
   2.5340000000000513       -27.054227569574063       0.33202432070418531     
   2.5330000000000514       -27.048251187985905       0.33201807277128798     
   2.5320000000000515       -27.042274919142731       0.33201179345577470     
   2.5310000000000517       -27.036298763610922       0.33200548259123058     
   2.5300000000000518       -27.030322721959884       0.33199914001035785     
   2.5290000000000519       -27.024346794762010       0.33199276554496054     
   2.5280000000000520       -27.018370982592742       0.33198635902594598     
   2.5270000000000521       -27.012395286030564       0.33197992028332168     
   2.5260000000000522       -27.006419705657063       0.33197344914618265     
   2.5250000000000523       -27.000444242056865       0.33196694544271776     
   2.5240000000000524       -26.994468895817718       0.33196040900020091     
   2.5230000000000525       -26.988493667530498       0.33195383964498526     
   2.5220000000000526       -26.982518557789202       0.33194723720249975     
   2.5210000000000528       -26.976543567190976       0.33194060149725191     
   2.5200000000000529       -26.970568696336134       0.33193393235281143     
   2.5190000000000530       -26.964593945828167       0.33192722959181820     
   2.5180000000000531       -26.958619316273797       0.33192049303596527     
   2.5170000000000532       -26.952644808282923       0.33191372250600715     
   2.5160000000000533       -26.946670422468717       0.33190691782174808     
   2.5150000000000534       -26.940696159447565       0.33190007880204042     
   2.5140000000000535       -26.934722019839171       0.33189320526478150     
   2.5130000000000536       -26.928748004266470       0.33188629702690575     
   2.5120000000000537       -26.922774113355739       0.33187935390438295     
   2.5110000000000539       -26.916800347736565       0.33187237571221312     
   2.5100000000000540       -26.910826708041885       0.33186536226442376     
   2.5090000000000541       -26.904853194907957       0.33185831337406829     
   2.5080000000000542       -26.898879808974460       0.33185122885321150     
   2.5070000000000543       -26.892906550884433       0.33184410851293694     
   2.5060000000000544       -26.886933421284340       0.33183695216333653     
   2.5050000000000545       -26.880960420824046       0.33182975961351202     
   2.5040000000000546       -26.874987550156902       0.33182253067155942     
   2.5030000000000547       -26.869014809939685       0.33181526514457588     
   2.5020000000000548       -26.863042200832687       0.33180796283865210     
   2.5010000000000550       -26.857069723499666       0.33180062355886497     
   2.5000000000000551       -26.851097378607921       0.33179324710928138     
   2.4990000000000552       -26.845125166828279       0.33178583329294808     
   2.4980000000000553       -26.839153088835118       0.33177838191187992     
   2.4970000000000554       -26.833181145306398       0.33177089276706961     
   2.4960000000000555       -26.827209336923680       0.33176336565847930     
   2.4950000000000556       -26.821237664372081       0.33175580038503472     
   2.4940000000000557       -26.815266128340419       0.33174819674461908     
   2.4930000000000558       -26.809294729521110       0.33174055453407408     
   2.4920000000000559       -26.803323468610266       0.33173287354918768     
   2.4910000000000561       -26.797352346307665       0.33172515358469873     
   2.4900000000000562       -26.791381363316795       0.33171739443428716     
   2.4890000000000563       -26.785410520344865       0.33170959589057492     
   2.4880000000000564       -26.779439818102816       0.33170175774512056     
   2.4870000000000565       -26.773469257305390       0.33169387978840736     
   2.4860000000000566       -26.767498838671063       0.33168596180984466     
   2.4850000000000567       -26.761528562922155       0.33167800359776917     
   2.4840000000000568       -26.755558430784760       0.33167000493943571     
   2.4830000000000569       -26.749588442988841       0.33166196562100836     
   2.4820000000000570       -26.743618600268224       0.33165388542756413     
   2.4810000000000572       -26.737648903360590       0.33164576414308899     
   2.4800000000000573       -26.731679353007529       0.33163760155046806     
   2.4790000000000574       -26.725709949954553       0.33162939743148173     
   2.4780000000000575       -26.719740694951113       0.33162115156681182     
   2.4770000000000576       -26.713771588750607       0.33161286373602405     
   2.4760000000000577       -26.707802632110418       0.33160453371757270     
   2.4750000000000578       -26.701833825791937       0.33159616128879010     
   2.4740000000000579       -26.695865170560545       0.33158774622589404     
   2.4730000000000580       -26.689896667185700       0.33157928830396799     
   2.4720000000000582       -26.683928316440880       0.33157078729697198     
   2.4710000000000583       -26.677960119103663       0.33156224297772663     
   2.4700000000000584       -26.671992075955732       0.33155365511791857     
   2.4690000000000585       -26.666024187782870       0.33154502348809045     
   2.4680000000000586       -26.660056455375027       0.33153634785764152     
   2.4670000000000587       -26.654088879526277       0.33152762799482072     
   2.4660000000000588       -26.648121461034922       0.33151886366672328     
   2.4650000000000589       -26.642154200703416       0.33151005463928807     
   2.4640000000000590       -26.636187099338475       0.33150120067729072     
   2.4630000000000591       -26.630220157751040       0.33149230154434428     
   2.4620000000000593       -26.624253376756354       0.33148335700288911     
   2.4610000000000594       -26.618286757173880       0.33147436681420039     
   2.4600000000000595       -26.612320299827452       0.33146533073836859     
   2.4590000000000596       -26.606354005545192       0.33145624853431566     
   2.4580000000000597       -26.600387875159608       0.33144711995976750     
   2.4570000000000598       -26.594421909507510       0.33143794477127414     
   2.4560000000000599       -26.588456109430204       0.33142872272418383     
   2.4550000000000600       -26.582490475773334       0.33141945357265740     
   2.4540000000000601       -26.576525009387005       0.33141013706965583     
   2.4530000000000602       -26.570559711125767       0.33140077296694298     
   2.4520000000000604       -26.564594581848667       0.33139136101506755     
   2.4510000000000605       -26.558629622419250       0.33138190096337811     
   2.4500000000000606       -26.552664833705556       0.33137239256001322     
   2.4490000000000607       -26.546700216580227       0.33136283555187895     
   2.4480000000000608       -26.540735771920399       0.33135322968468478     
   2.4470000000000609       -26.534771500607867       0.33134357470290282     
   2.4460000000000610       -26.528807403528980       0.33133387034978529     
   2.4450000000000611       -26.522843481574746       0.33132411636735648     
   2.4440000000000612       -26.516879735640835       0.33131431249639792     
   2.4430000000000613       -26.510916166627570       0.33130445847646955     
   2.4420000000000615       -26.504952775440010       0.33129455404588032     
   2.4410000000000616       -26.498989562987880       0.33128459894170770     
   2.4400000000000617       -26.493026530185709       0.33127459289977679     
   2.4390000000000618       -26.487063677952747       0.33126453565466135     
   2.4380000000000619       -26.481101007213056       0.33125442693969043     
   2.4370000000000620       -26.475138518895502       0.33124426648693905     
   2.4360000000000621       -26.469176213933785       0.33123405402721978     
   2.4350000000000622       -26.463214093266480       0.33122378929008001     
   2.4340000000000623       -26.457252157837004       0.33121347200381573     
   2.4330000000000624       -26.451290408593714       0.33120310189544860     
   2.4320000000000626       -26.445328846489851       0.33119267869073249     
   2.4310000000000627       -26.439367472483649       0.33118220211414395     
   2.4300000000000628       -26.433406287538290       0.33117167180839169     
   2.4290000000000629       -26.427445292621950       0.33116108765393470     
   2.4280000000000630       -26.421484488707815       0.33115044929331372     
   2.4270000000000631       -26.415523876774138       0.33113975644589072     
   2.4260000000000632       -26.409563457804204       0.33112900882973895     
   2.4250000000000633       -26.403603232786402       0.33111820616164883     
   2.4240000000000634       -26.397643202714217       0.33110734815711512     
   2.4230000000000635       -26.391683368586268       0.33109643453034343     
   2.4220000000000637       -26.385723731406369       0.33108546499423608     
   2.4210000000000638       -26.379764292183445       0.33107443926040353     
   2.4200000000000639       -26.373805051931690       0.33106335703915185     
   2.4190000000000640       -26.367846011670480       0.33105221803948687     
   2.4180000000000641       -26.361887172424453       0.33104102196910962     
   2.4170000000000642       -26.355928535223534       0.33102976853441030     
   2.4160000000000643       -26.349970101102919       0.33101845744047220     
   2.4150000000000644       -26.344011871103149       0.33100708839106496     
   2.4140000000000645       -26.338053846270082       0.33099566108865047     
   2.4130000000000646       -26.332096027654980       0.33098417523436185     
   2.4120000000000648       -26.326138416314468       0.33097263052803477     
   2.4110000000000649       -26.320181013310584       0.33096102666816507     
   2.4100000000000650       -26.314223819710826       0.33094936335193981     
   2.4090000000000651       -26.308266836588153       0.33093764027521799     
   2.4080000000000652       -26.302310065020972       0.33092585713253786     
   2.4070000000000653       -26.296353506093254       0.33091401361710804     
   2.4060000000000654       -26.290397160894479       0.33090210942081000     
   2.4050000000000655       -26.284441030519673       0.33089014423420032     
   2.4040000000000656       -26.278485116069451       0.33087811774650122     
   2.4030000000000658       -26.272529418650063       0.33086602964559697     
   2.4020000000000659       -26.266573939373348       0.33085387961805007     
