   1.6000000238418579       -55.544202591116218       0.78188432950361775       0.51486291420216468     
   1.6010000238418578       -55.548862124115317       0.78071746673126396       0.51492782136896154     
   1.6020000238418577       -55.553537542006168       0.77954008253628237       0.51499333489677701     
   1.6030000238418576       -55.558228931933499       0.77835196022970976       0.51505946707189798     
   1.6040000238418575       -55.562936382596909       0.77715288552216955       0.51512622978900913     
   1.6050000238418574       -55.567659984304640       0.77594262895897537       0.51519363596221102     
   1.6060000238418572       -55.572399829030772       0.77472095247555028       0.51526169898182572     
   1.6070000238418571       -55.577156010474710       0.77348761755500017       0.51533043205101681     
   1.6080000238418570       -55.581928624123883       0.77224236890205689       0.51539984948376383     
   1.6090000238418569       -55.586717767320110       0.77098494116936467       0.51546996614973961     
   1.6100000238418568       -55.591523539328925       0.76971506773621734       0.51554079676455988     
   1.6110000238418567       -55.596346041412950       0.76843246017684674       0.51561235750848788     
   1.6120000238418566       -55.601185376909356       0.76713682995953392       0.51568466428859649     
   1.6130000238418565       -55.606041651311301       0.76582786598299546       0.51575773450130469     
   1.6140000238418564       -55.610914972354372       0.76450525539310099       0.51583158537141094     
   1.6150000238418563       -55.615805450107786       0.76316866445680120       0.51590623544156267     
   1.6160000238418561       -55.620713197071069       0.76181774472372588       0.51598170406412858     
   1.6170000238418560       -55.625638328276068       0.76045214229388458       0.51605801065930113     
   1.6180000238418559       -55.630580961395871       0.75907147545056675       0.51613517643781015     
   1.6190000238418558       -55.635541216859892       0.75767535804821073       0.51621322255585322     
   1.6200000238418557       -55.640519217976312       0.75626337394735732       0.51629217207441824     
   1.6210000238418556       -55.645515091062549       0.75483509761446599       0.51637204833517480     
   1.6220000238418555       -55.650528965583945       0.75339008284218112       0.51645287580674570     
   1.6230000238418554       -55.655560974301892       0.75192785364810255       0.51653468074804088     
   1.6240000238418553       -55.660611253432172       0.75044792271605254       0.51661748976064192     
   1.6250000238418552       -55.665679942813554       0.74894976632523635       0.51670133166944110     
   1.6260000238418550       -55.670767186089464       0.74743284371906837       0.51678623600358498     
   1.6270000238418549       -55.675873130901408       0.74589658571718254       0.51687223382413905     
   1.6280000238418548       -55.680997929097764       0.74434038399533498       0.51695935848390440     
   1.6290000238418547       -55.686141736957744       0.74276360682408926       0.51704764438703787     
   1.6300000238418546       -55.691304715432501       0.74116558733893567       0.51713712782215870     
   1.6310000238418545       -55.696487030406061       0.73954561144790976       0.51722784780318365     
   1.6320000238418544       -55.701688852975664       0.73790293365496396       0.51731984481906612     
   1.6330000238418543       -55.706910359757302       0.73623676084877887       0.51741316197337861     
   1.6340000238418542       -55.712151733215123       0.73454625176416877       0.51750784494233459     
   1.6350000238418541       -55.717413162020911       0.73283051275984179       0.51760394219924521     
   1.6360000238418539       -55.722694841444607       0.73108859310752627       0.51770150526500891     
   1.6370000238418538       -55.727996973780918       0.72931948296410709       0.51780058875201052     
   1.6380000238418537       -55.733319768815612       0.72752209123310252       0.51790125186064162     
   1.6390000238418536       -55.738663444337249       0.72569527134556866       0.51800355636927664     
   1.6400000238418535       -55.744028226698958       0.72383778129381704       0.51810756939812797     
   1.6410000238418534       -55.749414351438098       0.72194829132499450       0.51821336268027451     
   1.6420000238418533       -55.754822063961086       0.72002537099791541       0.51832101331324587     
   1.6430000238418532       -55.760251620302135       0.71806747810856508       0.51843060434728139     
   1.6440000238418531       -55.765703287967334       0.71607294251570275       0.51854222570601616     
   1.6450000238418530       -55.771177346876286       0.71403996514897505       0.51865597399588692     
   1.6460000238418528       -55.776674090416492       0.71196658102257193       0.51877195482991389     
   1.6470000238418527       -55.782193826628628       0.70985064892327143       0.51889028320228581     
   1.6480000238418526       -55.787736879544255       0.70768983641195760       0.51901108415153285     
   1.6490000238418525       -55.793303590702251       0.70548158516328885       0.51913449473626938     
   1.6500000238418524       -55.798894320875952       0.70322306871822915       0.51926066644100621     
   1.6510000238418523       -55.804509452050368       0.70091117574818740       0.51938976571595541     
   1.6520000238418522       -55.810149389698374       0.69854245019838646       0.51952197738867345     
   1.6530000238418521       -55.815814565415792       0.69611303616168074       0.51965750758455698     
   1.6540000238418520       -55.821505439993146       0.69361862564260390       0.51979658627702330     
   1.6550000238418519       -55.827222507021077       0.69105435055797804       0.51993947339927238     
   1.6560000238418517       -55.832966297154947       0.68841470607374933       0.52008646253150426     
   1.6570000238418516       -55.838737383202897       0.68569340768486542       0.52023788869692900     
   1.6580000238418515       -55.844536386254653       0.68288323196393430       0.52039413675067292     
   1.6590000238418514       -55.850363983140895       0.67997580258966628       0.52055565277595761     
   1.6600000238418513       -55.856220915621591       0.67696132722814950       0.52072295788671552     
   1.6610000238418512       -55.862108001855120       0.67382821682223926       0.52089666860639028     
   1.6620000238418511       -55.868026150934085       0.67056260506825460       0.52107752215163072     
   1.6630000238418510       -55.873976381631387       0.66714764478652211       0.52126641391268680     
   1.6640000238418509       -55.879959847071135       0.66356253884410266       0.52146444868005515     
   1.6650000238418508       -55.885977867977644       0.65978109949034391       0.52167301700373458     
   1.6660000238418506       -55.892031978774369       0.65576953134027738       0.52189391287804265     
   1.6670000238418505       -55.898123993738544       0.65148296558429541       0.52212951702980448     
   1.6680000238418504       -55.904256106084645       0.64685951810107223       0.52238311210037502     
   1.6690000238418503       -55.910431044696097       0.64180961550644222       0.52265944795216446     
   1.6700000238418502       -55.916652340687989       0.63619466928244428       0.52296587151375507     
   1.6710000238418501       -55.922924829217038       0.62977843991438731       0.52331490303378847     
   1.6720000238418500       -55.929255752289080       0.62209001566808853       0.52373149362367932     
   1.6730000238418499       -55.935657955724665       0.61185061972485288       0.52428338243559103     
   1.6740000238418498       -55.998939477647113       0.23195264521391079       0.53549138200677626     
   1.6750000238418497       -56.006869637834022       0.23194871823007970       0.53546522178302935     
   1.6760000238418495       -56.014801627362303       0.23194478089306544       0.53543903712134588     
   1.6770000238418494       -56.022735444445253       0.23194081569076960       0.53541282215633434     
   1.6780000238418493       -56.030671087299069       0.23193682242287827       0.53538657937909295     
   1.6790000238418492       -56.038608554142641       0.23193280115615464       0.53536030885087948     
   1.6800000238418491       -56.046547843196983       0.23192875195720980       0.53533401063271358     
   1.6810000238418490       -56.054488952686356       0.23192467489249757       0.53530768478541690     
   1.6820000238418489       -56.062431880837224       0.23192057002832436       0.53528133136972944     
   1.6830000238418488       -56.070376625878794       0.23191643743085461       0.53525495044631677     
   1.6840000238418487       -56.078323186042780       0.23191227741604031       0.53522853972997586     
   1.6850000238418485       -56.086271559563691       0.23190808954289041       0.53520210403033153     
   1.6860000238418484       -56.094221744678514       0.23190387413417290       0.53517564100258930     
   1.6870000238418483       -56.102173739626721       0.23189963125540825       0.53514915070711189     
   1.6880000238418482       -56.110127542650638       0.23189536097197383       0.53512263320410447     
   1.6890000238418481       -56.118083151994909       0.23189106334909729       0.53509608855358870     
   1.6900000238418480       -56.126040565906905       0.23188673845184610       0.53506951681542414     
   1.6910000238418479       -56.133999782636607       0.23188238634517530       0.53504291804943394     
   1.6920000238418478       -56.141960800436493       0.23187800684990745       0.53501629466093270     
   1.6930000238418477       -56.149923617561612       0.23187360052502870       0.53498964196256082     
   1.6940000238418476       -56.157888232269599       0.23186916718443382       0.53496296241635255     
   1.6950000238418474       -56.165854642820584       0.23186470689241359       0.53493625608186834     
   1.6960000238418473       -56.173822847477638       0.23186021971309975       0.53490952301820283     
   1.6970000238418472       -56.181792844505580       0.23185570571060549       0.53488276328467910     
   1.6980000238418471       -56.189764632172654       0.23185116494876309       0.53485597694014608     
   1.6990000238418470       -56.197738208749243       0.23184659749130945       0.53482916404355751     
   1.7000000238418469       -56.205713572508124       0.23184200340181527       0.53480232465377786     
   1.7010000238418468       -56.213690721724895       0.23183738297771436       0.53477545651511971     
   1.7020000238418467       -56.221669654677598       0.23183273580815231       0.53474856436853768     
   1.7030000238418466       -56.229650369646876       0.23182806219658619       0.53472164590298144     
   1.7040000238418465       -56.237632864915639       0.23182336220602062       0.53469470117708795     
   1.7050000238418463       -56.245617138769717       0.23181863589922497       0.53466773024910175     
   1.7060000238418462       -56.253603189497071       0.23181388333894790       0.53464073317729732     
   1.7070000238418461       -56.261591015388326       0.23180910458770862       0.53461371001972102     
   1.7080000238418460       -56.269580614736981       0.23180429970789732       0.53458666083428563     
   1.7090000238418459       -56.277571985838293       0.23179946852902805       0.53455958804041614     
   1.7100000238418458       -56.285565126990761       0.23179461158464459       0.53453248692013211     
   1.7110000238418457       -56.293560036495009       0.23178972869789316       0.53450535994639392     
   1.7120000238418456       -56.301556712654090       0.23178481993056632       0.53447820717698336     
   1.7130000238418455       -56.309555153773843       0.23177988534434193       0.53445102866923433     
   1.7140000238418454       -56.317555358162423       0.23177492500075017       0.53442382448050774     
   1.7150000238418452       -56.325557324130344       0.23176993896118500       0.53439659466802802     
   1.7160000238418451       -56.333561049990919       0.23176492728688411       0.53436933928890828     
   1.7170000238418450       -56.341566534059609       0.23175989003895892       0.53434205840013305     
   1.7180000238418449       -56.349573774654729       0.23175482727834584       0.53431475205855150     
   1.7190000238418448       -56.357582770096705       0.23174973928806505       0.53428741799258972     
   1.7200000238418447       -56.365593518708465       0.23174462567887388       0.53426006096658740     
   1.7210000238418446       -56.373606018815792       0.23173948673916975       0.53423267865653912     
   1.7220000238418445       -56.381620268746303       0.23173432252935180       0.53420527111923810     
   1.7230000238418444       -56.389636266830806       0.23172913310961205       0.53417783841090682     
   1.7240000238418443       -56.397654011401926       0.23172391854009267       0.53415038058803821     
   1.7250000238418441       -56.405673500794926       0.23171867888076905       0.53412289770674748     
   1.7260000238418440       -56.413694733347619       0.23171341419143568       0.53409538982310834     
   1.7270000238418439       -56.421717707400425       0.23170812453175926       0.53406785699312320     
   1.7280000238418438       -56.429742421295714       0.23170280996132556       0.53404029927270857     
   1.7290000238418437       -56.437768873378715       0.23169747032498511       0.53401271904124847     
   1.7300000238418436       -56.445797061996707       0.23169210611625324       0.53398511165853257     
   1.7310000238418435       -56.453826985500029       0.23168671717438047       0.53395747955323969     
   1.7320000238418434       -56.461858642240763       0.23168130355838634       0.53392982278111034     
   1.7330000238418433       -56.469892030573675       0.23167586532709331       0.53390214139739545     
   1.7340000238418432       -56.477927148855976       0.23167040253923432       0.53387443545746083     
   1.7350000238418430       -56.485963995447449       0.23166491525334929       0.53384670501635456     
   1.7360000238418429       -56.494002568709838       0.23165940352787995       0.53381895012915537     
   1.7370000238418428       -56.502042867007589       0.23165386742116295       0.53379117085081640     
   1.7380000238418427       -56.510084888707681       0.23164830699131456       0.53376336723615081     
   1.7390000238418426       -56.518128632179149       0.23164272250587517       0.53373553699245813     
   1.7400000238418425       -56.526174095793799       0.23163711359874725       0.53370768491718623     
   1.7410000238418424       -56.534221277925383       0.23163148054229310       0.53367980866834164     
   1.7420000238418423       -56.542270176950431       0.23162582339412097       0.53365190830049258     
   1.7430000238418422       -56.550320791247678       0.23162014221170305       0.53362398386806431     
   1.7440000238418421       -56.558373119198251       0.23161443705236989       0.53359603542527068     
   1.7450000238418419       -56.566427159185452       0.23160870797336017       0.53356806302632853     
   1.7460000238418418       -56.574482909595496       0.23160295503172890       0.53354006672519527     
   1.7470000238418417       -56.582540368816439       0.23159717828439216       0.53351204657591156     
   1.7480000238418416       -56.590599535239008       0.23159137778816635       0.53348400263223184     
   1.7490000238418415       -56.598660407256055       0.23158555359973748       0.53345593494798116     
   1.7500000238418414       -56.606722983262912       0.23157970557361049       0.53342784592883230     
   1.7510000238418413       -56.614787261657270       0.23157383417488153       0.53339973087824888     
   1.7520000238418412       -56.622853240839241       0.23156793925304983       0.53337159224848729     
   1.7530000238418411       -56.630920919210979       0.23156202086428010       0.53334343009311391     
   1.7540000238418409       -56.638990295177209       0.23155607906452863       0.53331524446542078     
   1.7550000238418408       -56.647061367145426       0.23155011390968683       0.53328703541829980     
   1.7560000238418407       -56.655134133524413       0.23154412545552067       0.53325880300503048     
   1.7570000238418406       -56.663208592726207       0.23153811375763653       0.53323054727846553     
   1.7580000238418405       -56.671284743164712       0.23153207887149049       0.53320226829144957     
   1.7590000238418404       -56.679362583256378       0.23152602085247528       0.53317396609667644     
   1.7600000238418403       -56.687442111419742       0.23151993975579910       0.53314564074686821     
   1.7610000238418402       -56.695523326075914       0.23151383563654082       0.53311729229450222     
   1.7620000238418401       -56.703606225648194       0.23150770874244586       0.53308891844934791     
   1.7630000238418400       -56.711690808562196       0.23150155873844092       0.53306052399369919     
   1.7640000238418398       -56.719777073245638       0.23149538587648827       0.53303210659156564     
   1.7650000238418397       -56.727865018129052       0.23148919021112480       0.53300366629518536     
   1.7660000238418396       -56.735954641644661       0.23148297179677677       0.53297520315667712     
   1.7670000238418395       -56.744045942227316       0.23147673068782865       0.53294671722808595     
   1.7680000238418394       -56.752138918314259       0.23147046693837592       0.53291820856117766     
   1.7690000238418393       -56.760233568344859       0.23146418060252985       0.53288967720775871     
   1.7700000238418392       -56.768329890760391       0.23145787173423818       0.53286112321963386     
   1.7710000238418391       -56.776427884005479       0.23145154038722815       0.53283254664816337     
   1.7720000238418390       -56.784527546525531       0.23144518661528546       0.53280394754510496     
   1.7730000238418389       -56.792628876769712       0.23143881047187065       0.53277532596164656     
   1.7740000238418387       -56.800731873188489       0.23143241201042342       0.53274668194913644     
   1.7750000238418386       -56.808836534234786       0.23142599110210535       0.53271801788186091     
   1.7760000238418385       -56.816942858363916       0.23141954816840971       0.53268932912264289     
   1.7770000238418384       -56.825050844033591       0.23141308307611869       0.53266061808832099     
   1.7780000238418383       -56.833160489703417       0.23140659587818760       0.53263188483001711     
   1.7790000238418382       -56.841271793835489       0.23140008662737233       0.53260312939850807     
   1.7800000238418381       -56.849384754894082       0.23139355537636430       0.53257435184450663     
   1.7810000238418380       -56.857499371345732       0.23138700217771990       0.53254555221860189     
   1.7820000238418379       -56.865615641659105       0.23138042708386561       0.53251673057138116     
   1.7830000238418378       -56.873733564305432       0.23137383014708648       0.53248788695316174     
   1.7840000238418376       -56.881853137757652       0.23136721141957142       0.53245902141434387     
   1.7850000238418375       -56.889974360491379       0.23136057095336671       0.53243013400515060     
   1.7860000238418374       -56.898097230984170       0.23135390880042253       0.53240122477573193     
   1.7870000238418373       -56.906221747716074       0.23134722501252913       0.53237229377609052     
   1.7880000238418372       -56.914347909169123       0.23134051981596768       0.53234333871673423     
   1.7890000238418371       -56.922475713827772       0.23133379290937731       0.53231436436767610     
   1.7900000238418370       -56.930605160178430       0.23132704452263830       0.53228536839706908     
   1.7910000238418369       -56.938736246709752       0.23132027470705271       0.53225635085478951     
   1.7920000238418368       -56.946868971912920       0.23131348351381062       0.53222731179036709     
   1.7930000238418367       -56.955003334280910       0.23130667099399449       0.53219825125330067     
   1.7940000238418365       -56.963139332309218       0.23129983719856215       0.53216916929302271     
   1.7950000238418364       -56.971276964495239       0.23129298217834007       0.53214006595880248     
   1.7960000238418363       -56.979416229338739       0.23128610598405835       0.53211094129993886     
   1.7970000238418362       -56.987557125341603       0.23127920866630503       0.53208179536547517     
   1.7980000238418361       -56.995699651008060       0.23127229027557605       0.53205262820449029     
