   1.8500000238418579       -55.545143557590670       0.51183443904386283     
   1.8490000238418580       -55.536812664594748       0.51186297249125046     
   1.8480000238418581       -55.528483394161881       0.51189148842532584     
   1.8470000238418582       -55.520155747838473       0.51191998556759222     
   1.8460000238418584       -55.511829727173136       0.51194846387402870     
   1.8450000238418585       -55.503505333716724       0.51197692330070399     
   1.8440000238418586       -55.495182569022454       0.51200536380363304     
   1.8430000238418587       -55.486861434645718       0.51203378533873101     
   1.8420000238418588       -55.478541932144239       0.51206218786185687     
   1.8410000238418589       -55.470224063078412       0.51209057132869951     
   1.8400000238418590       -55.461907829010578       0.51211893569495648     
   1.8390000238418591       -55.453593231505380       0.51214728091623640     
   1.8380000238418592       -55.445280272130269       0.51217560694794617     
   1.8370000238418593       -55.436968952454663       0.51220391374553254     
   1.8360000238418595       -55.428659274050496       0.51223220126428004     
   1.8350000238418596       -55.420351238491655       0.51226046945948800     
   1.8340000238418597       -55.412044847355013       0.51228871828624345     
   1.8330000238418598       -55.403740102219381       0.51231694769961855     
   1.8320000238418599       -55.395437004666064       0.51234515765458177     
   1.8310000238418600       -55.387135556278636       0.51237334810603430     
   1.8300000238418601       -55.378835758643227       0.51240151900875264     
   1.8290000238418602       -55.370537613348013       0.51242967031747866     
   1.8280000238418603       -55.362241121984063       0.51245780198680446     
   1.8270000238418604       -55.353946286144499       0.51248591397125176     
   1.8260000238418606       -55.345653107424418       0.51251400622536814     
   1.8250000238418607       -55.337361587422521       0.51254207870338275     
   1.8240000238418608       -55.329071727738402       0.51257013135968688     
   1.8230000238418609       -55.320783529975252       0.51259816414837944     
   1.8220000238418610       -55.312496995738059       0.51262617702360547     
   1.8210000238418611       -55.304212126634461       0.51265416993935631     
   1.8200000238418612       -55.295928924274172       0.51268214284959013     
   1.8190000238418613       -55.287647390269818       0.51271009570808257     
   1.8180000238418614       -55.279367526236072       0.51273802846862593     
   1.8170000238418615       -55.271089333790052       0.51276594108486884     
   1.8160000238418617       -55.262812814551545       0.51279383351036456     
   1.8150000238418618       -55.254537970142678       0.51282170569858410     
   1.8140000238418619       -55.246264802187788       0.51284955760293782     
   1.8130000238418620       -55.237993312313755       0.51287738917674419     
   1.8120000238418621       -55.229723502150243       0.51290520037315290     
   1.8110000238418622       -55.221455373328745       0.51293299114536106     
   1.8100000238418623       -55.213188927483785       0.51296076144634817     
   1.8090000238418624       -55.204924166252134       0.51298851122903932     
   1.8080000238418625       -55.196661091272730       0.51301624044634897     
   1.8070000238418626       -55.188399704187376       0.51304394905100126     
   1.8060000238418628       -55.180140006640279       0.51307163699566194     
   1.8050000238418629       -55.171882000277805       0.51309930423295080     
   1.8040000238418630       -55.163625686749228       0.51312695071530312     
   1.8030000238418631       -55.155371067705993       0.51315457639515782     
   1.8020000238418632       -55.147118144802270       0.51318218122478954     
   1.8010000238418633       -55.138866919694493       0.51320976515642858     
   1.8000000238418634       -55.130617394041693       0.51323732814219880     
   1.7990000238418635       -55.122369569505253       0.51326487013415045     
   1.7980000238418636       -55.114123447749328       0.51329239108421065     
   1.7970000238418637       -55.105879030440313       0.51331989094423958     
   1.7960000238418639       -55.097636319247194       0.51334736966600703     
   1.7950000238418640       -55.089395315841685       0.51337482720113925     
   1.7940000238418641       -55.081156021897748       0.51340226350123153     
   1.7930000238418642       -55.072918439091737       0.51342967851779275     
   1.7920000238418643       -55.064682569102928       0.51345707220219117     
   1.7910000238418644       -55.056448413613097       0.51348444450569397     
   1.7900000238418645       -55.048215974305890       0.51351179537958203     
   1.7890000238418646       -55.039985252868661       0.51353912477485142     
   1.7880000238418647       -55.031756250990036       0.51356643264262536     
   1.7870000238418648       -55.023528970362030       0.51359371893379802     
   1.7860000238418650       -55.015303412678968       0.51362098359917452     
   1.7850000238418651       -55.007079579637569       0.51364822658953357     
   1.7840000238418652       -54.998857472937431       0.51367544785548724     
   1.7830000238418653       -54.990637094280387       0.51370264734759752     
   1.7820000238418654       -54.982418445371188       0.51372982501629838     
   1.7810000238418655       -54.974201527916520       0.51375698081202570     
   1.7800000238418656       -54.965986343626568       0.51378411468495644     
   1.7790000238418657       -54.957772894213420       0.51381122658529532     
   1.7780000238418658       -54.949561181391843       0.51383831646312772     
   1.7770000238418659       -54.941351206879212       0.51386538426846529     
   1.7760000238418661       -54.933142972395650       0.51389242995115403     
   1.7750000238418662       -54.924936479663756       0.51391945346101275     
   1.7740000238418663       -54.916731730408884       0.51394645474770140     
   1.7730000238418664       -54.908528726358476       0.51397343376088089     
   1.7720000238418665       -54.900327469243223       0.51400039045002766     
   1.7710000238418666       -54.892127960796131       0.51402732476454904     
   1.7700000238418667       -54.883930202752758       0.51405423665377104     
   1.7690000238418668       -54.875734196851440       0.51408112606690559     
   1.7680000238418669       -54.867539944832949       0.51410799295309517     
   1.7670000238418671       -54.859347448440928       0.51413483726134313     
   1.7660000238418672       -54.851156709421375       0.51416165894061283     
   1.7650000238418673       -54.842967729523188       0.51418845793970513     
   1.7640000238418674       -54.834780510497943       0.51421523420733961     
   1.7630000238418675       -54.826595054099258       0.51424198769221774     
   1.7620000238418676       -54.818411362083992       0.51426871834287935     
   1.7610000238418677       -54.810229436211763       0.51429542610769952     
   1.7600000238418678       -54.802049278244361       0.51432211093508406     
   1.7590000238418679       -54.793870889946305       0.51434877277330482     
   1.7580000238418680       -54.785694273085440       0.51437541157043742     
   1.7570000238418682       -54.777519429431266       0.51440202727460616     
   1.7560000238418683       -54.769346360756728       0.51442861983373700     
   1.7550000238418684       -54.761175068836941       0.51445518919572786     
   1.7540000238418685       -54.753005555450315       0.51448173530827612     
   1.7530000238418686       -54.744837822377065       0.51450825811914003     
   1.7520000238418687       -54.736671871401107       0.51453475757577705     
   1.7510000238418688       -54.728507704308242       0.51456123362572215     
   1.7500000238418689       -54.720345322887390       0.51458768621631124     
   1.7490000238418690       -54.712184728930090       0.51461411529481849     
   1.7480000238418691       -54.704025924230542       0.51464052080840805     
   1.7470000238418693       -54.695868910585581       0.51466690270416826     
   1.7460000238418694       -54.687713689794805       0.51469326092906997     
   1.7450000238418695       -54.679560263660818       0.51471959542992940     
   1.7440000238418696       -54.671408633988385       0.51474590615359039     
   1.7430000238418697       -54.663258802585524       0.51477219304668842     
   1.7420000238418698       -54.655110771262713       0.51479845605580010     
   1.7410000238418699       -54.646964541833384       0.51482469512736173     
   1.7400000238418700       -54.638820116113294       0.51485091020778950     
   1.7390000238418701       -54.630677495921411       0.51487710124331221     
   1.7380000238418702       -54.622536683079062       0.51490326818014898     
   1.7370000238418704       -54.614397679410828       0.51492941096428968     
   1.7360000238418705       -54.606260486743444       0.51495552954175983     
   1.7350000238418706       -54.598125106906735       0.51498162385842128     
   1.7340000238418707       -54.589991541733333       0.51500769386001943     
   1.7330000238418708       -54.581859793058491       0.51503373949222331     
   1.7320000238418709       -54.573729862720320       0.51505976070060011     
   1.7310000238418710       -54.565601752559864       0.51508575743057017     
   1.7300000238418711       -54.557475464420563       0.51511172962754104     
   1.7290000238418712       -54.549351000149045       0.51513767723670956     
   1.7280000238418713       -54.541228361594349       0.51516360020328822     
   1.7270000238418715       -54.533107550608698       0.51518949847229489     
   1.7260000238418716       -54.524988569047011       0.51521537198863721     
   1.7250000238418717       -54.516871418766527       0.51524122069724676     
   1.7240000238418718       -54.508756101628009       0.51526704454280525     
   1.7230000238418719       -54.500642619494656       0.51529284346997362     
   1.7220000238418720       -54.492530974232693       0.51531861742324281     
   1.7210000238418721       -54.484421167710821       0.51534436634709324     
   1.7200000238418722       -54.476313201800941       0.51537009018581381     
   1.7190000238418723       -54.468207078377397       0.51539578888367321     
   1.7180000238418724       -54.460102799317795       0.51542146238475395     
   1.7170000238418726       -54.452000366502297       0.51544711063309612     
   1.7160000238418727       -54.443899781813926       0.51547273357259427     
   1.7150000238418728       -54.435801047138746       0.51549833114705890     
   1.7140000238418729       -54.427704164365444       0.51552390330020492     
   1.7130000238418730       -54.419609135385748       0.51554944997560326     
   1.7120000238418731       -54.411515962094050       0.51557497111677875     
   1.7110000238418732       -54.403424646387712       0.51560046666711867     
   1.7100000238418733       -54.395335190167074       0.51562593656988487     
   1.7090000238418734       -54.387247595335246       0.51565138076824635     
   1.7080000238418735       -54.379161863798217       0.51567679920530884     
   1.7070000238418737       -54.371077997464653       0.51570219182404431     
   1.7060000238418738       -54.362995998246518       0.51572755856729668     
   1.7050000238418739       -54.354915868058505       0.51575289937780122     
   1.7040000238418740       -54.346837608818070       0.51577821419823133     
   1.7030000238418741       -54.338761222445626       0.51580350297113653     
   1.7020000238418742       -54.330686710864605       0.51582876563893387     
   1.7010000238418743       -54.322614076001180       0.51585400214399302     
   1.7000000238418744       -54.314543319784718       0.51587921242848456     
   1.6990000238418745       -54.306474444146872       0.51590439643460906     
   1.6980000238418747       -54.298407451023195       0.51592955410427688     
   1.6970000238418748       -54.290342342351231       0.51595468537946731     
   1.6960000238418749       -54.282279120072161       0.51597979020192630     
   1.6950000238418750       -54.274217786129576       0.51600486851337424     
   1.6940000238418751       -54.266158342470220       0.51602992025538852     
   1.6930000238418752       -54.258100791044086       0.51605494536940744     
   1.6920000238418753       -54.250045133803233       0.51607994379688926     
   1.6910000238418754       -54.241991372703801       0.51610491547899429     
   1.6900000238418755       -54.233939509704030       0.51612986035694286     
   1.6890000238418756       -54.225889546765515       0.51615477837173918     
   1.6880000238418758       -54.217841485852738       0.51617966946433036     
   1.6870000238418759       -54.209795328933190       0.51620453357552953     
   1.6860000238418760       -54.201751077977391       0.51622937064602770     
   1.6850000238418761       -54.193708734958314       0.51625418061652983     
   1.6840000238418762       -54.185668301852914       0.51627896342741098     
   1.6830000238418763       -54.177629780640004       0.51630371901916994     
   1.6820000238418764       -54.169593173302346       0.51632844733201644     
   1.6810000238418765       -54.161558481825104       0.51635314830614809     
   1.6800000238418766       -54.153525708196703       0.51637782188162729     
   1.6790000238418767       -54.145494854408497       0.51640246799840195     
   1.6780000238418769       -54.137465922454908       0.51642708659629299     
   1.6770000238418770       -54.129438914333150       0.51645167761508903     
   1.6760000238418771       -54.121413832043885       0.51647624099434408     
   1.6750000238418772       -54.113390677590139       0.51650077667364724     
   1.6740000238418773       -54.105369452978842       0.51652528459231040     
   1.6730000238418774       -54.097350160219293       0.51654976468966551     
   1.6720000238418775       -54.089332801323906       0.51657421690490446     
   1.6710000238418776       -54.081317378308327       0.51659864117708587     
   1.6700000238418777       -54.073303893191095       0.51662303744517801     
   1.6690000238418778       -54.065292347994031       0.51664740564799627     
   1.6680000238418780       -54.057282744741549       0.51667174572432883     
   1.6670000238418781       -54.049275085461915       0.51669605761270654     
   1.6660000238418782       -54.041269372185489       0.51672034125172794     
   1.6650000238418783       -54.033265606946259       0.51674459657978522     
   1.6640000238418784       -54.025263791781271       0.51676882353512976     
   1.6630000238418785       -54.017263928730614       0.51679302205594957     
   1.6620000238418786       -54.009266019837341       0.51681719208031118     
   1.6610000238418787       -54.001270067147615       0.51684133354618333     
   1.6600000238418788       -53.993276072710614       0.51686544639141263     
   1.6590000238418789       -53.985284038579088       0.51688953055365439     
   1.6580000238418791       -53.977293966808169       0.51691358597060832     
   1.6570000238418792       -53.969305859456654       0.51693761257971937     
   1.6560000238418793       -53.961319718586225       0.51696161031837395     
   1.6550000238418794       -53.953335546261563       0.51698557912387733     
   1.6540000238418795       -53.945353344550568       0.51700951893339719     
   1.6530000238418796       -53.937373115524395       0.51703342968393595     
   1.6520000238418797       -53.929394861257173       0.51705731131246457     
   1.6510000238418798       -53.921418583826117       0.51708116375578494     
   1.6500000238418799       -53.913444285311684       0.51710498695061757     
   1.6490000238418800       -53.905471967797425       0.51712878083354097     
   1.6480000238418802       -53.897501633370069       0.51715254534103239     
   1.6470000238418803       -53.889533284119530       0.51717628040943686     
   1.6460000238418804       -53.881566922138482       0.51719998597506456     
   1.6450000238418805       -53.873602549523468       0.51722366197397918     
   1.6440000238418806       -53.865640168373474       0.51724730834224575     
   1.6430000238418807       -53.857679780791166       0.51727092501574345     
   1.6420000238418808       -53.849721388882138       0.51729451193026277     
   1.6410000238418809       -53.841764994755174       0.51731806902148092     
   1.6400000238418810       -53.833810600522121       0.51734159622498355     
   1.6390000238418811       -53.825858208298385       0.51736509347617032     
   1.6380000238418813       -53.817907820202215       0.51738856071037354     
   1.6370000238418814       -53.809959438355122       0.51741199786282310     
   1.6360000238418815       -53.802013064881663       0.51743540486863204     
   1.6350000238418816       -53.794068701910064       0.51745878166273240     
   1.6340000238418817       -53.786126351571276       0.51748212818001926     
   1.6330000238418818       -53.778186015999722       0.51750544435522317     
   1.6320000238418819       -53.770247697332877       0.51752873012298450     
   1.6310000238418820       -53.762311397711500       0.51755198541781910     
   1.6300000238418821       -53.754377119279610       0.51757521017412100     
   1.6290000238418822       -53.746444864184461       0.51759840432614623     
   1.6280000238418824       -53.738514634576433       0.51762156780807289     
   1.6270000238418825       -53.730586432609073       0.51764470055397216     
   1.6260000238418826       -53.722660260439390       0.51766780249775257     
   1.6250000238418827       -53.714736120227514       0.51769087357322530     
   1.6240000238418828       -53.706814014136846       0.51771391371407538     
   1.6230000238418829       -53.698893944334195       0.51773692285385853     
   1.6220000238418830       -53.690975912989011       0.51775990092610447     
   1.6210000238418831       -53.683059922274957       0.51778284786405693     
   1.6200000238418832       -53.675145974368036       0.51780576360101727     
   1.6190000238418834       -53.667234071448163       0.51782864807003837     
   1.6180000238418835       -53.659324215698149       0.51785150120413848     
   1.6170000238418836       -53.651416409304382       0.51787432293616331     
   1.6160000238418837       -53.643510654456307       0.51789711319885035     
   1.6150000238418838       -53.635606953346588       0.51791987192486366     
   1.6140000238418839       -53.627705308171436       0.51794259904669238     
   1.6130000238418840       -53.619805721130234       0.51796529449671191     
   1.6120000238418841       -53.611908194425659       0.51798795820720589     
   1.6110000238418842       -53.604012730263641       0.51801059011032580     
   1.6100000238418843       -53.596119330853369       0.51803319013812554     
   1.6090000238418845       -53.588227998407611       0.51805575822249539     
   1.6080000238418846       -53.580338735142014       0.51807829429525520     
   1.6070000238418847       -53.572451543276216       0.51810079828800693     
   1.6060000238418848       -53.564566425032410       0.51812327013238424     
   1.6050000238418849       -53.556683382636777       0.51814570975974394     
   1.6040000238418850       -53.548802418318019       0.51816811710150945     
   1.6030000238418851       -53.540923534309208       0.51819049208875445     
   1.6020000238418852       -53.533046732845833       0.51821283465264967     
   1.6010000238418853       -53.525172016167453       0.51823514472406151     
