   1.8500000238418579       -47.161281547491939       0.42007396324632412     
   1.8490000238418580       -47.152483981661966       0.42009823876041907     
   1.8480000238418581       -47.143688322495706       0.42012250451357008     
   1.8470000238418582       -47.134894572196806       0.42014675915288857     
   1.8460000238418584       -47.126102732971070       0.42017100265248819     
   1.8450000238418585       -47.117312807028597       0.42019523498659067     
   1.8440000238418586       -47.108524796583630       0.42021945612925660     
   1.8430000238418587       -47.099738703853049       0.42024366605463642     
   1.8420000238418588       -47.090954531057925       0.42026786473677202     
   1.8410000238418589       -47.082172280422945       0.42029205214961673     
   1.8400000238418590       -47.073391954176202       0.42031622826713605     
   1.8390000238418591       -47.064613554549830       0.42034039306317655     
   1.8380000238418592       -47.055837083778798       0.42036454651163890     
   1.8370000238418593       -47.047062544102829       0.42038868858621792     
   1.8360000238418595       -47.038289937764588       0.42041281926066804     
   1.8350000238418596       -47.029519267010379       0.42043693850867503     
   1.8340000238418597       -47.020750534090105       0.42046104630390224     
   1.8330000238418598       -47.011983741258412       0.42048514261980452     
   1.8320000238418599       -47.003218890771919       0.42050922743000990     
   1.8310000238418600       -46.994455984892269       0.42053330070791639     
   1.8300000238418601       -46.985695025884446       0.42055736242694081     
   1.8290000238418602       -46.976936016016978       0.42058141256042320     
   1.8280000238418603       -46.968178957561975       0.42060545108169090     
   1.8270000238418604       -46.959423852795553       0.42062947796398653     
   1.8260000238418606       -46.950670703997673       0.42065349318046780     
   1.8250000238418607       -46.941919513451374       0.42067749670433296     
   1.8240000238418608       -46.933170283444390       0.42070148850859945     
   1.8230000238418609       -46.924423016267369       0.42072546856633269     
   1.8220000238418610       -46.915677714215057       0.42074943685050525     
   1.8210000238418611       -46.906934379585763       0.42077339333404834     
   1.8200000238418612       -46.898193014681951       0.42079733798980212     
   1.8190000238418613       -46.889453621809409       0.42082127079060400     
   1.8180000238418614       -46.880716203277991       0.42084519170919349     
   1.8170000238418615       -46.871980761401048       0.42086910071829048     
   1.8160000238418617       -46.863247298496169       0.42089299779051975     
   1.8150000238418618       -46.854515816884330       0.42091688289848411     
   1.8140000238418619       -46.845786318890362       0.42094075601473185     
   1.8130000238418620       -46.837058806842997       0.42096461711172894     
   1.8120000238418621       -46.828333283074834       0.42098846616190128     
   1.8110000238418622       -46.819609749922137       0.42101230313762900     
   1.8100000238418623       -46.810888209725007       0.42103612801124329     
   1.8090000238418624       -46.802168664827505       0.42105994075497877     
   1.8080000238418625       -46.793451117577554       0.42108374134103121     
   1.8070000238418626       -46.784735570326738       0.42110752974156374     
   1.8060000238418628       -46.776022025430358       0.42113130592869286     
   1.8050000238418629       -46.767310485248458       0.42115506987436685     
   1.8040000238418630       -46.758600952143404       0.42117882155067565     
   1.8030000238418631       -46.749893428482750       0.42120256092949065     
   1.8020000238418632       -46.741187916637493       0.42122628798266953     
   1.8010000238418633       -46.732484418982764       0.42125000268198609     
   1.8000000238418634       -46.723782937896594       0.42127370499929556     
   1.7990000238418635       -46.715083475762249       0.42129739490619417     
   1.7980000238418636       -46.706386034966151       0.42132107237436350     
   1.7970000238418637       -46.697690617898566       0.42134473737539097     
   1.7960000238418639       -46.688997226953866       0.42136838988081926     
   1.7950000238418640       -46.680305864530780       0.42139202986203084     
   1.7940000238418641       -46.671616533030857       0.42141565729053454     
   1.7930000238418642       -46.662929234860776       0.42143927213762422     
   1.7920000238418643       -46.654243972430599       0.42146287437458613     
   1.7910000238418644       -46.645560748154196       0.42148646397269096     
   1.7900000238418645       -46.636879564449458       0.42151004090312161     
   1.7890000238418646       -46.628200423738448       0.42153360513698496     
   1.7880000238418647       -46.619523328447322       0.42155715664531701     
   1.7870000238418648       -46.610848281005907       0.42158069539912996     
   1.7860000238418650       -46.602175283847764       0.42160422136939635     
   1.7850000238418651       -46.593504339411041       0.42162773452699820     
   1.7840000238418652       -46.584835450137561       0.42165123484274225     
   1.7830000238418653       -46.576168618473091       0.42167472228741565     
   1.7820000238418654       -46.567503846867716       0.42169819683170040     
   1.7810000238418655       -46.558841137775019       0.42172165844628823     
   1.7800000238418656       -46.550180493653137       0.42174510710174112     
   1.7790000238418657       -46.541521916963738       0.42176854276863085     
   1.7780000238418658       -46.532865410173031       0.42179196541738256     
   1.7770000238418659       -46.524210975751089       0.42181537501841587     
   1.7760000238418661       -46.515558616171589       0.42183877154212768     
   1.7750000238418662       -46.506908333912847       0.42186215495878687     
   1.7740000238418663       -46.498260131457094       0.42188552523861855     
   1.7730000238418664       -46.489614011290300       0.42190888235182994     
   1.7720000238418665       -46.480969975903307       0.42193222626844867     
   1.7710000238418666       -46.472328027789864       0.42195555695863862     
   1.7700000238418667       -46.463688169448758       0.42197887439234383     
   1.7690000238418668       -46.455050403382678       0.42200217853946886     
   1.7680000238418669       -46.446414732097750       0.42202546936997987     
   1.7670000238418671       -46.437781158104968       0.42204874685362687     
   1.7660000238418672       -46.429149683919384       0.42207201096016095     
   1.7650000238418673       -46.420520312059928       0.42209526165929639     
   1.7640000238418674       -46.411893045049972       0.42211849892058456     
   1.7630000238418675       -46.403267885416255       0.42214172271369560     
   1.7620000238418676       -46.394644835690151       0.42216493300814306     
   1.7610000238418677       -46.386023898407736       0.42218812977328635     
   1.7600000238418678       -46.377405076108360       0.42221131297856090     
   1.7590000238418679       -46.368788371335874       0.42223448259329166     
   1.7580000238418680       -46.360173786638477       0.42225763858670989     
   1.7570000238418682       -46.351561324568074       0.42228078092805726     
   1.7560000238418683       -46.342950987681036       0.42230390958647657     
   1.7550000238418684       -46.334342778538087       0.42232702453102067     
   1.7540000238418685       -46.325736699704109       0.42235012573067621     
   1.7530000238418686       -46.317132753747806       0.42237321315443921     
   1.7520000238418687       -46.308530943242360       0.42239628677118163     
   1.7510000238418688       -46.299931270765164       0.42241934654973379     
   1.7500000238418689       -46.291333738897713       0.42244239245887982     
   1.7490000238418690       -46.282738350226190       0.42246542446725099     
   1.7480000238418691       -46.274145107340118       0.42248844254358725     
   1.7470000238418693       -46.265554012834208       0.42251144665637369     
   1.7460000238418694       -46.256965069306645       0.42253443677418723     
   1.7450000238418695       -46.248378279360566       0.42255741286541970     
   1.7440000238418696       -46.239793645602667       0.42258037489851075     
   1.7430000238418697       -46.231211170644542       0.42260332284175972     
   1.7420000238418698       -46.222630857101677       0.42262625666341025     
   1.7410000238418699       -46.214052707593972       0.42264917633166121     
   1.7400000238418700       -46.205476724745253       0.42267208181470084     
   1.7390000238418701       -46.196902911184559       0.42269497308050208     
   1.7380000238418702       -46.188331269544300       0.42271785009712537     
   1.7370000238418704       -46.179761802461393       0.42274071283252085     
   1.7360000238418705       -46.171194512577578       0.42276356125451064     
   1.7350000238418706       -46.162629402538414       0.42278639533093471     
   1.7340000238418707       -46.154066474993762       0.42280921502954888     
   1.7330000238418708       -46.145505732597975       0.42283202031804029     
   1.7320000238418709       -46.136947178009997       0.42285481116399248     
   1.7310000238418710       -46.128390813892601       0.42287758753498872     
   1.7300000238418711       -46.119836642913313       0.42290034939849930     
   1.7290000238418712       -46.111284667744030       0.42292309672192541     
   1.7280000238418713       -46.102734891060663       0.42294582947266562     
   1.7270000238418715       -46.094187315543905       0.42296854803184375     
   1.7260000238418716       -46.085641943878485       0.42299125153958317     
   1.7250000238418717       -46.077098778753779       0.42301394037623247     
   1.7240000238418718       -46.068557822863433       0.42303661450893981     
   1.7230000238418719       -46.060019078905455       0.42305927390475140     
   1.7220000238418720       -46.051482549582325       0.42308191853061655     
   1.7210000238418721       -46.042948237601188       0.42310454835340638     
   1.7200000238418722       -46.034416145673084       0.42312716333998135     
   1.7190000238418723       -46.025886276513887       0.42314976345708311     
   1.7180000238418724       -46.017358632843710       0.42317234867142689     
   1.7170000238418726       -46.008833217387398       0.42319491894962064     
   1.7160000238418727       -46.000310032873671       0.42321747425826506     
   1.7150000238418728       -45.991789082036355       0.42324001456382820     
   1.7140000238418729       -45.983270367613571       0.42326253983269746     
   1.7130000238418730       -45.974753892347351       0.42328505003132749     
   1.7120000238418731       -45.966239658984975       0.42330754512596447     
   1.7110000238418732       -45.957727670277933       0.42333002508280299     
   1.7100000238418733       -45.949217928981916       0.42335248986806229     
   1.7090000238418734       -45.940710437857447       0.42337493944780491     
   1.7080000238418735       -45.932205199669362       0.42339737378809189     
   1.7070000238418737       -45.923702217187554       0.42341979285479270     
   1.7060000238418738       -45.915201493185315       0.42344219661389559     
   1.7050000238418739       -45.906703030441648       0.42346458503116496     
   1.7040000238418740       -45.898206831739252       0.42348695807237868     
   1.7030000238418741       -45.889712899865586       0.42350931570325018     
   1.7020000238418742       -45.881221237613232       0.42353165788931996     
   1.7010000238418743       -45.872731847778610       0.42355398459617877     
   1.7000000238418744       -45.864244733162842       0.42357629578929906     
   1.6990000238418745       -45.855759896571683       0.42359859143412515     
   1.6980000238418747       -45.847277340815666       0.42362087149594208     
   1.6970000238418748       -45.838797068709454       0.42364313594008973     
   1.6960000238418749       -45.830319083072865       0.42366538473171478     
   1.6950000238418750       -45.821843386729888       0.42368761783595438     
   1.6940000238418751       -45.813369982509101       0.42370983521791955     
   1.6930000238418752       -45.804898873244014       0.42373203684257876     
   1.6920000238418753       -45.796430061772256       0.42375422267487295     
   1.6910000238418754       -45.787963550936830       0.42377639267962369     
   1.6900000238418755       -45.779499343584646       0.42379854682164386     
   1.6890000238418756       -45.771037442567419       0.42382068506566906     
   1.6880000238418758       -45.762577850741714       0.42384280737632390     
   1.6870000238418759       -45.754120570968631       0.42386491371819651     
   1.6860000238418760       -45.745665606113917       0.42388700405578700     
   1.6850000238418761       -45.737212959048058       0.42390907835351782     
   1.6840000238418762       -45.728762632646088       0.42393113657577058     
   1.6830000238418763       -45.720314629787602       0.42395317868687288     
   1.6820000238418764       -45.711868953357197       0.42397520465101063     
   1.6810000238418765       -45.703425606244068       0.42399721443232252     
   1.6800000238418766       -45.694984591341949       0.42401920799491732     
   1.6790000238418767       -45.686545911549366       0.42404118530281892     
   1.6780000238418769       -45.678109569769539       0.42406314631995234     
   1.6770000238418770       -45.669675568910293       0.42408509101021280     
   1.6760000238418771       -45.661243911884519       0.42410701933736189     
   1.6750000238418772       -45.652814601609414       0.42412893126516221     
   1.6740000238418773       -45.644387641007299       0.42415082675724020     
   1.6730000238418774       -45.635963033004913       0.42417270577719424     
   1.6720000238418775       -45.627540780533735       0.42419456828856528     
   1.6710000238418776       -45.619120886530602       0.42421641425472312     
   1.6700000238418777       -45.610703353936380       0.42423824363907342     
   1.6690000238418778       -45.602288185696928       0.42426005640492698     
   1.6680000238418780       -45.593875384762889       0.42428185251551698     
   1.6670000238418781       -45.585464954089986       0.42430363193395265     
   1.6660000238418782       -45.577056896638211       0.42432539462335184     
   1.6650000238418783       -45.568651215372846       0.42434714054668882     
   1.6640000238418784       -45.560247913263638       0.42436886966690907     
   1.6630000238418785       -45.551846993285253       0.42439058194688362     
   1.6620000238418786       -45.543448458416940       0.42441227734942660     
   1.6610000238418787       -45.535052311643483       0.42443395583719179     
   1.6600000238418788       -45.526658555953787       0.42445561737285914     
   1.6590000238418789       -45.518267194341831       0.42447726191898261     
   1.6580000238418791       -45.509878229806382       0.42449888943807196     
   1.6570000238418792       -45.501491665351224       0.42452049989254115     
   1.6560000238418793       -45.493107503984660       0.42454209324475400     
   1.6550000238418794       -45.484725748720372       0.42456366945695112     
   1.6540000238418795       -45.476346402576418       0.42458522849137253     
   1.6530000238418796       -45.467969468576179       0.42460677031008814     
   1.6520000238418797       -45.459594949747355       0.42462829487522546     
   1.6510000238418798       -45.451222849123056       0.42464980214870685     
   1.6500000238418799       -45.442853169740964       0.42467129209247889     
   1.6490000238418800       -45.434485914643879       0.42469276466833550     
   1.6480000238418802       -45.426121086879348       0.42471421983805119     
   1.6470000238418803       -45.417758689500069       0.42473565756329140     
   1.6460000238418804       -45.409398725563292       0.42475707780569733     
   1.6450000238418805       -45.401041198131672       0.42477848052674916     
   1.6440000238418806       -45.392686110272315       0.42479986568795380     
   1.6430000238418807       -45.384333465057438       0.42482123325067589     
   1.6420000238418808       -45.375983265564479       0.42484258317620571     
   1.6410000238418809       -45.367635514875595       0.42486391542577923     
   1.6400000238418810       -45.359290216077653       0.42488522996059574     
   1.6390000238418811       -45.350947372263114       0.42490652674168472     
   1.6380000238418813       -45.342606986528835       0.42492780573007183     
   1.6370000238418814       -45.334269061977032       0.42494906688668321     
   1.6360000238418815       -45.325933601714546       0.42497031017239478     
   1.6350000238418816       -45.317600608853738       0.42499153554794877     
   1.6340000238418817       -45.309270086511440       0.42501274297407632     
   1.6330000238418818       -45.300942037809669       0.42503393241141141     
   1.6320000238418819       -45.292616465875895       0.42505510382044520     
   1.6310000238418820       -45.284293373841763       0.42507625716173525     
   1.6300000238418821       -45.275972764844909       0.42509739239558475     
   1.6290000238418822       -45.267654642026898       0.42511850948241875     
   1.6280000238418824       -45.259339008535399       0.42513960838241877     
   1.6270000238418825       -45.251025867522443       0.42516068905577631     
   1.6260000238418826       -45.242715222145378       0.42518175146258153     
   1.6250000238418827       -45.234407075566537       0.42520279556286611     
   1.6240000238418828       -45.226101430953626       0.42522382131651926     
   1.6230000238418829       -45.217798291478765       0.42524482868345875     
   1.6220000238418830       -45.209497660320018       0.42526581762342280     
   1.6210000238418831       -45.201199540659751       0.42528678809614262     
   1.6200000238418832       -45.192903935685827       0.42530774006124927     
   1.6190000238418834       -45.184610848591014       0.42532867347831044     
   1.6180000238418835       -45.176320282573442       0.42534958830676495     
   1.6170000238418836       -45.168032240836325       0.42537048450601467     
   1.6160000238418837       -45.159746726587684       0.42539136203540640     
   1.6150000238418838       -45.151463743040772       0.42541222085418801     
   1.6140000238418839       -45.143183293414253       0.42543306092150729     
   1.6130000238418840       -45.134905380931777       0.42545388219644248     
   1.6120000238418841       -45.126630008821856       0.42547468463802496     
   1.6110000238418842       -45.118357180318696       0.42549546820516038     
   1.6100000238418843       -45.110086898661280       0.42551623285671575     
   1.6090000238418845       -45.101819167093751       0.42553697855147349     
   1.6080000238418846       -45.093553988865445       0.42555770524813480     
   1.6070000238418847       -45.085291367231164       0.42557841290529042     
   1.6060000238418848       -45.077031305450554       0.42559910148149760     
   1.6050000238418849       -45.068773806788528       0.42561977093521747     
   1.6040000238418850       -45.060518874515296       0.42564042122482054     
   1.6030000238418851       -45.052266511906126       0.42566105230863760     
   1.6020000238418852       -45.044016722241693       0.42568166414487357     
   1.6010000238418853       -45.035769508807647       0.42570225669166933     
