   2.2999999999999998       -1.3827719027777778       0.62467750694444435        1.6596469771281044        7.8636526469719890       0.59857531415361431     
   2.2989999999999999       -1.3526630659722221       0.53693754861111109        1.9806512223174151        12.608306120824887       0.51643978465153939     
   2.2980000000000000       -1.3296039861111111       0.46273683159722218        1.7194849342560174        15.144429791717881       0.45720411438144792     
   2.2970000000000002       -1.3696043333333334       0.57135434374999994        1.7400686390098756        12.177582888602881       0.55293976722687099     
   2.2960000000000003       -1.4202058194444445       0.67182567187499997        1.7118879101723523        7.0046913659484993       0.61081752008438883     
   2.2950000000000004       -1.4087112118055556       0.64648214930555559        1.8323739595892425        9.6134297165157356       0.59369394588756608     
   2.2940000000000005       -1.4352646701388889       0.71274525520833332        1.4014199092573907        3.5331076268062591       0.63727835511418507     
   2.2930000000000006       -1.3950130833333334       0.61574311111111113        1.7501865761419910        11.721508123491013       0.57690361454642536     
   2.2920000000000007       -1.3871294270833332       0.59415337673611113        1.7073407596559445        12.215547788352730       0.56426625636516303     
   2.2910000000000008       -1.4135718229166665       0.66493530555555558        1.3980081741420003        5.0253795592917125       0.62234182657022341     
   2.2900000000000009       -1.4095868055555556       0.62351251041666667        1.7932424838813306        11.841285001244508       0.58066298570455044     
   2.2890000000000010       -1.4351398715277779       0.69713600173611112        1.4020369350343720        4.8783097370777222       0.62767151055699100     
   2.2880000000000011       -1.3671161527777778       0.54622232986111108        1.8697048831050178        16.263254114628985       0.52248659146657528     
   2.2870000000000013       -1.3853976006944444       0.59122206770833330        1.6393996424335071        10.382717678745884       0.56785807183465598     
   2.2860000000000014       -1.3912868680555555       0.60196056597222225        1.7686853548484813        11.171340698462098       0.57090664038239336     
   2.2850000000000015       -1.4315274027777778       0.68427611284722223        1.6161347306059062        7.3299788667580987       0.61917210632024033     
   2.2840000000000016       -1.4234076527777777       0.66741227604166664        1.7737704246807282        8.3974937127999212       0.60965379426065214     
   2.2830000000000017       -1.3921110729166668       0.59168907812499993        2.0485847719917203        13.943607200076132       0.55313665929832845     
   2.2820000000000018       -1.4323206562499999       0.69845723437500007        1.5120274360262582        5.0652951119504817       0.62977749556096763     
   2.2810000000000019       -1.3962965972222223       0.60847650868055547        1.8143886282355044        12.885786720663479       0.57282387597695728     
   2.2800000000000020       -1.3948843229166665       0.60785751736111104        1.9319343196822212        11.609103531337654       0.57862343887209355     
   2.2790000000000021       -1.4257321041666666       0.66261674999999998        1.6448751767883352        8.0121735959565132       0.60386205689131822     
   2.2780000000000022       -1.4466485034722223       0.70043084548611112        1.6530447948072551        6.5919563932330449       0.62221147634214646     
   2.2770000000000024       -1.3684677152777778       0.54498850868055559        2.0385217790489829        13.625972648548291       0.51839556719416269     
   2.2760000000000025       -1.4502578749999999       0.71621598958333332        1.4941218463643609        3.3333260937132887       0.63735408284713158     
   2.2750000000000026       -1.4032689652777777       0.61010173958333336        1.6864442733734994        11.638325790877259       0.57702817026914066     
   2.2740000000000027       -1.4630353125000000       0.73272931249999995        1.6913864461497614        4.3683178345006395       0.63528762615246748     
   2.2730000000000028       -1.4432716145833333       0.69264510937500001        1.6786909199169040        7.1300997471846888       0.61878881775460592     
   2.2720000000000029       -1.4514339895833333       0.70115930034722218        1.6900959943215281        6.8988772723715108       0.62026659096065195     
   2.2710000000000030       -1.4590685138888888       0.70890780902777772        1.4617192711896243        5.9803177186640717       0.62685005383497039     
   2.2700000000000031       -1.4589691215277778       0.70816004687500000        1.6593736345695056        7.0031094341692697       0.62309666361156335     
   2.2690000000000032       -1.4471157013888889       0.69023819097222228        1.5778078742766568        6.5221438213640104       0.61599310400169993     
   2.2680000000000033       -1.4306479409722224       0.64027997916666668        1.8860614934471118        10.769900546853677       0.58604616880980820     
   2.2670000000000035       -1.4557288854166666       0.71096841319444448        1.4497066786398347        4.6419588517515402       0.63082572542192272     
   2.2660000000000036       -1.4657899027777779       0.70867782812499991        1.7733128059459740        8.2569641959123654       0.61903072955103544     
   2.2650000000000037       -1.4291048159722222       0.64220172048611113        2.0822516587384601        12.539313261211904       0.58507915674096811     
   2.2640000000000038       -1.4512076111111112       0.70403625520833335        1.4922025146611313        5.6252446550447779       0.62587080924667715     
   2.2630000000000039       -1.4298527951388889       0.64068421875000003        1.8533906601207524        11.760742080101902       0.58372153925229664     
   2.2620000000000040       -1.4585105694444445       0.70430596006944446        1.7042115812386909        6.0096832503390187       0.62107561724250959     
   2.2610000000000041       -1.4832345937500000       0.75304557465277777        1.2994273454004850        2.6897175056429123       0.64638258729729681     
   2.2600000000000042       -1.4387666250000000       0.68189190972222224        1.5599666370200604        6.4126832905699622       0.61715481520007343     
   2.2590000000000043       -1.4605363888888889       0.72020310069444449        1.4637146590809926        4.3118285149800482       0.63362299534844335     
   2.2580000000000044       -1.4551060868055556       0.69336832812500004        1.6993193986065989        6.9434734283160928       0.61522621796398469     
   2.2570000000000046       -1.4642616076388888       0.71466623263888884        1.5034340859200888        6.3074522749728477       0.62831755557208602     
   2.2560000000000047       -1.4834033715277777       0.74758911284722229        1.3199494521847832        3.7681491107461502       0.64455387636836625     
   2.2550000000000048       -1.4821314270833335       0.74597393229166675        1.3730950416907461        3.3850985306030910       0.64169389800196808     
   2.2540000000000049       -1.4731003750000000       0.72328480555555563        1.4580593092528358        4.3827809521080390       0.63309201738099408     
   2.2530000000000050       -1.4818723750000000       0.73439901215277770        1.4133004486678640        4.7006809074809688       0.63640865850411799     
   2.2520000000000051       -1.4751482638888889       0.73117931597222219        1.6287715645951486        4.1526047833794291       0.63530123614183442     
   2.2510000000000052       -1.4923523402777779       0.76384335243055557        1.3781728898899279        2.5610963538115317       0.64803572912161855     
   2.2500000000000053       -1.4629598159722221       0.68343378819444445        1.9261871005345057        10.613835525917372       0.60310473895391348     
   2.2490000000000054       -1.4888522638888888       0.72741079513888884        1.5567177866915274        8.2789610370427464       0.62715107574330498     
   2.2480000000000055       -1.4922451284722222       0.75176021354166667        1.3571926432954107        3.0394762344787134       0.64326747406333373     
   2.2470000000000057       -1.4837099895833332       0.74113287326388888        1.2824615213551263        2.6748035770485523       0.64446705090293244     
   2.2460000000000058       -1.4799985312499999       0.70959843055555560        1.7323987530621203        8.5376116012877254       0.61739343658647883     
   2.2450000000000059       -1.4769571944444444       0.72989884201388888        1.5376636947297855        5.2294249623211089       0.63303902734680073     
   2.2440000000000060       -1.4785198749999999       0.72037194618055556        1.5816959997073072        6.7571988386885966       0.62778583223834128     
   2.2430000000000061       -1.4572271770833334       0.68806032291666663        1.6307964154798127        6.6409682058839445       0.61720584596491945     
   2.2420000000000062       -1.4987056423611111       0.72698536979166672        1.8241359648892665        9.3879234076048235       0.61940723260931896     
   2.2410000000000063       -1.5161935173611110       0.77247971006944438        1.4068694670937569        3.9714582252265416       0.64589417679525352     
   2.2400000000000064       -1.4800781979166666       0.71268586458333327        1.7183845983313188        7.2831019160657133       0.62073577673389435     
   2.2390000000000065       -1.4756876354166666       0.69571540625000006        1.7929185622124417        8.1549056495788648       0.61017449104829935     
   2.2380000000000067       -1.4807339618055557       0.70811114236111117        1.8946981696831517        10.703843868384171       0.61617618908673255     
   2.2370000000000068       -1.5091420625000000       0.77331497395833326        1.2498755480299328        2.1869401869515936       0.65048025198165704     
   2.2360000000000069       -1.5060974097222222       0.75489813715277776        1.4222888839823147        5.2364331270801099       0.63985387832748275     
   2.2350000000000070       -1.5113499479166665       0.77566501736111115        1.1991279986606587        1.9244268306437209       0.65225052378492054     
   2.2340000000000071       -1.4760553680555555       0.68716896006944450        1.9465593812466564        12.076251292772451       0.60082472220468963     
   2.2330000000000072       -1.4855190625000001       0.72233241840277773        1.6184151824742996        6.8030922379414926       0.62748997726365485     
   2.2320000000000073       -1.4814093194444444       0.71116251215277781        1.5948459978638025        7.5064356635689711       0.62183377591416389     
   2.2310000000000074       -1.4972044861111111       0.74785252951388892        1.5249153577405843        3.7456823998446449       0.63995087033194342     
   2.2300000000000075       -1.4998670972222223       0.73593494618055555        1.4350583760479096        5.1759811298238567       0.63362783860751448     
   2.2290000000000076       -1.5052107534722223       0.73595767881944452        1.5468682263630962        7.3567075509585003       0.62863684231303019     
   2.2280000000000078       -1.5147184548611112       0.76701139583333333        1.3657173877412163        3.9808773186105761       0.64415751191467385     
   2.2270000000000079       -1.5130490138888888       0.76610686284722229        1.3264067349083661        2.5613677689313104       0.64754049889416754     
   2.2260000000000080       -1.5305476076388889       0.78868539583333330        1.3281943202739073        2.1257951287085985       0.65170079347930976     
   2.2250000000000081       -1.5081918229166666       0.74538515451388898        1.6199834603234360        6.6095014913086541       0.63073719869449296     
   2.2240000000000082       -1.5083157430555554       0.74867333333333330        1.4367729556457991        3.9948712338679107       0.63925369777803276     
   2.2230000000000083       -1.5027311840277777       0.72686276562499996        1.8356619778365892        8.3384381874623195       0.62105913997369822     
   2.2220000000000084       -1.5068692986111112       0.74623332986111113        1.6389088048428733        5.7522593034003044       0.63416446252369241     
   2.2210000000000085       -1.5281351875000000       0.79042317361111114        1.1414141924158536        1.4411982645708790       0.65584674170346502     
   2.2200000000000086       -1.5049548298611111       0.73970501736111105        1.7510248969210309        5.8774868676425500       0.63113147111645418     
   2.2190000000000087       -1.5076449722222223       0.71978673263888882        1.9516649752361015        11.288327407806161       0.61346647054974501     
   2.2180000000000089       -1.4677419826388889       0.65255770486111109        1.9330662499682620        14.529095618703074       0.58184079087028895     
   2.2170000000000090       -1.5162601388888890       0.75750445833333335        1.4057740192632278        4.0439843459358809       0.64058294338172117     
   2.2160000000000091       -1.5313508333333334       0.77761156250000008        1.3583301869422111        2.9516615255938223       0.64676908022696566     
   2.2150000000000092       -1.5318622152777777       0.78262842361111107        1.3025296660576113        2.8467721880982051       0.64850952592677602     
   2.2140000000000093       -1.5379328368055556       0.78539931944444452        1.3192789430767173        2.5689446998895291       0.64885752833983634     
   2.2130000000000094       -1.5279784131944443       0.76375152777777777        1.4905675985367823        4.7749110339358118       0.63856248158800999     
   2.2120000000000095       -1.5282035451388889       0.76880184895833326        1.4576240893609527        4.1122885037435974       0.64112064905986121     
   2.2110000000000096       -1.5188140520833333       0.74947033159722221        1.6158593009524198        5.2563847073832681       0.63396080821894740     
   2.2100000000000097       -1.5302101423611110       0.77425207812499997        1.4554036970426765        3.2837173840302762       0.64521360903589753     
   2.2090000000000098       -1.5268870902777776       0.76416356770833327        1.5514595662032258        6.0016968635362877       0.63758201671166015     
   2.2080000000000100       -1.5270045694444443       0.76894028125000002        1.5191746195068503        3.9272479652601260       0.64263354710794052     
   2.2070000000000101       -1.5416336631944445       0.79837075520833334        1.1909080766557485        1.6044399283387625       0.65543493429790822     
   2.2060000000000102       -1.5628732534722223       0.81294904340277774        1.0913861385230414        1.3196148121087079       0.65736992554908591     
   2.2050000000000103       -1.5485452743055557       0.79706780208333339        1.1927037466677326        1.8066100237851570       0.65388190889009734     
   2.2040000000000104       -1.5495762118055554       0.80140032118055560        1.1552571352122156        1.4792338634913762       0.65608993363032908     
   2.2030000000000105       -1.5385948958333333       0.77187632118055549        1.4220509549442140        5.3005379345564796       0.64026298514714342     
   2.2020000000000106       -1.5490598194444445       0.79730596875000004        1.4186247041023150        2.1568560887634760       0.65184259353349194     
   2.2010000000000107       -1.5509101006944443       0.78647273263888884        1.4942850428889809        4.9402736313114799       0.64243159334952793     
   2.2000000000000108       -1.5235081076388888       0.76205106770833331        1.5906045655242398        4.1466253817848271       0.64035664871629017     
