   5.0000000000000000      -0.42633197656249999        8.4599751953124996E-002   9.6314618585594480E-002  0.20615871230559984     
   4.9000000000000004      -0.43829816406250000        8.5941021484375005E-002  0.10159021001195795       0.21552927789165949     
   4.8000000000000007      -0.44696846484375002        8.7220851562500007E-002  0.10815727503436108       0.22854575421757475     
   4.7000000000000011      -0.45917205468750000        8.7545623046875007E-002  0.11142498471838994       0.23672068067593047     
   4.6000000000000014      -0.47315096093749998        9.0004640624999993E-002  0.12079401671614462       0.25279258963031248     
   4.5000000000000018      -0.48437526562500000        9.1779718750000003E-002  0.12514799536947852       0.27070521242216650     
   4.4000000000000021      -0.49622722265625002        9.4986470703125006E-002  0.13436897728875527       0.29407074364716573     
   4.3000000000000025      -0.50983646093750001        9.6417789062499995E-002  0.14150941242691187       0.31165805762525783     
   4.2000000000000028      -0.52443832421875003        9.6888341796874999E-002  0.14950252531610400       0.31807303621127186     
   4.1000000000000032      -0.54235939843750003       0.10203136914062499       0.16153585985647526       0.36408436897777191     
   4.0000000000000036      -0.55778641796874995       0.10390022851562500       0.16935622036564238       0.37955103752322017     
   3.9000000000000035      -0.57587418359374998       0.10636637890625000       0.18033232330403554       0.41392533571429341     
   3.8000000000000034      -0.59321341015624995       0.10854699218750000       0.19549528607257258       0.44279294070631120     
   3.7000000000000033      -0.61331849999999999       0.11584111328125000       0.21255920524353503       0.50215129977235473     
   3.6000000000000032      -0.63735082031250001       0.11903936523437500       0.22825112049210755       0.55430942873697187     
   3.5000000000000031      -0.65995479687500003       0.12639689453125000       0.24705409831913736       0.64409244270532862     
   3.4000000000000030      -0.68969765234375002       0.13118590820312501       0.27536197771315296       0.69662429663826164     
   3.3000000000000029      -0.71380519531249997       0.13711693750000001       0.29450887753353916       0.80604538003302939     
   3.2000000000000028      -0.74324502343749999       0.14373491601562499       0.32248813302342361       0.91826021544045100     
   3.1000000000000028      -0.77999996093750001       0.15827864062499999       0.35939235561910349        1.1281064847199789     
   3.0000000000000027      -0.81806252343749997       0.17114191406250001       0.40042864883331936        1.3794851562123682     
   2.9000000000000026      -0.85775965624999995       0.18710760351562500       0.45951750269081826        1.5853479527132770     
   2.8000000000000025      -0.91050859375000004       0.21543303515625001       0.55216428569435372        2.1703321709898851     
   2.7000000000000024      -0.96958779687499996       0.25727061718749999       0.64837704906412230        2.9191801796972139     
   2.6000000000000023       -1.0415684296875001       0.31019667968749998       0.82523654230749832        3.9897738985539339     
   2.5000000000000022       -1.1311179492187500       0.39171718750000001        1.0053627182637392        4.8878459372499936     
   2.4000000000000021       -1.2600797070312499       0.52208462695312496        1.4300519436550467        6.0497267199242213     
   2.3000000000000020       -1.4008030585937501       0.66676890624999996        1.5038046765935813        4.7005794238016332     
   2.2000000000000020       -1.5585016875000000       0.80750075976562496        1.2110150992295381        1.7793204490095460     
   2.1000000000000019       -1.6592010898437499       0.86793127148437499        1.0115474839503455       0.86650729677375260     
   2.0000000000000018       -1.7471813320312499       0.91127540234375004       0.75267812475271834       0.41005526959177946     
   1.9000000000000017       -1.8105781796875000       0.93904716992187498       0.54734372162375744       0.18542961183861059     
   1.8000000000000016       -1.8609236640625000       0.95771637695312495       0.43334288803799131       0.10529049364355568     
   1.7000000000000015       -1.8990693125000000       0.97043166406250003       0.34185325324186311        6.8701508694760660E-002
   1.6000000000000014       -1.9271057773437501       0.97920729492187497       0.26829875401568293        4.4905743653451638E-002
   1.5000000000000013       -1.9509451835937499       0.98646929101562497       0.19458669994956901        2.6354178408382698E-002
   1.4000000000000012       -1.9685814335937499       0.99155367968749997       0.13956385088208961        1.5872171711614706E-002
   1.3000000000000012       -1.9802321875000000       0.99476196289062502       0.10267356806219138        1.0271471217213090E-002
   1.2000000000000011       -1.9887466835937500       0.99706258203124998        6.6277997610736883E-002   5.8430064569137078E-003
   1.1000000000000010       -1.9939509804687501       0.99843741015624998        4.1533884280036751E-002   3.2128749981294165E-003
   1.0000000000000009       -1.9973652851562500       0.99933018945312502        2.1678153464108580E-002   1.4456036120691338E-003
  0.90000000000000091       -1.9989216523437501       0.99972842382812499        1.0598208587699975E-002   6.1151685309192077E-004
  0.80000000000000093       -1.9995949296875000       0.99989735742187502        5.1008711229982738E-003   2.6698508566624891E-004
  0.70000000000000095       -1.9998962968750000       0.99997407421874995        1.6874936516949035E-003   7.3827847302254573E-005
  0.60000000000000098       -1.9999853906250000       0.99999634765625001        3.2450100270074771E-004   1.2168787577593300E-005
  0.50000000000000100       -1.9999963125000000       0.99999907812500000        1.1798607602031505E-004   3.6870648614239982E-006
