   3.9984999999999999       -63.840000000003990       0.99999999999667644     
   3.9985100000000000       -63.840000000003990       0.99999999999667566     
   3.9985200000000001       -63.840000000003997       0.99999999999667510     
   3.9985300000000001       -63.840000000003997       0.99999999999667455     
   3.9985400000000002       -63.840000000003997       0.99999999999667377     
   3.9985500000000003       -63.840000000003990       0.99999999999667299     
   3.9985600000000003       -63.840000000003997       0.99999999999667244     
   3.9985700000000004       -63.840000000003997       0.99999999999667188     
   3.9985800000000005       -63.840000000003997       0.99999999999667111     
   3.9985900000000005       -63.840000000003990       0.99999999999667033     
   3.9986000000000006       -63.840000000003997       0.99999999999666978     
   3.9986100000000007       -63.840000000004004       0.99999999999666922     
   3.9986200000000007       -63.840000000004004       0.99999999999666844     
   3.9986300000000008       -63.840000000004004       0.99999999999666767     
   3.9986400000000009       -63.840000000004004       0.99999999999666711     
   3.9986500000000009       -63.840000000004004       0.99999999999666656     
   3.9986600000000010       -63.840000000004004       0.99999999999666578     
   3.9986700000000011       -63.840000000003997       0.99999999999666500     
   3.9986800000000011       -63.840000000004004       0.99999999999666445     
   3.9986900000000012       -63.840000000004004       0.99999999999666389     
   3.9987000000000013       -63.840000000004011       0.99999999999666311     
   3.9987100000000013       -63.840000000004011       0.99999999999666234     
   3.9987200000000014       -63.840000000004011       0.99999999999666178     
   3.9987300000000014       -63.840000000004011       0.99999999999666123     
   3.9987400000000015       -63.840000000004011       0.99999999999666045     
   3.9987500000000016       -63.840000000004004       0.99999999999665967     
   3.9987600000000016       -63.840000000004011       0.99999999999665912     
   3.9987700000000017       -63.840000000004011       0.99999999999665856     
   3.9987800000000018       -63.840000000004011       0.99999999999665778     
   3.9987900000000018       -63.840000000004018       0.99999999999665701     
   3.9988000000000019       -63.840000000004011       0.99999999999665645     
   3.9988100000000020       -63.840000000004018       0.99999999999665590     
   3.9988200000000020       -63.840000000004018       0.99999999999665512     
   3.9988300000000021       -63.840000000004018       0.99999999999665434     
   3.9988400000000022       -63.840000000004018       0.99999999999665379     
   3.9988500000000022       -63.840000000004018       0.99999999999665323     
   3.9988600000000023       -63.840000000004018       0.99999999999665246     
   3.9988700000000024       -63.840000000004018       0.99999999999665168     
   3.9988800000000024       -63.840000000004018       0.99999999999665112     
   3.9988900000000025       -63.840000000004025       0.99999999999665057     
   3.9989000000000026       -63.840000000004025       0.99999999999664979     
   3.9989100000000026       -63.840000000004025       0.99999999999664901     
   3.9989200000000027       -63.840000000004025       0.99999999999664846     
   3.9989300000000028       -63.840000000004025       0.99999999999664790     
   3.9989400000000028       -63.840000000004025       0.99999999999664713     
   3.9989500000000029       -63.840000000004025       0.99999999999664635     
   3.9989600000000030       -63.840000000004018       0.99999999999664579     
   3.9989700000000030       -63.840000000004032       0.99999999999664524     
   3.9989800000000031       -63.840000000004032       0.99999999999664446     
   3.9989900000000032       -63.840000000004032       0.99999999999664368     
   3.9990000000000032       -63.840000000004032       0.99999999999664313     
   3.9990100000000033       -63.840000000004032       0.99999999999664257     
   3.9990200000000033       -63.840000000004032       0.99999999999664180     
   3.9990300000000034       -63.840000000004032       0.99999999999664102     
   3.9990400000000035       -63.840000000004025       0.99999999999664047     
   3.9990500000000035       -63.840000000004032       0.99999999999663991     
   3.9990600000000036       -63.840000000004039       0.99999999999663913     
   3.9990700000000037       -63.840000000004039       0.99999999999663836     
   3.9990800000000037       -63.840000000004039       0.99999999999663780     
   3.9990900000000038       -63.840000000004039       0.99999999999663725     
   3.9991000000000039       -63.840000000004039       0.99999999999663647     
   3.9991100000000039       -63.840000000004039       0.99999999999663569     
   3.9991200000000040       -63.840000000004039       0.99999999999663480     
   3.9991300000000041       -63.840000000004039       0.99999999999663425     
   3.9991400000000041       -63.840000000004039       0.99999999999663369     
   3.9991500000000042       -63.840000000004039       0.99999999999663292     
   3.9991600000000043       -63.840000000004046       0.99999999999663214     
   3.9991700000000043       -63.840000000004046       0.99999999999663158     
   3.9991800000000044       -63.840000000004046       0.99999999999663103     
   3.9991900000000045       -63.840000000004039       0.99999999999663025     
   3.9992000000000045       -63.840000000004046       0.99999999999662947     
   3.9992100000000046       -63.840000000004046       0.99999999999662892     
   3.9992200000000047       -63.840000000004046       0.99999999999662836     
   3.9992300000000047       -63.840000000004046       0.99999999999662759     
   3.9992400000000048       -63.840000000004054       0.99999999999662681     
   3.9992500000000049       -63.840000000004054       0.99999999999662625     
   3.9992600000000049       -63.840000000004054       0.99999999999662570     
   3.9992700000000050       -63.840000000004046       0.99999999999662492     
   3.9992800000000051       -63.840000000004054       0.99999999999662414     
   3.9992900000000051       -63.840000000004054       0.99999999999662359     
   3.9993000000000052       -63.840000000004054       0.99999999999662303     
   3.9993100000000052       -63.840000000004046       0.99999999999662226     
   3.9993200000000053       -63.840000000004061       0.99999999999662148     
   3.9993300000000054       -63.840000000004061       0.99999999999662093     
   3.9993400000000054       -63.840000000004061       0.99999999999662037     
   3.9993500000000055       -63.840000000004054       0.99999999999661959     
   3.9993600000000056       -63.840000000004061       0.99999999999661882     
   3.9993700000000056       -63.840000000004061       0.99999999999661826     
   3.9993800000000057       -63.840000000004061       0.99999999999661737     
   3.9993900000000058       -63.840000000004061       0.99999999999661682     
   3.9994000000000058       -63.840000000004061       0.99999999999661604     
   3.9994100000000059       -63.840000000004068       0.99999999999661526     
   3.9994200000000060       -63.840000000004068       0.99999999999661471     
   3.9994300000000060       -63.840000000004068       0.99999999999661415     
   3.9994400000000061       -63.840000000004068       0.99999999999661338     
   3.9994500000000062       -63.840000000004068       0.99999999999661260     
   3.9994600000000062       -63.840000000004068       0.99999999999661204     
   3.9994700000000063       -63.840000000004068       0.99999999999661149     
   3.9994800000000064       -63.840000000004068       0.99999999999661071     
   3.9994900000000064       -63.840000000004075       0.99999999999660993     
   3.9995000000000065       -63.840000000004075       0.99999999999660938     
   3.9995100000000066       -63.840000000004075       0.99999999999660882     
   3.9995200000000066       -63.840000000004075       0.99999999999660805     
   3.9995300000000067       -63.840000000004075       0.99999999999660727     
   3.9995400000000068       -63.840000000004068       0.99999999999660671     
   3.9995500000000068       -63.840000000004075       0.99999999999660616     
   3.9995600000000069       -63.840000000004075       0.99999999999660538     
   3.9995700000000070       -63.840000000004075       0.99999999999660449     
   3.9995800000000070       -63.840000000004082       0.99999999999660372     
   3.9995900000000071       -63.840000000004082       0.99999999999660316     
   3.9996000000000071       -63.840000000004082       0.99999999999660261     
   3.9996100000000072       -63.840000000004075       0.99999999999660183     
   3.9996200000000073       -63.840000000004082       0.99999999999660105     
   3.9996300000000073       -63.840000000004082       0.99999999999660050     
   3.9996400000000074       -63.840000000004082       0.99999999999659994     
   3.9996500000000075       -63.840000000004082       0.99999999999659916     
   3.9996600000000075       -63.840000000004082       0.99999999999659839     
   3.9996700000000076       -63.840000000004089       0.99999999999659783     
   3.9996800000000077       -63.840000000004089       0.99999999999659728     
   3.9996900000000077       -63.840000000004082       0.99999999999659650     
   3.9997000000000078       -63.840000000004089       0.99999999999659572     
   3.9997100000000079       -63.840000000004089       0.99999999999659517     
   3.9997200000000079       -63.840000000004089       0.99999999999659461     
   3.9997300000000080       -63.840000000004089       0.99999999999659372     
   3.9997400000000081       -63.840000000004089       0.99999999999659295     
   3.9997500000000081       -63.840000000004089       0.99999999999659217     
   3.9997600000000082       -63.840000000004096       0.99999999999659162     
   3.9997700000000083       -63.840000000004096       0.99999999999659106     
   3.9997800000000083       -63.840000000004096       0.99999999999659028     
   3.9997900000000084       -63.840000000004096       0.99999999999658951     
   3.9998000000000085       -63.840000000004096       0.99999999999658895     
   3.9998100000000085       -63.840000000004096       0.99999999999658840     
   3.9998200000000086       -63.840000000004096       0.99999999999658762     
   3.9998300000000087       -63.840000000004089       0.99999999999658684     
   3.9998400000000087       -63.840000000004103       0.99999999999658629     
   3.9998500000000088       -63.840000000004103       0.99999999999658573     
   3.9998600000000089       -63.840000000004103       0.99999999999658495     
   3.9998700000000089       -63.840000000004096       0.99999999999658407     
   3.9998800000000090       -63.840000000004103       0.99999999999658329     
   3.9998900000000090       -63.840000000004103       0.99999999999658273     
   3.9999000000000091       -63.840000000004103       0.99999999999658218     
   3.9999100000000092       -63.840000000004103       0.99999999999658140     
   3.9999200000000092       -63.840000000004096       0.99999999999658062     
   3.9999300000000093       -63.840000000004110       0.99999999999658007     
   3.9999400000000094       -63.840000000004103       0.99999999999657951     
   3.9999500000000094       -63.840000000004110       0.99999999999657874     
   3.9999600000000095       -63.840000000004110       0.99999999999657796     
   3.9999700000000096       -63.840000000004110       0.99999999999657740     
   3.9999800000000096       -63.840000000004103       0.99999999999657685     
   3.9999900000000097       -63.840000000004110       0.99999999999657596     
   4.0000000000000098       -63.840000000004103       0.99999999999657518     
   4.0000100000000094       -63.840000000004110       0.99999999999657441     
   4.0000200000000090       -63.840000000004117       0.99999999999657385     
   4.0000300000000086       -63.840000000004117       0.99999999999657330     
   4.0000400000000083       -63.840000000004110       0.99999999999657252     
   4.0000500000000079       -63.840000000004117       0.99999999999657174     
   4.0000600000000075       -63.840000000004117       0.99999999999657119     
   4.0000700000000071       -63.840000000004117       0.99999999999657063     
   4.0000800000000067       -63.840000000004117       0.99999999999656985     
   4.0000900000000064       -63.840000000004110       0.99999999999656908     
   4.0001000000000060       -63.840000000004125       0.99999999999656852     
   4.0001100000000056       -63.840000000004125       0.99999999999656763     
   4.0001200000000052       -63.840000000004125       0.99999999999656708     
   4.0001300000000048       -63.840000000004125       0.99999999999656630     
   4.0001400000000045       -63.840000000004125       0.99999999999656553     
   4.0001500000000041       -63.840000000004117       0.99999999999656497     
   4.0001600000000037       -63.840000000004125       0.99999999999656441     
   4.0001700000000033       -63.840000000004125       0.99999999999656364     
   4.0001800000000030       -63.840000000004125       0.99999999999656286     
   4.0001900000000026       -63.840000000004132       0.99999999999656231     
   4.0002000000000022       -63.840000000004132       0.99999999999656175     
   4.0002100000000018       -63.840000000004132       0.99999999999656086     
   4.0002200000000014       -63.840000000004125       0.99999999999656008     
   4.0002300000000011       -63.840000000004132       0.99999999999655931     
   4.0002400000000007       -63.840000000004132       0.99999999999655875     
   4.0002500000000003       -63.840000000004132       0.99999999999655820     
   4.0002599999999999       -63.840000000004125       0.99999999999655742     
   4.0002699999999995       -63.840000000004139       0.99999999999655664     
   4.0002799999999992       -63.840000000004139       0.99999999999655609     
   4.0002899999999988       -63.840000000004139       0.99999999999655553     
   4.0002999999999984       -63.840000000004132       0.99999999999655476     
   4.0003099999999980       -63.840000000004139       0.99999999999655387     
   4.0003199999999977       -63.840000000004139       0.99999999999655309     
   4.0003299999999973       -63.840000000004139       0.99999999999655254     
   4.0003399999999969       -63.840000000004139       0.99999999999655198     
   4.0003499999999965       -63.840000000004132       0.99999999999655120     
   4.0003599999999961       -63.840000000004146       0.99999999999655043     
   4.0003699999999958       -63.840000000004146       0.99999999999654987     
   4.0003799999999954       -63.840000000004146       0.99999999999654932     
   4.0003899999999950       -63.840000000004139       0.99999999999654854     
   4.0003999999999946       -63.840000000004146       0.99999999999654776     
   4.0004099999999942       -63.840000000004146       0.99999999999654687     
   4.0004199999999939       -63.840000000004146       0.99999999999654632     
   4.0004299999999935       -63.840000000004146       0.99999999999654576     
   4.0004399999999931       -63.840000000004146       0.99999999999654499     
   4.0004499999999927       -63.840000000004153       0.99999999999654421     
   4.0004599999999924       -63.840000000004153       0.99999999999654365     
   4.0004699999999920       -63.840000000004146       0.99999999999654310     
   4.0004799999999916       -63.840000000004153       0.99999999999654232     
   4.0004899999999912       -63.840000000004153       0.99999999999654154     
