   4.0004999999999997       -63.865578708568364       0.99704542740562296     
   4.0004900000000001       -63.865339417685199       0.99704526579660657     
   4.0004800000000005       -63.865100126840815       0.99704510417054426     
   4.0004700000000009       -63.864860836035213       0.99704494253476916     
   4.0004600000000012       -63.864621545268420       0.99704478088928250     
   4.0004500000000016       -63.864382254540409       0.99704461923408394     
   4.0004400000000020       -63.864142963851208       0.99704445756917270     
   4.0004300000000024       -63.863903673200788       0.99704429589454791     
   4.0004200000000028       -63.863664382589199       0.99704413421020932     
   4.0004100000000031       -63.863425092016406       0.99704397251615584     
   4.0004000000000035       -63.863185801482416       0.99704381081238669     
   4.0003900000000039       -63.862946510987229       0.99704364909890175     
   4.0003800000000043       -63.862707220530865       0.99704348737569948     
   4.0003700000000046       -63.862467930113304       0.99704332564277998     
   4.0003600000000050       -63.862228639734582       0.99704316390014203     
   4.0003500000000054       -63.861989349394662       0.99704300214778485     
   4.0003400000000058       -63.861750059093573       0.99704284038570823     
   4.0003300000000062       -63.861510768831295       0.99704267861391160     
   4.0003200000000065       -63.861271478607868       0.99704251683239320     
   4.0003100000000069       -63.861032188423252       0.99704235504115379     
   4.0003000000000073       -63.860792898277452       0.99704219324019150     
   4.0002900000000077       -63.860553608170505       0.99704203142950643     
   4.0002800000000081       -63.860314318102397       0.99704186960909691     
   4.0002700000000084       -63.860075028073119       0.99704170777896328     
   4.0002600000000088       -63.859835738082680       0.99704154593910477     
   4.0002500000000092       -63.859596448131086       0.99704138408951948     
   4.0002400000000096       -63.859357158218351       0.99704122223020830     
   4.0002300000000099       -63.859117868344448       0.99704106036116935     
   4.0002200000000103       -63.858878578509398       0.99704089848240240     
   4.0002100000000107       -63.858639288713192       0.99704073659390691     
   4.0002000000000111       -63.858399998955854       0.99704057469568197     
   4.0001900000000115       -63.858160709237360       0.99704041278772693     
   4.0001800000000118       -63.857921419557726       0.99704025087004133     
   4.0001700000000122       -63.857682129916967       0.99704008894262408     
   4.0001600000000126       -63.857442840315073       0.99703992700547417     
   4.0001500000000130       -63.857203550752025       0.99703976505859215     
   4.0001400000000134       -63.856964261227859       0.99703960310197604     
   4.0001300000000137       -63.856724971742565       0.99703944113562615     
   4.0001200000000141       -63.856485682296125       0.99703927915954083     
   4.0001100000000145       -63.856246392888579       0.99703911717371974     
   4.0001000000000149       -63.856007103519914       0.99703895517816266     
   4.0000900000000152       -63.855767814190123       0.99703879317286825     
   4.0000800000000156       -63.855528524899206       0.99703863115783620     
   4.0000700000000160       -63.855289235647199       0.99703846913306560     
   4.0000600000000164       -63.855049946434058       0.99703830709855590     
   4.0000500000000168       -63.854810657259797       0.99703814505430588     
   4.0000400000000171       -63.854571368124439       0.99703798300031565     
   4.0000300000000175       -63.854332079027984       0.99703782093658433     
   4.0000200000000179       -63.854092789970423       0.99703765886311080     
   4.0000100000000183       -63.853853500951757       0.99703749677989506     
   4.0000000000000187       -63.853614211971994       0.99703733468693534     
   3.9999900000000186       -63.853374923031112       0.99703717258423230     
   3.9999800000000185       -63.853135634129139       0.99703701047178417     
   3.9999700000000185       -63.852896345266089       0.99703684834959050     
   3.9999600000000184       -63.852657056441927       0.99703668621765063     
   3.9999500000000183       -63.852417767656704       0.99703652407596388     
   3.9999400000000183       -63.852178478910368       0.99703636192452993     
   3.9999300000000182       -63.851939190202977       0.99703619976334734     
   3.9999200000000181       -63.851699901534495       0.99703603759241632     
   3.9999100000000181       -63.851460612904930       0.99703587541173555     
   3.9999000000000180       -63.851221324314295       0.99703571322130424     
   3.9998900000000179       -63.850982035762584       0.99703555102112185     
   3.9998800000000179       -63.850742747249789       0.99703538881118758     
   3.9998700000000178       -63.850503458775961       0.99703522659150157     
   3.9998600000000177       -63.850264170341042       0.99703506436206213     
   3.9998500000000177       -63.850024881945060       0.99703490212286860     
   3.9998400000000176       -63.849785593588024       0.99703473987392066     
   3.9998300000000175       -63.849546305269932       0.99703457761521763     
   3.9998200000000175       -63.849307016990771       0.99703441534675841     
   3.9998100000000174       -63.849067728750562       0.99703425306854276     
   3.9998000000000173       -63.848828440549305       0.99703409078056993     
   3.9997900000000173       -63.848589152386992       0.99703392848283878     
   3.9997800000000172       -63.848349864263632       0.99703376617534911     
   3.9997700000000171       -63.848110576179216       0.99703360385810036     
   3.9997600000000171       -63.847871288133788       0.99703344153109086     
   3.9997500000000170       -63.847632000127298       0.99703327919432094     
   3.9997400000000169       -63.847392712159767       0.99703311684778895     
   3.9997300000000169       -63.847153424231209       0.99703295449149520     
   3.9997200000000168       -63.846914136341610       0.99703279212543849     
   3.9997100000000168       -63.846674848490991       0.99703262974961870     
   3.9997000000000167       -63.846435560679339       0.99703246736403395     
   3.9996900000000166       -63.846196272906653       0.99703230496868411     
   3.9996800000000166       -63.845956985172954       0.99703214256356920     
   3.9996700000000165       -63.845717697478214       0.99703198014868732     
   3.9996600000000164       -63.845478409822476       0.99703181772403848     
   3.9996500000000164       -63.845239122205719       0.99703165528962157     
   3.9996400000000163       -63.844999834627927       0.99703149284543657     
   3.9996300000000162       -63.844760547089152       0.99703133039148240     
   3.9996200000000162       -63.844521259589357       0.99703116792775781     
   3.9996100000000161       -63.844281972128535       0.99703100545426315     
   3.9996000000000160       -63.844042684706736       0.99703084297099676     
   3.9995900000000160       -63.843803397323931       0.99703068047795862     
   3.9995800000000159       -63.843564109980107       0.99703051797514763     
   3.9995700000000158       -63.843324822675292       0.99703035546256347     
   3.9995600000000158       -63.843085535409479       0.99703019294020490     
   3.9995500000000157       -63.842846248182688       0.99703003040807170     
   3.9995400000000156       -63.842606960994885       0.99702986786616299     
   3.9995300000000156       -63.842367673846105       0.99702970531447799     
   3.9995200000000155       -63.842128386736341       0.99702954275301581     
   3.9995100000000154       -63.841889099665586       0.99702938018177634     
   3.9995000000000154       -63.841649812633854       0.99702921760075880     
   3.9994900000000153       -63.841410525641130       0.99702905500996153     
   3.9994800000000152       -63.841171238687437       0.99702889240938486     
   3.9994700000000152       -63.840931951772795       0.99702872979902812     
   3.9994600000000151       -63.840692664897148       0.99702856717889021     
   3.9994500000000150       -63.840453378060538       0.99702840454897002     
   3.9994400000000150       -63.840214091262965       0.99702824190926764     
   3.9994300000000149       -63.839974804504429       0.99702807925978199     
   3.9994200000000149       -63.839735517784916       0.99702791660051204     
   3.9994100000000148       -63.839496231104455       0.99702775393145782     
   3.9994000000000147       -63.839256944463024       0.99702759125261797     
   3.9993900000000147       -63.839017657860659       0.99702742856399251     
   3.9993800000000146       -63.838778371297316       0.99702726586558033     
   3.9993700000000145       -63.838539084773039       0.99702710315738019     
   3.9993600000000145       -63.838299798287814       0.99702694043939255     
   3.9993500000000144       -63.838060511841640       0.99702677771161596     
   3.9993400000000143       -63.837821225434510       0.99702661497404954     
   3.9993300000000143       -63.837581939066446       0.99702645222669295     
   3.9993200000000142       -63.837342652737426       0.99702628946954552     
   3.9993100000000141       -63.837103366447508       0.99702612670260604     
   3.9993000000000141       -63.836864080196619       0.99702596392587495     
   3.9992900000000140       -63.836624793984811       0.99702580113935024     
   3.9992800000000139       -63.836385507812089       0.99702563834303171     
   3.9992700000000139       -63.836146221678405       0.99702547553691900     
   3.9992600000000138       -63.835906935583822       0.99702531272101125     
   3.9992500000000137       -63.835667649528311       0.99702514989530766     
   3.9992400000000137       -63.835428363511873       0.99702498705980702     
   3.9992300000000136       -63.835189077534523       0.99702482421450922     
   3.9992200000000135       -63.834949791596252       0.99702466135941359     
   3.9992100000000135       -63.834710505697061       0.99702449849451913     
   3.9992000000000134       -63.834471219836978       0.99702433561982540     
   3.9991900000000133       -63.834231934015968       0.99702417273533184     
   3.9991800000000133       -63.833992648234052       0.99702400984103734     
   3.9991700000000132       -63.833753362491251       0.99702384693694146     
   3.9991600000000131       -63.833514076787516       0.99702368402304309     
   3.9991500000000131       -63.833274791122918       0.99702352109934189     
   3.9991400000000130       -63.833035505497406       0.99702335816583743     
   3.9991300000000130       -63.832796219910996       0.99702319522252836     
   3.9991200000000129       -63.832556934363708       0.99702303226941424     
   3.9991100000000128       -63.832317648855508       0.99702286930649453     
   3.9991000000000128       -63.832078363386444       0.99702270633376811     
   3.9990900000000127       -63.831839077956467       0.99702254335123497     
   3.9990800000000126       -63.831599792565626       0.99702238035889357     
   3.9990700000000126       -63.831360507213894       0.99702221735674390     
   3.9990600000000125       -63.831121221901292       0.99702205434478508     
   3.9990500000000124       -63.830881936627804       0.99702189132301677     
   3.9990400000000124       -63.830642651393468       0.99702172829143720     
   3.9990300000000123       -63.830403366198247       0.99702156525004615     
   3.9990200000000122       -63.830164081042142       0.99702140219884339     
   3.9990100000000122       -63.829924795925173       0.99702123913782792     
   3.9990000000000121       -63.829685510847355       0.99702107606699941     
   3.9989900000000120       -63.829446225808674       0.99702091298635576     
   3.9989800000000120       -63.829206940809129       0.99702074989589751     
   3.9989700000000119       -63.828967655848714       0.99702058679562444     
   3.9989600000000118       -63.828728370927472       0.99702042368553467     
   3.9989500000000118       -63.828489086045352       0.99702026056562765     
   3.9989400000000117       -63.828249801202389       0.99702009743590292     
   3.9989300000000116       -63.828010516398585       0.99701993429635982     
   3.9989200000000116       -63.827771231633918       0.99701977114699802     
   3.9989100000000115       -63.827531946908429       0.99701960798781597     
   3.9989000000000114       -63.827292662222092       0.99701944481881399     
   3.9988900000000114       -63.827053377574920       0.99701928163999032     
   3.9988800000000113       -63.826814092966913       0.99701911845134494     
   3.9988700000000112       -63.826574808398078       0.99701895525287654     
   3.9988600000000112       -63.826335523868387       0.99701879204458577     
   3.9988500000000111       -63.826096239377875       0.99701862882647030     
   3.9988400000000111       -63.825856954926543       0.99701846559853002     
   3.9988300000000110       -63.825617670514411       0.99701830236076472     
   3.9988200000000109       -63.825378386141416       0.99701813911317283     
   3.9988100000000109       -63.825139101807622       0.99701797585575447     
   3.9988000000000108       -63.824899817513021       0.99701781258850841     
   3.9987900000000107       -63.824660533257578       0.99701764931143366     
   3.9987800000000107       -63.824421249041336       0.99701748602453055     
   3.9987700000000106       -63.824181964864295       0.99701732272779742     
   3.9987600000000105       -63.823942680726432       0.99701715942123403     
   3.9987500000000105       -63.823703396627778       0.99701699610483985     
   3.9987400000000104       -63.823464112568310       0.99701683277861353     
   3.9987300000000103       -63.823224828548035       0.99701666944255496     
   3.9987200000000103       -63.822985544566976       0.99701650609666270     
   3.9987100000000102       -63.822746260625117       0.99701634274093676     
   3.9987000000000101       -63.822506976722458       0.99701617937537634     
   3.9986900000000101       -63.822267692859015       0.99701601599998080     
   3.9986800000000100       -63.822028409034772       0.99701585261474879     
   3.9986700000000099       -63.821789125249758       0.99701568921968065     
   3.9986600000000099       -63.821549841503952       0.99701552581477448     
   3.9986500000000098       -63.821310557797361       0.99701536240003019     
   3.9986400000000097       -63.821071274130013       0.99701519897544733     
   3.9986300000000097       -63.820831990501858       0.99701503554102489     
   3.9986200000000096       -63.820592706912947       0.99701487209676198     
   3.9986100000000095       -63.820353423363251       0.99701470864265795     
   3.9986000000000095       -63.820114139852791       0.99701454517871257     
   3.9985900000000094       -63.819874856381581       0.99701438170492473     
   3.9985800000000093       -63.819635572949579       0.99701421822129399     
   3.9985700000000093       -63.819396289556813       0.99701405472781879     
   3.9985600000000092       -63.819157006203319       0.99701389122449957     
   3.9985500000000092       -63.818917722889047       0.99701372771133523     
   3.9985400000000091       -63.818678439614011       0.99701356418832443     
   3.9985300000000090       -63.818439156378226       0.99701340065546784     
   3.9985200000000090       -63.818199873181690       0.99701323711276302     
   3.9985100000000089       -63.817960590024427       0.99701307356021085     
