   4.0999999999999996       -66.282920417911740       0.99248740798685997     
   4.0989999999999993       -66.259101119642267       0.99245408723349593     
   4.0979999999999990       -66.235282623036198       0.99242060254438591     
   4.0969999999999986       -66.211464932039590       0.99238695295068668     
   4.0959999999999983       -66.187648050621846       0.99235313747438048     
   4.0949999999999980       -66.163831982775974       0.99231915512986146     
   4.0939999999999976       -66.140016732518731       0.99228500492385108     
   4.0929999999999973       -66.116202303890759       0.99225068585532605     
   4.0919999999999970       -66.092388700956874       0.99221619691542584     
   4.0909999999999966       -66.068575927806151       0.99218153708738699     
   4.0899999999999963       -66.044763988552219       0.99214670534643801     
   4.0889999999999960       -66.020952887333351       0.99211170065973719     
   4.0879999999999956       -65.997142628312702       0.99207652198626806     
   4.0869999999999953       -65.973333215678522       0.99204116827677336     
   4.0859999999999950       -65.949524653644417       0.99200563847364986     
   4.0849999999999946       -65.925716946449356       0.99196993151085844     
   4.0839999999999943       -65.901910098358044       0.99193404631385096     
   4.0829999999999940       -65.878104113661095       0.99189798179946409     
   4.0819999999999936       -65.854298996675212       0.99186173687582935     
   4.0809999999999933       -65.830494751743430       0.99182531044228872     
   4.0799999999999930       -65.806691383235247       0.99178870138928443     
   4.0789999999999926       -65.782888895546947       0.99175190859826856     
   4.0779999999999923       -65.759087293101771       0.99171493094161145     
   4.0769999999999920       -65.735286580350092       0.99167776728249768     
   4.0759999999999916       -65.711486761769692       0.99164041647481060     
   4.0749999999999913       -65.687687841866037       0.99160287736307018     
   4.0739999999999910       -65.663889825172362       0.99156514878228419     
   4.0729999999999906       -65.640092716249981       0.99152722955786921     
   4.0719999999999903       -65.616296519688547       0.99148911850553623     
   4.0709999999999900       -65.592501240106230       0.99145081443119387     
   4.0699999999999896       -65.568706882150025       0.99141231613081848     
   4.0689999999999893       -65.544913450495869       0.99137362239036442     
   4.0679999999999890       -65.521120949848964       0.99133473198563371     
   4.0669999999999886       -65.497329384944109       0.99129564368217749     
   4.0659999999999883       -65.473538760545765       0.99125635623516928     
   4.0649999999999880       -65.449749081448417       0.99121686838929446     
   4.0639999999999876       -65.425960352476807       0.99117717887862689     
   4.0629999999999873       -65.402172578486173       0.99113728642650722     
   4.0619999999999870       -65.378385764362591       0.99109718974543182     
   4.0609999999999866       -65.354599915023059       0.99105688753690524     
   4.0599999999999863       -65.330815035415952       0.99101637849133617     
   4.0589999999999860       -65.307031130521182       0.99097566128790759     
   4.0579999999999856       -65.283248205350503       0.99093473459443537     
   4.0569999999999853       -65.259466264947804       0.99089359706724400     
   4.0559999999999850       -65.235685314389258       0.99085224735102784     
   4.0549999999999846       -65.211905358783881       0.99081068407873418     
   4.0539999999999843       -65.188126403273458       0.99076890587139943     
   4.0529999999999839       -65.164348453033170       0.99072691133801849     
   4.0519999999999836       -65.140571513271595       0.99068469907541701     
   4.0509999999999833       -65.116795589231216       0.99064226766808960     
   4.0499999999999829       -65.093020686188623       0.99059961568806931     
   4.0489999999999826       -65.069246809454839       0.99055674169475283     
   4.0479999999999823       -65.045473964375574       0.99051364423480315     
   4.0469999999999819       -65.021702156331600       0.99047032184193651     
   4.0459999999999816       -64.997931390739055       0.99042677303680871     
   4.0449999999999813       -64.974161673049679       0.99038299632684323     
   4.0439999999999809       -64.950393008751234       0.99033899020606209     
   4.0429999999999806       -64.926625403367822       0.99029475315495319     
   4.0419999999999803       -64.902858862460135       0.99025028364027390     
   4.0409999999999799       -64.879093391625830       0.99020558011491033     
   4.0399999999999796       -64.855328996499850       0.99016064101768431     
   4.0389999999999793       -64.831565682754814       0.99011546477321177     
   4.0379999999999789       -64.807803456101311       0.99007004979169633     
   4.0369999999999786       -64.784042322288258       0.99002439446877410     
   4.0359999999999783       -64.760282287103195       0.98997849718532904     
   4.0349999999999779       -64.736523356372814       0.98993235630730025     
   4.0339999999999776       -64.712765535963129       0.98988597018551527     
   4.0329999999999773       -64.689008831779944       0.98983933715547845     
   4.0319999999999769       -64.665253249769123       0.98979245553720785     
   4.0309999999999766       -64.641498795917187       0.98974532363501933     
   4.0299999999999763       -64.617745476251415       0.98969793973734044     
   4.0289999999999759       -64.593993296840395       0.98965030211650484     
   4.0279999999999756       -64.570242263794370       0.98960240902853869     
   4.0269999999999753       -64.546492383265672       0.98955425871299474     
   4.0259999999999749       -64.522743661449041       0.98950584939269326     
   4.0249999999999746       -64.498996104582105       0.98945717927353616     
   4.0239999999999743       -64.475249718945690       0.98940824654428061     
   4.0229999999999739       -64.451504510864382       0.98935904937633523     
   4.0219999999999736       -64.427760486706831       0.98930958592352169     
   4.0209999999999733       -64.404017652886196       0.98925985432184171     
   4.0199999999999729       -64.380276015860588       0.98920985268927331     
   4.0189999999999726       -64.356535582133532       0.98915957912550445     
   4.0179999999999723       -64.332796358254370       0.98910903171172604     
   4.0169999999999719       -64.309058350818688       0.98905820851037307     
   4.0159999999999716       -64.285321566468852       0.98900710756487298     
   4.0149999999999713       -64.261586011894394       0.98895572689940803     
   4.0139999999999709       -64.237851693832496       0.98890406451867052     
   4.0129999999999706       -64.214118619068458       0.98885211840758569     
   4.0119999999999703       -64.190386794436165       0.98879988653106166     
   4.0109999999999699       -64.166656226818660       0.98874736683371101     
   4.0099999999999696       -64.142926923148494       0.98869455723960142     
   4.0089999999999693       -64.119198890408313       0.98864145565196504     
   4.0079999999999689       -64.095472135631297       0.98858805995293253     
   4.0069999999999686       -64.071746665901799       0.98853436800322492     
   4.0059999999999683       -64.048022488355699       0.98848037764189434     
   4.0049999999999679       -64.024299610181032       0.98842608668600784     
   4.0039999999999676       -64.000578038618485       0.98837149293037074     
   4.0029999999999673       -63.976857780961915       0.98831659414720796     
   4.0019999999999669       -63.953138844559000       0.98826138808585684     
   4.0009999999999666       -63.929421236811621       0.98820587247246838     
   3.9999999999999667       -63.905704965176547       0.98815004500966508     
   3.9989999999999668       -63.881990037165970       0.98809390337624048     
   3.9979999999999669       -63.858276460348094       0.98803744522681924     
   3.9969999999999670       -63.834564242347682       0.98798066819153130     
   3.9959999999999671       -63.810853390846702       0.98792356987564800     
   3.9949999999999672       -63.787143913584835       0.98786614785927196     
   3.9939999999999674       -63.763435818360222       0.98780839969695300     
   3.9929999999999675       -63.739729113029959       0.98775032291735565     
   3.9919999999999676       -63.716023805510780       0.98769191502287912     
   3.9909999999999677       -63.692319903779669       0.98763317348928681     
   3.9899999999999678       -63.668617415874543       0.98757409576535038     
   3.9889999999999679       -63.644916349894842       0.98751467927245018     
   3.9879999999999680       -63.621216714002273       0.98745492140418223     
   3.9869999999999681       -63.597518516421367       0.98739481952597530     
   3.9859999999999682       -63.573821765440279       0.98733437097468324     
   3.9849999999999683       -63.550126469411410       0.98727357305817198     
   3.9839999999999685       -63.526432636752126       0.98721242305491463     
   3.9829999999999686       -63.502740275945449       0.98715091821355916     
   3.9819999999999687       -63.479049395540841       0.98708905575249073     
   3.9809999999999688       -63.455360004154841       0.98702683285941095     
   3.9799999999999689       -63.431672110471894       0.98696424669087512     
   3.9789999999999690       -63.407985723245019       0.98690129437185548     
   3.9779999999999691       -63.384300851296672       0.98683797299525866     
   3.9769999999999692       -63.360617503519443       0.98677427962147946     
   3.9759999999999693       -63.336935688876864       0.98671021127789993     
   3.9749999999999694       -63.313255416404218       0.98664576495842826     
   3.9739999999999696       -63.289576695209327       0.98658093762298160     
   3.9729999999999697       -63.265899534473419       0.98651572619699135     
   3.9719999999999698       -63.242223943451911       0.98645012757089290     
   3.9709999999999699       -63.218549931475252       0.98638413859960716     
   3.9699999999999700       -63.194877507949855       0.98631775610199590     
   3.9689999999999701       -63.171206682358900       0.98625097686033414     
   3.9679999999999702       -63.147537464263188       0.98618379761976638     
   3.9669999999999703       -63.123869863302147       0.98611621508773839     
   3.9659999999999704       -63.100203889194674       0.98604822587132634     
   3.9649999999999705       -63.076539551740055       0.98597982672384576     
   3.9639999999999707       -63.052876860818934       0.98591101417526428     
   3.9629999999999708       -63.029215826394235       0.98584178477644213     
   3.9619999999999709       -63.005556458512160       0.98577213503758199     
   3.9609999999999710       -62.981898767303186       0.98570206142761807     
   3.9599999999999711       -62.958242762982970       0.98563156037358579     
   3.9589999999999712       -62.934588455853486       0.98556062825997370     
   3.9579999999999713       -62.910935856303993       0.98548926142806048     
   3.9569999999999714       -62.887284974812061       0.98541745617525900     
   3.9559999999999715       -62.863635821944690       0.98534520875442422     
   3.9549999999999716       -62.839988408359297       0.98527251537317506     
   3.9539999999999718       -62.816342744804899       0.98519937219317921     
   3.9529999999999719       -62.792698842123229       0.98512577532941481     
   3.9519999999999720       -62.769056711249753       0.98505172084950077     
   3.9509999999999721       -62.745416363214950       0.98497720477288409     
   3.9499999999999722       -62.721777809145387       0.98490222307011710     
   3.9489999999999723       -62.698141060264945       0.98482677166208044     
   3.9479999999999724       -62.674506127896002       0.98475084641920363     
   3.9469999999999725       -62.650873023460655       0.98467444316063990     
   3.9459999999999726       -62.627241758481972       0.98459755765348334     
   3.9449999999999728       -62.603612344585251       0.98452018561191779     
   3.9439999999999729       -62.579984793499278       0.98444232269637277     
   3.9429999999999730       -62.556359117057646       0.98436396451266150     
   3.9419999999999731       -62.532735327200072       0.98428510661113100     
   3.9409999999999732       -62.509113435973759       0.98420574448572828     
   3.9399999999999733       -62.485493455534723       0.98412587357311232     
   3.9389999999999734       -62.461875398149175       0.98404548925172686     
   3.9379999999999735       -62.438259276194998       0.98396458684084986     
   3.9369999999999736       -62.414645102163099       0.98388316159964362     
   3.9359999999999737       -62.391032888658899       0.98380120872615462     
   3.9349999999999739       -62.367422648403824       0.98371872335633814     
   3.9339999999999740       -62.343814394236787       0.98363570056303296     
   3.9329999999999741       -62.320208139115714       0.98355213535492314     
   3.9319999999999742       -62.296603896119116       0.98346802267548317     
   3.9309999999999743       -62.273001678447628       0.98338335740190974     
   3.9299999999999744       -62.249401499425666       0.98329813434402558     
   3.9289999999999745       -62.225803372503030       0.98321234824315884     
   3.9279999999999746       -62.202207311256522       0.98312599377101606     
   3.9269999999999747       -62.178613329391730       0.98303906552850495     
   3.9259999999999748       -62.155021440744633       0.98295155804459122     
   3.9249999999999750       -62.131431659283400       0.98286346577507011     
   3.9239999999999751       -62.107843999110194       0.98277478310133881     
   3.9229999999999752       -62.084258474462843       0.98268550432916546     
   3.9219999999999753       -62.060675099716846       0.98259562368740916     
   3.9209999999999754       -62.037093889387094       0.98250513532672823     
   3.9199999999999755       -62.013514858129824       0.98241403331826005     
   3.9189999999999756       -61.989938020744546       0.98232231165227757     
   3.9179999999999757       -61.966363392175971       0.98222996423682563     
   3.9169999999999758       -61.942790987516020       0.98213698489631396     
   3.9159999999999759       -61.919220822005869       0.98204336737009790     
   3.9149999999999761       -61.895652911037949       0.98194910531103441     
   3.9139999999999762       -61.872087270158090       0.98185419228400950     
   3.9129999999999763       -61.848523915067659       0.98175862176441731     
   3.9119999999999764       -61.824962861625657       0.98166238713664367     
   3.9109999999999765       -61.801404125851001       0.98156548169249380     
   3.9099999999999766       -61.777847723924729       0.98146789862960748     
   3.9089999999999767       -61.754293672192269       0.98136963104983155     
   3.9079999999999768       -61.730741987165786       0.98127067195757423     
   3.9069999999999769       -61.707192685526500       0.98117101425810160     
   3.9059999999999770       -61.683645784127130       0.98107065075585131     
   3.9049999999999772       -61.660101299994331       0.98096957415266151     
   3.9039999999999773       -61.636559250331118       0.98086777704598671     
   3.9029999999999774       -61.613019652519476       0.98076525192708830     
   3.9019999999999775       -61.589482524122893       0.98066199117919661     
   3.9009999999999776       -61.565947882888956       0.98055798707559172     
   3.8999999999999777       -61.542415746752056       0.98045323177771937     
   3.8989999999999778       -61.518886133836020       0.98034771733320392     
   3.8979999999999779       -61.495359062456963       0.98024143567386757     
   3.8969999999999780       -61.471834551126065       0.98013437861369834     
   3.8959999999999781       -61.448312618552329       0.98002653784675964     
   3.8949999999999783       -61.424793283645634       0.97991790494508813     
   3.8939999999999784       -61.401276565519595       0.97980847135655624     
   3.8929999999999785       -61.377762483494564       0.97969822840265819     
   3.8919999999999786       -61.354251057100747       0.97958716727630157     
   3.8909999999999787       -61.330742306081270       0.97947527903947817     
   3.8899999999999788       -61.307236250395363       0.97936255462102617     
   3.8889999999999789       -61.283732910221609       0.97924898481418221     
   3.8879999999999790       -61.260232305961161       0.97913456027422585     
   3.8869999999999791       -61.236734458241180       0.97901927151600532     
   3.8859999999999792       -61.213239387918144       0.97890310891144894     
   3.8849999999999794       -61.189747116081350       0.97878606268701474     
   3.8839999999999795       -61.166257664056452       0.97866812292108840     
   3.8829999999999796       -61.142771053408978       0.97854927954135140     
   3.8819999999999797       -61.119287305948085       0.97842952232206370     
   3.8809999999999798       -61.095806443730183       0.97830884088135173     
   3.8799999999999799       -61.072328489062748       0.97818722467839081     
   3.8789999999999800       -61.048853464508177       0.97806466301056594     
   3.8779999999999801       -61.025381392887709       0.97794114501056895     
   3.8769999999999802       -61.001912297285394       0.97781665964344444     
   3.8759999999999803       -60.978446201052179       0.97769119570356988     
   3.8749999999999805       -60.954983127809989       0.97756474181162323     
   3.8739999999999806       -60.931523101456001       0.97743728641141470     
   3.8729999999999807       -60.908066146166910       0.97730881776674028     
   3.8719999999999808       -60.884612286403197       0.97717932395813956     
   3.8709999999999809       -60.861161546913721       0.97704879287958335     
   3.8699999999999810       -60.837713952740117       0.97691721223512884     
   3.8689999999999811       -60.814269529221463       0.97678456953548654     
   3.8679999999999812       -60.790828301998921       0.97665085209454261     
   3.8669999999999813       -60.767390297020491       0.97651604702584027     
   3.8659999999999815       -60.743955540545933       0.97638014123893579     
   3.8649999999999816       -60.720524059151643       0.97624312143572178     
   3.8639999999999817       -60.697095879735677       0.97610497410671349     
   3.8629999999999818       -60.673671029522943       0.97596568552722773     
   3.8619999999999819       -60.650249536070305       0.97582524175351104     
   3.8609999999999820       -60.626831427272002       0.97568362861878233     
   3.8599999999999821       -60.603416731364973       0.97554083172921624     
   3.8589999999999822       -60.580005476934332       0.97539683645989361     
   3.8579999999999823       -60.556597692919070       0.97525162795059028     
   3.8569999999999824       -60.533193408617649       0.97510519110160654     
   3.8559999999999826       -60.509792653693850       0.97495751056939162     
   3.8549999999999827       -60.486395458182670       0.97480857076224581     
   3.8539999999999828       -60.463001852496312       0.97465835583580474     
   3.8529999999999829       -60.439611867430372       0.97450684968852086     
   3.8519999999999830       -60.416225534169975       0.97435403595708381     
   3.8509999999999831       -60.392842884296137       0.97419989801170315     
   3.8499999999999832       -60.369463949792269       0.97404441895137905     
   3.8489999999999833       -60.346088763050709       0.97388758159900457     
   3.8479999999999834       -60.322717356879373       0.97372936849650404     
   3.8469999999999835       -60.299349764508626       0.97356976189978106     
   3.8459999999999837       -60.275986019598172       0.97340874377363740     
   3.8449999999999838       -60.252626156244084       0.97324629578664534     
   3.8439999999999839       -60.229270208986023       0.97308239930580964     
   3.8429999999999840       -60.205918212814481       0.97291703539132601     
   3.8419999999999841       -60.182570203178258       0.97275018479109043     
   3.8409999999999842       -60.159226215992035       0.97258182793521841     
   3.8399999999999843       -60.135886287643991       0.97241194493044125     
   3.8389999999999844       -60.112550455003699       0.97224051555442914     
   3.8379999999999845       -60.089218755430089       0.97206751925003287     
   3.8369999999999846       -60.065891226779527       0.97189293511941621     
   3.8359999999999848       -60.042567907414089       0.97171674191813517     
   3.8349999999999849       -60.019248836209883       0.97153891804909476     
   3.8339999999999850       -59.995934052565708       0.97135944155641474     
   3.8329999999999851       -59.972623596411651       0.97117829011927392     
   3.8319999999999852       -59.949317508217916       0.97099544104556124     
   3.8309999999999853       -59.926015829003852       0.97081087126554333     
   3.8299999999999854       -59.902718600347079       0.97062455732536945     
   3.8289999999999855       -59.879425864392800       0.97043647538050815     
   3.8279999999999856       -59.856137663863208       0.97024660118914940     
   3.8269999999999857       -59.832854042067183       0.97005491010538270     
   3.8259999999999859       -59.809575042909948       0.96986137707252296     
   3.8249999999999860       -59.786300710903170       0.96966597661605081     
   3.8239999999999861       -59.763031091174916       0.96946868283671883     
   3.8229999999999862       -59.739766229480047       0.96926946940347669     
   3.8219999999999863       -59.716506172210607       0.96906830954627221     
   3.8209999999999864       -59.693250966406453       0.96886517604883149     
   3.8199999999999865       -59.670000659766096       0.96866004124135874     
   3.8189999999999866       -59.646755300657574       0.96845287699311566     
   3.8179999999999867       -59.623514938129723       0.96824365470492468     
   3.8169999999999868       -59.600279621923455       0.96803234530164384     
   3.8159999999999870       -59.577049402483219       0.96781891922455066     
   3.8149999999999871       -59.553824330968816       0.96760334642356816     
   3.8139999999999872       -59.530604459267188       0.96738559634957777     
   3.8129999999999873       -59.507389840004528       0.96716563794650989     
   3.8119999999999874       -59.484180526558553       0.96694343964347229     
   3.8109999999999875       -59.460976573070901       0.96671896934675949     
   3.8099999999999876       -59.437778034459846       0.96649219443183643     
   3.8089999999999877       -59.414584966433111       0.96626308173523345     
   3.8079999999999878       -59.391397425500834       0.96603159754642354     
   3.8069999999999879       -59.368215468988886       0.96579770759962591     
   3.8059999999999881       -59.345039155052291       0.96556137706552547     
   3.8049999999999882       -59.321868542688776       0.96532257054307158     
   3.8039999999999883       -59.298703691752642       0.96508125205111395     
   3.8029999999999884       -59.275544662968805       0.96483738502002947     
   3.8019999999999885       -59.252391517946975       0.96459093228343207     
