   4.0999999999999996       -66.553906900850009       0.95934100911593745     
   4.0989999999999993       -66.530884381623267       0.95920216615811327     
   4.0979999999999990       -66.507865201384249       0.95906275966261589     
   4.0969999999999986       -66.484849373692967       0.95892278668828534     
   4.0959999999999983       -66.461836912180530       0.95878224425999947     
   4.0949999999999980       -66.438827830549798       0.95864112938223889     
   4.0939999999999976       -66.415822142575664       0.95849943903898083     
   4.0929999999999973       -66.392819862105711       0.95835717019345112     
   4.0919999999999970       -66.369821003060650       0.95821431978799232     
   4.0909999999999966       -66.346825579434821       0.95807088474391111     
   4.0899999999999963       -66.323833605296741       0.95792686196126819     
   4.0889999999999960       -66.300845094789480       0.95778224831877490     
   4.0879999999999956       -66.277860062131367       0.95763704067350963     
   4.0869999999999953       -66.254878521616433       0.95749123586080442     
   4.0859999999999950       -66.231900487614880       0.95734483069407750     
   4.0849999999999946       -66.208925974573646       0.95719782196464809     
   4.0839999999999943       -66.185954997016964       0.95705020644149419     
   4.0829999999999940       -66.162987569546914       0.95690198087118361     
   4.0819999999999936       -66.140023706843863       0.95675314197754913     
   4.0809999999999933       -66.117063423667148       0.95660368646166072     
   4.0799999999999930       -66.094106734855458       0.95645361100149262     
   4.0789999999999926       -66.071153655327592       0.95630291225183195     
   4.0779999999999923       -66.048204200082907       0.95615158684403945     
   4.0769999999999920       -66.025258384201805       0.95599963138584831     
   4.0759999999999916       -66.002316222846474       0.95584704246121310     
   4.0749999999999913       -65.979377731261309       0.95569381663014707     
   4.0739999999999910       -65.956442924773597       0.95553995042841178     
   4.0729999999999906       -65.933511818794074       0.95538544036735074     
   4.0719999999999903       -65.910584428817444       0.95523028293381473     
   4.0709999999999900       -65.887660770423039       0.95507447458978756     
   4.0699999999999896       -65.864740859275486       0.95491801177224911     
   4.0689999999999893       -65.841824711125085       0.95476089089306937     
   4.0679999999999890       -65.818912341808655       0.95460310833861772     
   4.0669999999999886       -65.796003767250056       0.95444466046967225     
   4.0659999999999883       -65.773099003460700       0.95428554362124451     
   4.0649999999999880       -65.750198066540378       0.95412575410225775     
   4.0639999999999876       -65.727300972677725       0.95396528819540694     
   4.0629999999999873       -65.704407738150906       0.95380414215689335     
   4.0619999999999870       -65.681518379328324       0.95364231221625051     
   4.0609999999999866       -65.658632912669120       0.95347979457615561     
   4.0599999999999863       -65.635751354723851       0.95331658541215070     
   4.0589999999999860       -65.612873722135376       0.95315268087234417     
   4.0579999999999856       -65.590000031639136       0.95298807707742483     
   4.0569999999999853       -65.567130300064107       0.95282277012020644     
   4.0559999999999850       -65.544264544333330       0.95265675606552447     
   4.0549999999999846       -65.521402781464658       0.95249003094995655     
   4.0539999999999843       -65.498545028571456       0.95232259078153847     
   4.0529999999999839       -65.475691302863154       0.95215443153969714     
   4.0519999999999836       -65.452841621645973       0.95198554917492884     
   4.0509999999999833       -65.429996002323804       0.95181593960851174     
   4.0499999999999829       -65.407154462398751       0.95164559873223853     
   4.0489999999999826       -65.384317019471808       0.95147452240840857     
   4.0479999999999823       -65.361483691243649       0.95130270637650127     
   4.0469999999999819       -65.338654495515456       0.95113014662280371     
   4.0459999999999816       -65.315829450189341       0.95095683882781534     
   4.0449999999999813       -65.293008573269319       0.95078277873270878     
   4.0439999999999809       -65.270191882862022       0.95060796204778419     
   4.0429999999999806       -65.247379397177482       0.95043238445214229     
   4.0419999999999803       -65.224571134529612       0.95025604159367660     
   4.0409999999999799       -65.201767113337297       0.95007892908856817     
   4.0399999999999796       -65.178967352124985       0.94990104252105800     
   4.0389999999999793       -65.156171869523476       0.94972237744331156     
   4.0379999999999789       -65.133380684270705       0.94954292937510321     
   4.0369999999999786       -65.110593815212582       0.94936269380348293     
   4.0359999999999783       -65.087811281303615       0.94918166618261302     
   4.0349999999999779       -65.065033101607881       0.94899984193354536     
   4.0339999999999776       -65.042259295299772       0.94881721644373629     
   4.0329999999999773       -65.019489881664697       0.94863378506705676     
   4.0319999999999769       -64.996724880100061       0.94844954312329233     
   4.0309999999999766       -64.973964310116017       0.94826448589797863     
   4.0299999999999763       -64.951208191336192       0.94807860864216931     
   4.0289999999999759       -64.928456543498640       0.94789190657213529     
   4.0279999999999756       -64.905709386456707       0.94770437486893933     
   4.0269999999999753       -64.882966740179725       0.94751600867839392     
   4.0259999999999749       -64.860228624754058       0.94732680311060857     
   4.0249999999999746       -64.837495060383702       0.94713675323982816     
   4.0239999999999743       -64.814766067391488       0.94694585410399057     
   4.0229999999999739       -64.792041666219689       0.94675410070459465     
   4.0219999999999736       -64.769321877430883       0.94656148800644513     
   4.0209999999999733       -64.746606721709099       0.94636801093716150     
   4.0199999999999729       -64.723896219860464       0.94617366438703543     
   4.0189999999999726       -64.701190392814325       0.94597844320859326     
   4.0179999999999723       -64.678489261623724       0.94578234221676849     
   4.0169999999999719       -64.655792847466913       0.94558535618783701     
   4.0159999999999716       -64.633101171647795       0.94538747985977889     
   4.0149999999999713       -64.610414255597121       0.94518870793165111     
   4.0139999999999709       -64.587732120873227       0.94498903506344967     
   4.0129999999999706       -64.565054789163241       0.94478845587561444     
   4.0119999999999703       -64.542382282283725       0.94458696494891858     
   4.0109999999999699       -64.519714622181866       0.94438455682405975     
   4.0099999999999696       -64.497051830936300       0.94418122600144894     
   4.0089999999999693       -64.474393930758254       0.94397696694070321     
   4.0079999999999689       -64.451740943992220       0.94377177406057944     
   4.0069999999999686       -64.429092893117385       0.94356564173844648     
   4.0059999999999683       -64.406449800748092       0.94335856431023635     
   4.0049999999999679       -64.383811689635380       0.94315053606977040     
   4.0039999999999676       -64.361178582667648       0.94294155126870383     
   4.0029999999999673       -64.338550502871698       0.94273160411623380     
   4.0019999999999669       -64.315927473413851       0.94252068877861250     
   4.0009999999999666       -64.293309517601188       0.94230879937876855     
   3.9999999999999667       -64.270696658881889       0.94209592999648428     
   3.9989999999999668       -64.248088920847167       0.94188207466736262     
   3.9979999999999669       -64.225486327231835       0.94166722738288133     
   3.9969999999999670       -64.202888901915202       0.94145138209026502     
   3.9959999999999671       -64.180296668922551       0.94123453269184232     
   3.9949999999999672       -64.157709652426206       0.94101667304451431     
   3.9939999999999674       -64.135127876746097       0.94079779696016252     
   3.9929999999999675       -64.112551366351596       0.94057789820452520     
   3.9919999999999676       -64.089980145862029       0.94035697049732903     
   3.9909999999999677       -64.067414240048052       0.94013500751187118     
   3.9899999999999678       -64.044853673832705       0.93991200287464027     
   3.9889999999999679       -64.022298472292704       0.93968795016486217     
   3.9879999999999680       -63.999748660659101       0.93946284291457127     
   3.9869999999999681       -63.977204264319148       0.93923667460763649     
   3.9859999999999682       -63.954665308816836       0.93900943868000197     
   3.9849999999999683       -63.932131819854334       0.93878112851908124     
   3.9839999999999685       -63.909603823292990       0.93855173746353726     
   3.9829999999999686       -63.887081345154719       0.93832125880279926     
   3.9819999999999687       -63.864564411623157       0.93808968577668550     
   3.9809999999999688       -63.842053049044630       0.93785701157534362     
   3.9799999999999689       -63.819547283929602       0.93762322933862785     
   3.9789999999999690       -63.797047142953659       0.93738833215596673     
   3.9779999999999691       -63.774552652959038       0.93715231306575941     
   3.9769999999999692       -63.752063840955536       0.93691516505529060     
   3.9759999999999693       -63.729580734121868       0.93667688106030089     
   3.9749999999999694       -63.707103359807000       0.93643745396452005     
   3.9739999999999696       -63.684631745531291       0.93619687659948181     
   3.9729999999999697       -63.662165918987732       0.93595514174411598     
   3.9719999999999698       -63.639705908043197       0.93571224212452642     
   3.9709999999999699       -63.617251740739938       0.93546817041331398     
   3.9699999999999700       -63.594803445296570       0.93522291922959699     
   3.9689999999999701       -63.572361050109564       0.93497648113849985     
   3.9679999999999702       -63.549924583754468       0.93472884865075345     
   3.9669999999999703       -63.527494074987160       0.93448001422253713     
   3.9659999999999704       -63.505069552745368       0.93422997025489651     
   3.9649999999999705       -63.482651046149712       0.93397870909362946     
   3.9639999999999707       -63.460238584505298       0.93372622302876440     
   3.9629999999999708       -63.437832197302839       0.93347250429433604     
   3.9619999999999709       -63.415431914220207       0.93321754506796328     
   3.9609999999999710       -63.393037765123637       0.93296133747056142     
   3.9599999999999711       -63.370649780069130       0.93270387356599871     
   3.9589999999999712       -63.348267989303849       0.93244514536075529     
   3.9579999999999713       -63.325892423267575       0.93218514480348469     
   3.9569999999999714       -63.303523112593915       0.93192386378485104     
   3.9559999999999715       -63.281160088111868       0.93166129421989163     
   3.9549999999999716       -63.258803380847041       0.93139742771754186     
   3.9539999999999718       -63.236453022023341       0.93113225607393701     
   3.9529999999999719       -63.214109043064191       0.93086577094408052     
   3.9519999999999720       -63.191771475594003       0.93059796392319571     
   3.9509999999999721       -63.169440351439604       0.93032882654651206     
   3.9499999999999722       -63.147115702631723       0.93005835028878570     
   3.9489999999999723       -63.124797561406410       0.92978652656408733     
   3.9479999999999724       -63.102485960206508       0.92951334672553088     
   3.9469999999999725       -63.080180931683117       0.92923880206472587     
   3.9459999999999726       -63.057882508697105       0.92896288381171643     
   3.9449999999999728       -63.035590724320507       0.92868558313455729     
   3.9439999999999729       -63.013305611838142       0.92840689113895125     
   3.9429999999999730       -62.991027204749038       0.92812679886797633     
   3.9419999999999731       -62.968755536767873       0.92784529730189902     
   3.9409999999999732       -62.946490641826585       0.92756237735771629     
   3.9399999999999733       -62.924232554075900       0.92727802988889130     
   3.9389999999999734       -62.901981307886849       0.92699224568509042     
   3.9379999999999735       -62.879736937852144       0.92670501547192874     
   3.9369999999999736       -62.857499478788029       0.92641632991057865     
   3.9359999999999737       -62.835268965735537       0.92612617959754651     
   3.9349999999999739       -62.813045433962209       0.92583455506442780     
   3.9339999999999740       -62.790828918963591       0.92554144677757044     
   3.9329999999999741       -62.768619456464876       0.92524684513774036     
   3.9319999999999742       -62.746417082422326       0.92495074048013937     
   3.9309999999999743       -62.724221833024991       0.92465312307381098     
   3.9299999999999744       -62.702033744696315       0.92435398312151340     
   3.9289999999999745       -62.679852854095600       0.92405331075952135     
   3.9279999999999746       -62.657679198119773       0.92375109605725714     
   3.9269999999999747       -62.635512813904697       0.92344732901729099     
   3.9259999999999748       -62.613353738827314       0.92314199957467302     
   3.9249999999999750       -62.591202010506649       0.92283509759719662     
   3.9239999999999751       -62.569057666805733       0.92252661288496673     
   3.9229999999999752       -62.546920745833397       0.92221653516995739     
   3.9219999999999753       -62.524791285945476       0.92190485411627909     
   3.9209999999999754       -62.502669325746979       0.92159155931945691     
   3.9199999999999755       -62.480554904093154       0.92127664030670964     
   3.9189999999999756       -62.458448060091591       0.92096008653639883     
   3.9179999999999757       -62.436348833103622       0.92064188739813291     
   3.9169999999999758       -62.414257262746091       0.92032203221233033     
   3.9159999999999759       -62.392173388893056       0.92000051023020024     
   3.9149999999999761       -62.370097251677258       0.91967731063361569     
   3.9139999999999762       -62.348028891492000       0.91935242253488514     
   3.9129999999999763       -62.325968348992596       0.91902583497672719     
   3.9119999999999764       -62.303915665098302       0.91869753693197798     
   3.9109999999999765       -62.281870880993807       0.91836751730353605     
   3.9099999999999766       -62.259834038131025       0.91803576492431815     
   3.9089999999999767       -62.237805178230694       0.91770226855707560     
   3.9079999999999768       -62.215784343283985       0.91736701689440869     
   3.9069999999999769       -62.193771575554507       0.91702999855850120     
   3.9059999999999770       -62.171766917579518       0.91669120210131105     
   3.9049999999999772       -62.149770412172124       0.91635061600421963     
   3.9039999999999773       -62.127782102422465       0.91600822867826537     
   3.9029999999999774       -62.105802031700058       0.91566402846371409     
   3.9019999999999775       -62.083830243654617       0.91531800363066740     
   3.9009999999999776       -62.061866782218502       0.91497014237843199     
   3.8999999999999777       -62.039911691608104       0.91462043283580885     
   3.8989999999999778       -62.017965016325583       0.91426886306103861     
   3.8979999999999779       -61.996026801160554       0.91391542104180512     
   3.8969999999999780       -61.974097091191602       0.91356009469552202     
   3.8959999999999781       -61.952175931788410       0.91320287186891569     
   3.8949999999999783       -61.930263368612927       0.91284374033858429     
   3.8939999999999784       -61.908359447621514       0.91248268781070685     
   3.8929999999999785       -61.886464215066297       0.91211970192130343     
   3.8919999999999786       -61.864577717497028       0.91175477023639173     
   3.8909999999999787       -61.842700001762722       0.91138788025194428     
   3.8899999999999788       -61.820831115013299       0.91101901939425234     
   3.8889999999999789       -61.798971104701337       0.91064817501986273     
   3.8879999999999790       -61.777120018583545       0.91027533441597297     
   3.8869999999999791       -61.755277904722782       0.90990048480033148     
   3.8859999999999792       -61.733444811489399       0.90952361332173703     
   3.8849999999999794       -61.711620787563007       0.90914470706008366     
   3.8839999999999795       -61.689805881934035       0.90876375302683388     
   3.8829999999999796       -61.668000143905580       0.90838073816488552     
   3.8819999999999797       -61.646203623095033       0.90799564934905641     
   3.8809999999999798       -61.624416369435295       0.90760847338663719     
   3.8799999999999799       -61.602638433177070       0.90721919701717735     
   3.8789999999999800       -61.580869864889699       0.90682780691346621     
   3.8779999999999801       -61.559110715463483       0.90643428968127193     
   3.8769999999999802       -61.537361036110937       0.90603863186003875     
   3.8759999999999803       -61.515620878368367       0.90564081992327738     
   3.8749999999999805       -61.493890294097568       0.90524084027884799     
   3.8739999999999806       -61.472169335487195       0.90483867926966433     
   3.8729999999999807       -61.450458055054547       0.90443432317391359     
   3.8719999999999808       -61.428756505647023       0.90402775820550862     
   3.8709999999999809       -61.407064740443694       0.90361897051479045     
   3.8699999999999810       -61.385382812956635       0.90320794618899780     
   3.8689999999999811       -61.363710777032658       0.90279467125279778     
   3.8679999999999812       -61.342048686854838       0.90237913166871608     
   3.8669999999999813       -61.320396596943716       0.90196131333805474     
   3.8659999999999815       -61.298754562159019       0.90154120210122179     
   3.8649999999999816       -61.277122637701027       0.90111878373859300     
   3.8639999999999817       -61.255500879111977       0.90069404397106478     
   3.8629999999999818       -61.233889342277514       0.90026696846080112     
   3.8619999999999819       -61.212288083428128       0.89983754281196948     
   3.8609999999999820       -61.190697159140385       0.89940575257148170     
   3.8599999999999821       -61.169116626338614       0.89897158322972137     
   3.8589999999999822       -61.147546542295864       0.89853502022150022     
   3.8579999999999823       -61.125986964635430       0.89809604892677874     
   3.8569999999999824       -61.104437951332216       0.89765465467153638     
   3.8559999999999826       -61.082899560713869       0.89721082272873753     
   3.8549999999999827       -61.061371851462077       0.89676453831923730     
   3.8539999999999828       -61.039854882614044       0.89631578661251166     
   3.8529999999999829       -61.018348713563313       0.89586455252787445     
   3.8519999999999830       -60.996853404061120       0.89541082153055085     
   3.8509999999999831       -60.975369014217826       0.89495457844728621     
   3.8499999999999832       -60.953895604503664       0.89449580825309027     
   3.8489999999999833       -60.932433235749997       0.89403449587702088     
   3.8479999999999834       -60.910981969150470       0.89357062620326910     
   3.8469999999999835       -60.889541866262149       0.89310418407226155     
   3.8459999999999837       -60.868112989006150       0.89263515428219031     
   3.8449999999999838       -60.846695399669322       0.89216352158975576     
   3.8439999999999839       -60.825289160904426       0.89168927071196069     
   3.8429999999999840       -60.803894335731776       0.89121238632691080     
   3.8419999999999841       -60.782510987539851       0.89073285336784014     
   3.8409999999999842       -60.761139180086062       0.89025065586771535     
   3.8399999999999843       -60.739778977497600       0.88976577867756390     
   3.8389999999999844       -60.718430444272649       0.88927820633452492     
   3.8379999999999845       -60.697093645280802       0.88878792334418399     
   3.8369999999999846       -60.675768645763732       0.88829491418212270     
   3.8359999999999848       -60.654455511336245       0.88779916329515485     
   3.8349999999999849       -60.633154307986608       0.88730065510309719     
   3.8339999999999850       -60.611865102077317       0.88679937400046527     
   3.8329999999999851       -60.590587960345850       0.88629530427751713     
   3.8319999999999852       -60.569322949904858       0.88578843043698596     
   3.8309999999999853       -60.548070138242991       0.88527873673269575     
   3.8299999999999854       -60.526829593225280       0.88476620747416168     
   3.8289999999999855       -60.505601383093413       0.88425082695424007     
   3.8279999999999856       -60.484385576466302       0.88373257945066230     
   3.8269999999999857       -60.463182242340359       0.88321144922819084     
   3.8259999999999859       -60.441991450089773       0.88268742054027094     
   3.8249999999999860       -60.420813269466763       0.88216047767687089     
   3.8239999999999861       -60.399647770601725       0.88163060478869504     
   3.8229999999999862       -60.378495024003605       0.88109778614847079     
   3.8219999999999863       -60.357355100559552       0.88056200598493639     
   3.8209999999999864       -60.336228071535508       0.88002324852555136     
   3.8199999999999865       -60.315114008575804       0.87948149799891728     
   3.8189999999999866       -60.294012983703396       0.87893673863676336     
   3.8179999999999867       -60.272925069319214       0.87838895467660427     
   3.8169999999999868       -60.251850338202900       0.87783813036321978     
   3.8159999999999870       -60.230788863511982       0.87728424995155097     
   3.8149999999999871       -60.209740718781489       0.87672729770897240     
   3.8139999999999872       -60.188705977924108       0.87616725785977501     
   3.8129999999999873       -60.167684715229342       0.87560411481253031     
   3.8119999999999874       -60.146677005363564       0.87503785283346092     
   3.8109999999999875       -60.125682923369055       0.87446845626327241     
   3.8099999999999876       -60.104702544663581       0.87389590946719531     
   3.8089999999999877       -60.083735945039969       0.87332019683752327     
   3.8079999999999878       -60.062783200665265       0.87274130279616402     
   3.8069999999999879       -60.041844388079873       0.87215921179755496     
   3.8059999999999881       -60.020919584197038       0.87157390833107584     
   3.8049999999999882       -60.000008866301677       0.87098537692382694     
   3.8039999999999883       -59.979112312049672       0.87039360214342976     
   3.8029999999999884       -59.958229999466688       0.86979856867699101     
   3.8019999999999885       -59.937362006947247       0.86920026103620940     
