   3.7999999999999998       -63.962682221560463       0.98343458252158644     
   3.8009999999999997       -63.963080467126538       0.98337327240855998     
   3.8019999999999996       -63.963480186945574       0.98331167698389699     
   3.8029999999999995       -63.963881387880797       0.98324979439932580     
   3.8039999999999994       -63.964284076839398       0.98318762282143191     
   3.8049999999999993       -63.964688260772398       0.98312516040086173     
   3.8059999999999992       -63.965093946675559       0.98306240527172484     
   3.8069999999999991       -63.965501141589392       0.98299935555181317     
   3.8079999999999989       -63.965909852599893       0.98293600934199821     
   3.8089999999999988       -63.966320086838465       0.98287236472647754     
   3.8099999999999987       -63.966731851482791       0.98280841977227817     
   3.8109999999999986       -63.967145153757194       0.98274417252901891     
   3.8119999999999985       -63.967560000932551       0.98267962102909456     
   3.8129999999999984       -63.967976400327451       0.98261476328692476     
   3.8139999999999983       -63.968394359308093       0.98254959729919411     
   3.8149999999999982       -63.968813885288846       0.98248412104448646     
   3.8159999999999981       -63.969234985732868       0.98241833248289445     
   3.8169999999999980       -63.969657668152230       0.98235222955620038     
   3.8179999999999978       -63.970081940108678       0.98228581018723993     
   3.8189999999999977       -63.970507809213807       0.98221907227995742     
   3.8199999999999976       -63.970935283129812       0.98215201371902838     
   3.8209999999999975       -63.971364369569599       0.98208463236979260     
   3.8219999999999974       -63.971795076297688       0.98201692607768598     
   3.8229999999999973       -63.972227411130049       0.98194889266863949     
   3.8239999999999972       -63.972661381935531       0.98188052994784980     
   3.8249999999999971       -63.973096996635164       0.98181183570081743     
   3.8259999999999970       -63.973534263203810       0.98174280769179811     
   3.8269999999999968       -63.973973189669927       0.98167344366440312     
   3.8279999999999967       -63.974413784116066       0.98160374134123740     
   3.8289999999999966       -63.974856054679933       0.98153369842321680     
   3.8299999999999965       -63.975300009554275       0.98146331258987285     
   3.8309999999999964       -63.975745656987925       0.98139258149848974     
   3.8319999999999963       -63.976193005285865       0.98132150278444497     
   3.8329999999999962       -63.976642062810143       0.98125007406049536     
   3.8339999999999961       -63.977092837980138       0.98117829291668157     
   3.8349999999999960       -63.977545339273320       0.98110615691993852     
   3.8359999999999959       -63.977999575225731       0.98103366361394928     
   3.8369999999999957       -63.978455554432443       0.98096081051869211     
   3.8379999999999956       -63.978913285548231       0.98088759513034940     
   3.8389999999999955       -63.979372777288084       0.98081401492088938     
   3.8399999999999954       -63.979834038427946       0.98074006733761199     
   3.8409999999999953       -63.980297077805055       0.98066574980322796     
   3.8419999999999952       -63.980761904318754       0.98059105971506655     
   3.8429999999999951       -63.981228526931098       0.98051599444508586     
   3.8439999999999950       -63.981696954667214       0.98044055133951213     
   3.8449999999999949       -63.982167196616174       0.98036472771843786     
   3.8459999999999948       -63.982639261931688       0.98028852087535512     
   3.8469999999999946       -63.983113159832300       0.98021192807726309     
   3.8479999999999945       -63.983588899602623       0.98013494656372491     
   3.8489999999999944       -63.984066490593626       0.98005757354689627     
   3.8499999999999943       -63.984545942223143       0.97997980621133751     
   3.8509999999999942       -63.985027263977067       0.97990164171306071     
   3.8519999999999941       -63.985510465409632       0.97982307717966910     
   3.8529999999999940       -63.985995556144275       0.97974410970972003     
   3.8539999999999939       -63.986482545873997       0.97966473637268991     
   3.8549999999999938       -63.986971444362666       0.97958495420802338     
   3.8559999999999937       -63.987462261445145       0.97950475995622455     
   3.8569999999999935       -63.987955007028503       0.97942415112766079     
   3.8579999999999934       -63.988449691092335       0.97934312440789650     
   3.8589999999999933       -63.988946323689753       0.97926167671367237     
   3.8599999999999932       -63.989444914948102       0.97917980493000900     
   3.8609999999999931       -63.989945475069732       0.97909750590972433     
   3.8619999999999930       -63.990448014332586       0.97901477647310975     
   3.8629999999999929       -63.990952543091318       0.97893161340734591     
   3.8639999999999928       -63.991459071777768       0.97884801346622119     
   3.8649999999999927       -63.991967610902094       0.97876397336946519     
   3.8659999999999926       -63.992478171053172       0.97867948980252883     
   3.8669999999999924       -63.992990762899900       0.97859455941586793     
   3.8679999999999923       -63.993505397191583       0.97850917882472410     
   3.8689999999999922       -63.994022084759145       0.97842334460844438     
   3.8699999999999921       -63.994540836515831       0.97833705331000986     
   3.8709999999999920       -63.995061663457989       0.97825030143566760     
   3.8719999999999919       -63.995584576666204       0.97816308545422925     
   3.8729999999999918       -63.996109587306009       0.97807540179671337     
   3.8739999999999917       -63.996636706628770       0.97798724685575922     
   3.8749999999999916       -63.997165945972704       0.97789861698512903     
   3.8759999999999915       -63.997697316764032       0.97780950849888715     
   3.8769999999999913       -63.998230830517301       0.97771991767143351     
   3.8779999999999912       -63.998766498837078       0.97762984073625481     
   3.8789999999999911       -63.999304333418394       0.97753927388590223     
   3.8799999999999910       -63.999844346048071       0.97744821327101628     
   3.8809999999999909       -64.000386548605491       0.97735665500001823     
   3.8819999999999908       -64.000930953063872       0.97726459513815100     
   3.8829999999999907       -64.001477571490938       0.97717202970745165     
   3.8839999999999906       -64.002026416050171       0.97707895468557726     
   3.8849999999999905       -64.002577499002143       0.97698536600525188     
   3.8859999999999904       -64.003130832705253       0.97689125955373857     
   3.8869999999999902       -64.003686429616607       0.97679663117243931     
   3.8879999999999901       -64.004244302293884       0.97670147665552898     
   3.8889999999999900       -64.004804463395629       0.97660579175001316     
   3.8899999999999899       -64.005366925683020       0.97650957215445933     
   3.8909999999999898       -64.005931702020717       0.97641281351864218     
   3.8919999999999897       -64.006498805377973       0.97631551144279494     
   3.8929999999999896       -64.007068248830322       0.97621766147641187     
   3.8939999999999895       -64.007640045559938       0.97611925911842423     
   3.8949999999999894       -64.008214208857908       0.97602029981532967     
   3.8959999999999892       -64.008790752124483       0.97592077896133811     
   3.8969999999999891       -64.009369688871075       0.97582069189700515     
   3.8979999999999890       -64.009951032721162       0.97572003390878115     
   3.8989999999999889       -64.010534797411765       0.97561880022790237     
   3.8999999999999888       -64.011120996794716       0.97551698602966341     
   3.9009999999999887       -64.011709644837907       0.97541458643282120     
   3.9019999999999886       -64.012300755626995       0.97531159649815924     
   3.9029999999999885       -64.012894343366341       0.97520801122812062     
   3.9039999999999884       -64.013490422380642       0.97510382556578235     
   3.9049999999999883       -64.014089007116567       0.97499903439363766     
   3.9059999999999881       -64.014690112143697       0.97489363253322636     
   3.9069999999999880       -64.015293752156538       0.97478761474358677     
   3.9079999999999879       -64.015899941975704       0.97468097572065782     
   3.9089999999999878       -64.016508696549607       0.97457371009608373     
   3.9099999999999877       -64.017120030955809       0.97446581243642016     
   3.9109999999999876       -64.017733960402737       0.97435727724191346     
   3.9119999999999875       -64.018350500231307       0.97424809894552122     
   3.9129999999999874       -64.018969665916458       0.97413827191182867     
   3.9139999999999873       -64.019591473068672       0.97402779043615773     
   3.9149999999999872       -64.020215937436305       0.97391664874277739     
   3.9159999999999870       -64.020843074906097       0.97380484098485143     
   3.9169999999999869       -64.021472901506201       0.97369236124219694     
   3.9179999999999868       -64.022105433406949       0.97357920352090233     
   3.9189999999999867       -64.022740686923242       0.97346536175162424     
   3.9199999999999866       -64.023378678515982       0.97335082978867826     
   3.9209999999999865       -64.024019424794218       0.97323560140856491     
   3.9219999999999864       -64.024662942516784       0.97311967030877555     
   3.9229999999999863       -64.025309248594297       0.97300303010659761     
   3.9239999999999862       -64.025958360091224       0.97288567433752038     
   3.9249999999999861       -64.026610294227538       0.97276759645415589     
   3.9259999999999859       -64.027265068381013       0.97264878982467995     
   3.9269999999999858       -64.027922700089107       0.97252924773148541     
   3.9279999999999857       -64.028583207051184       0.97240896336962612     
   3.9289999999999856       -64.029246607130247       0.97228792984568058     
   3.9299999999999855       -64.029912918355677       0.97216614017563663     
   3.9309999999999854       -64.030582158924730       0.97204358728413032     
   3.9319999999999853       -64.031254347205362       0.97192026400211995     
   3.9329999999999852       -64.031929501738048       0.97179616306580063     
   3.9339999999999851       -64.032607641238314       0.97167127711478951     
   3.9349999999999850       -64.033288784598909       0.97154559869042467     
   3.9359999999999848       -64.033972950892263       0.97141912023413468     
   3.9369999999999847       -64.034660159372919       0.97129183408562614     
   3.9379999999999846       -64.035350429480019       0.97116373248108090     
   3.9389999999999845       -64.036043780839407       0.97103480755165572     
   3.9399999999999844       -64.036740233266869       0.97090505132099503     
   3.9409999999999843       -64.037439806770152       0.97077445570389775     
   3.9419999999999842       -64.038142521551819       0.97064301250417717     
   3.9429999999999841       -64.038848398011893       0.97051071341252726     
   3.9439999999999840       -64.039557456750586       0.97037755000476145     
   3.9449999999999839       -64.040269718570883       0.97024351373979434     
   3.9459999999999837       -64.040985204481800       0.97010859595692789     
   3.9469999999999836       -64.041703935701037       0.96997278787428931     
   3.9479999999999835       -64.042425933657540       0.96983608058663651     
   3.9489999999999834       -64.043151219995096       0.96969846506259338     
   3.9499999999999833       -64.043879816575085       0.96955993168524357     
   3.9509999999999832       -64.044611745479514       0.96942047206317972     
   3.9519999999999831       -64.045347029014209       0.96928007633171875     
   3.9529999999999830       -64.046085689711958       0.96913873493256963     
   3.9539999999999829       -64.046827750336135       0.96899643816918823     
   3.9549999999999828       -64.047573233883526       0.96885317620463596     
   3.9559999999999826       -64.048322163588011       0.96870893905873412     
   3.9569999999999825       -64.049074562923991       0.96856371660529728     
   3.9579999999999824       -64.049830455609964       0.96841749856936854     
   3.9589999999999823       -64.050589865611798       0.96827027452451286     
   3.9599999999999822       -64.051352817147034       0.96812203388948037     
   3.9609999999999821       -64.052119334687688       0.96797276592600001     
   3.9619999999999820       -64.052889442964968       0.96782245973480474     
   3.9629999999999819       -64.053663166972754       0.96767110425297853     
   3.9639999999999818       -64.054440531971224       0.96751868825096121     
   3.9649999999999817       -64.055221563491614       0.96736520032863871     
   3.9659999999999815       -64.056006287339571       0.96721062891263465     
   3.9669999999999814       -64.056794729599986       0.96705496225226184     
   3.9679999999999813       -64.057586916640744       0.96689818841647268     
   3.9689999999999812       -64.058382875117488       0.96674029528987582     
   3.9699999999999811       -64.059182631977748       0.96658127056929821     
   3.9709999999999810       -64.059986214465752       0.96642110175971452     
   3.9719999999999809       -64.060793650126968       0.96625977617038572     
   3.9729999999999808       -64.061604966812496       0.96609728091124969     
   3.9739999999999807       -64.062420192684613       0.96593360288807462     
   3.9749999999999805       -64.063239356220862       0.96576872879897879     
   3.9759999999999804       -64.064062486219797       0.96560264512953287     
   3.9769999999999803       -64.064889611805469       0.96543533814881000     
   3.9779999999999802       -64.065720762433315       0.96526679390436632     
   3.9789999999999801       -64.066555967894999       0.96509699821779071     
   3.9799999999999800       -64.067395258323899       0.96492593668015625     
   3.9809999999999799       -64.068238664201075       0.96475359464657784     
   3.9819999999999798       -64.069086216360574       0.96457995723151146     
   3.9829999999999797       -64.069937945995505       0.96440500930342543     
   3.9839999999999796       -64.070793884663630       0.96422873547967569     
   3.9849999999999794       -64.071654064293853       0.96405112012069749     
   3.9859999999999793       -64.072518517192123       0.96387214732458926     
   3.9869999999999792       -64.073387276048066       0.96369180092121332     
   3.9879999999999791       -64.074260373941030       0.96351006446651066     
   3.9889999999999790       -64.075137844347154       0.96332692123604124     
   3.9899999999999789       -64.076019721145812       0.96314235421900329     
   3.9909999999999788       -64.076906038626731       0.96295634611158931     
   3.9919999999999787       -64.077796831497039       0.96276887931039068     
   3.9929999999999786       -64.078692134888499       0.96257993590558455     
   3.9939999999999785       -64.079591984364697       0.96238949767407000     
   3.9949999999999783       -64.080496415929034       0.96219754607195795     
   3.9959999999999782       -64.081405466032237       0.96200406222723300     
   3.9969999999999781       -64.082319171580096       0.96180902693236658     
   3.9979999999999780       -64.083237569942071       0.96161242063599950     
   3.9989999999999779       -64.084160698959195       0.96141422343513339     
   3.9999999999999778       -64.085088596952929       0.96121441506657701     
   4.0009999999999781       -64.086021302732874       0.96101297489918824     
   4.0019999999999785       -64.086958855607634       0.96080988192308370     
   4.0029999999999788       -64.087901295391973       0.96060511474267918     
   4.0039999999999791       -64.088848662416837       0.96039865156639070     
   4.0049999999999795       -64.089800997539783       0.96019047019622672     
   4.0059999999999798       -64.090758342153663       0.95998054733097637     
   4.0069999999999801       -64.091720738196813       0.95976886127355654     
   4.0079999999999805       -64.092688228163979       0.95955538789204553     
   4.0089999999999808       -64.093660855116738       0.95934010326244124     
   4.0099999999999811       -64.094638662693711       0.95912298300230070     
   4.0109999999999815       -64.095621695122176       0.95890400225850125     
   4.0119999999999818       -64.096609997229507       0.95868313569511587     
   4.0129999999999821       -64.097603614454670       0.95846035748129366     
   4.0139999999999825       -64.098602592860161       0.95823564127825878     
   4.0149999999999828       -64.099606979144454       0.95800896022609516     
   4.0159999999999831       -64.100616820654622       0.95778028692987782     
   4.0169999999999835       -64.101632165398925       0.95754959344604595     
   4.0179999999999838       -64.102653062060739       0.95731685126694688     
   4.0189999999999841       -64.103679560011742       0.95708203130628344     
   4.0199999999999845       -64.104711709325926       0.95684510388352184     
   4.0209999999999848       -64.105749560794152       0.95660603870737637     
   4.0219999999999851       -64.106793165938967       0.95636480485922670     
   4.0229999999999855       -64.107842577029686       0.95612137077581494     
   4.0239999999999858       -64.108897847098106       0.95587570423119905     
   4.0249999999999861       -64.109959029954297       0.95562777231856133     
   4.0259999999999865       -64.111026180203538       0.95537754143039377     
   4.0269999999999868       -64.112099353262892       0.95512497723904277     
   4.0279999999999871       -64.113178605378849       0.95487004467591274     
   4.0289999999999875       -64.114263993645395       0.95461270791000441     
   4.0299999999999878       -64.115355576022196       0.95435293032579771     
   4.0309999999999881       -64.116453411353888       0.95409067450029006     
   4.0319999999999885       -64.117557559389482       0.95382590217901642     
   4.0329999999999888       -64.118668080802451       0.95355857425156909     
   4.0339999999999892       -64.119785037211827       0.95328865072544133     
   4.0349999999999895       -64.120908491203252       0.95301609069967208     
   4.0359999999999898       -64.122038506351132       0.95274085233702888     
   4.0369999999999902       -64.123175147241440       0.95246289283510721     
   4.0379999999999905       -64.124318479494818       0.95218216839670300     
   4.0389999999999908       -64.125468569791195       0.95189863419813303     
   4.0399999999999912       -64.126625485894365       0.95161224435737013     
   4.0409999999999915       -64.127789296677577       0.95132295097595854     
   4.0419999999999918       -64.128960072150420       0.95103070774045884     
   4.0429999999999922       -64.130137883485730       0.95073546451730329     
   4.0439999999999925       -64.131322803048448       0.95043717083882218     
   4.0449999999999928       -64.132514904423957       0.95013577499636614     
   4.0459999999999932       -64.133714262449189       0.94983122399799402     
   4.0469999999999935       -64.134920953242926       0.94952346352643202     
   4.0479999999999938       -64.136135054238679       0.94921243789338527     
   4.0489999999999942       -64.137356644217334       0.94889808999335512     
   4.0499999999999945       -64.138585803342238       0.94858036125418321     
   4.0509999999999948       -64.139822613194312       0.94825919158622518     
   4.0519999999999952       -64.141067156809456       0.94793451932876860     
   4.0529999999999955       -64.142319518716178       0.94760628119455570     
   4.0539999999999958       -64.143579784975358       0.94727441221126030     
   4.0549999999999962       -64.144848043221501       0.94693884566035325     
   4.0559999999999965       -64.146124382705096       0.94659951301305811     
   4.0569999999999968       -64.147408894335840       0.94625634386441992     
   4.0579999999999972       -64.148701670729793       0.94590926586172086     
   4.0589999999999975       -64.150002806255415       0.94555820463227047     
   4.0599999999999978       -64.151312397083473       0.94520308370565054     
   4.0609999999999982       -64.152630541237770       0.94484382443329851     
   4.0619999999999985       -64.153957338648539       0.94448034590315688     
   4.0629999999999988       -64.155292891207026       0.94411256485122974     
   4.0639999999999992       -64.156637302823242       0.94374039556731548     
   4.0649999999999995       -64.157990679485565       0.94336374857949146     
   4.0659999999999998       -64.159353129322071       0.94298253531750775     
   4.0670000000000002       -64.160724762665922       0.94259666099712469     
   4.0680000000000005       -64.162105692122267       0.94220602908548123     
   4.0690000000000008       -64.163496032638164       0.94181054005658249     
   4.0700000000000012       -64.164895901575491       0.94141009126372477     
   4.0710000000000015       -64.166305418787360       0.94100457680442240     
   4.0720000000000018       -64.167724706697399       0.94059388737831207     
   4.0730000000000022       -64.169153890382930       0.94017791013644636     
   4.0740000000000025       -64.170593097661026       0.93975652852308011     
   4.0750000000000028       -64.172042459179551       0.93932962210665671     
   4.0760000000000032       -64.173502108511741       0.93889706640204851     
   4.0770000000000035       -64.174972182255047       0.93845873268167057     
   4.0780000000000038       -64.176452820135125       0.93801448777533214     
   4.0790000000000042       -64.177944165114013       0.93756419385794454     
   4.0800000000000045       -64.179446363504397       0.93710770822368605     
   4.0810000000000048       -64.180959565088742       0.93664488163864679     
   4.0820000000000052       -64.182483923244746       0.93617556356901621     
   4.0830000000000055       -64.184019595076933       0.93569959388740875     
   4.0840000000000058       -64.185566741554808       0.93521680780491590     
   4.0850000000000062       -64.187125527658210       0.93472703428638193     
   4.0860000000000065       -64.188696122530970       0.93423009571976035     
   4.0870000000000068       -64.190278699641240       0.93372580756454049     
   4.0880000000000072       -64.191873436952051       0.93321397797369710     
   4.0890000000000075       -64.193480517100383       0.93269440738982345     
   4.0900000000000079       -64.195100127586230       0.93216688811196124     
   4.0910000000000082       -64.196732460973010       0.93163120383017739     
   4.0920000000000085       -64.198377715098175       0.93108712912700231     
   4.0930000000000089       -64.200036093298110       0.93053442731788782     
   4.0940000000000092       -64.201707804644542       0.92997285615020997     
   4.0950000000000095       -64.203393064196391       0.92940215804293302     
   4.0960000000000099       -64.205092093266444       0.92882206533126743     
   4.0970000000000102       -64.206805119705535       0.92823229809736763     
   4.0980000000000105       -64.208532378204183       0.92763256338107691     
