   3.7999999999999998       -64.091718829683472       0.96871472896010113     
   3.8009999999999997       -64.092470653710279       0.96860235202558653     
   3.8019999999999996       -64.093225177828813       0.96848942884202660     
   3.8029999999999995       -64.093982415156276       0.96837595569011103     
   3.8039999999999994       -64.094742378901458       0.96826192869846939     
   3.8049999999999993       -64.095505082365833       0.96814734395787116     
   3.8059999999999992       -64.096270538945078       0.96803219752012915     
   3.8069999999999991       -64.097038762129557       0.96791648539816899     
   3.8079999999999989       -64.097809765505417       0.96780020356524243     
   3.8089999999999988       -64.098583562755437       0.96768334795451338     
   3.8099999999999987       -64.099360167659995       0.96756591445859697     
   3.8109999999999986       -64.100139594097882       0.96744789892913374     
   3.8119999999999985       -64.100921856047876       0.96732929717578564     
   3.8129999999999984       -64.101706967589209       0.96721010496607229     
   3.8139999999999983       -64.102494942902638       0.96709031802475176     
   3.8149999999999982       -64.103285796271592       0.96696993203331461     
   3.8159999999999981       -64.104079542082999       0.96684894262945320     
   3.8169999999999980       -64.104876194828933       0.96672734540597516     
   3.8179999999999978       -64.105675769107037       0.96660513591086861     
   3.8189999999999977       -64.106478279621598       0.96648230964656001     
   3.8199999999999976       -64.107283741185370       0.96635886206872978     
   3.8209999999999975       -64.108092168719779       0.96623478858666634     
   3.8219999999999974       -64.108903577256882       0.96611008456151826     
   3.8229999999999973       -64.109717981939539       0.96598474530678702     
   3.8239999999999972       -64.110535398023401       0.96585876608700805     
   3.8249999999999971       -64.111355840878218       0.96573214211673974     
   3.8259999999999970       -64.112179325988066       0.96560486856071026     
   3.8269999999999968       -64.113005868953024       0.96547694053311461     
   3.8279999999999967       -64.113835485490995       0.96534835309579581     
   3.8289999999999966       -64.114668191438213       0.96521910125876287     
   3.8299999999999965       -64.115504002750356       0.96508917956064499     
   3.8309999999999964       -64.116342935504804       0.96495858372954313     
   3.8319999999999963       -64.117185005900879       0.96482730820712559     
   3.8329999999999962       -64.118030230261468       0.96469534778697563     
   3.8339999999999961       -64.118878625034739       0.96456269720639243     
   3.8349999999999960       -64.119730206795339       0.96442935114566186     
   3.8359999999999959       -64.120584992245256       0.96429530422777798     
   3.8369999999999957       -64.121442998215528       0.96416055101751663     
   3.8379999999999956       -64.122304241668161       0.96402508601968062     
   3.8389999999999955       -64.123168739696752       0.96388890367941704     
   3.8399999999999954       -64.124036509528054       0.96375199838107017     
   3.8409999999999953       -64.124907568524165       0.96361436444657367     
   3.8419999999999952       -64.125781934183181       0.96347599613551083     
   3.8429999999999951       -64.126659624140743       0.96333688764398850     
   3.8439999999999950       -64.127540656172627       0.96319703310285820     
   3.8449999999999949       -64.128425048194686       0.96305642657814605     
   3.8459999999999948       -64.129312818265703       0.96291506206914423     
   3.8469999999999946       -64.130203984588377       0.96277293350762194     
   3.8479999999999945       -64.131098565511252       0.96263003475695486     
   3.8489999999999944       -64.131996579529812       0.96248635961135898     
   3.8499999999999943       -64.132898045288925       0.96234190179408696     
   3.8509999999999942       -64.133802981584211       0.96219665495708817     
   3.8519999999999941       -64.134711407363227       0.96205061267995406     
   3.8529999999999940       -64.135623341728078       0.96190376846831571     
   3.8539999999999939       -64.136538803936674       0.96175611575303765     
   3.8549999999999938       -64.137457813404708       0.96160764788912478     
   3.8559999999999937       -64.138380389707379       0.96145835815447767     
   3.8569999999999935       -64.139306552581047       0.96130823974906543     
   3.8579999999999934       -64.140236321925471       0.96115728579322113     
   3.8589999999999933       -64.141169717805838       0.96100548932637830     
   3.8599999999999932       -64.142106760454169       0.96085284330651766     
   3.8609999999999931       -64.143047470271696       0.96069934060821405     
   3.8619999999999930       -64.143991867830565       0.96054497402179084     
   3.8629999999999929       -64.144939973876291       0.96038973625167934     
   3.8639999999999928       -64.145891809329385       0.96023361991524092     
   3.8649999999999927       -64.146847395287509       0.96007661754160178     
   3.8659999999999926       -64.147806753027908       0.95991872156983860     
   3.8669999999999924       -64.148769904009299       0.95975992434789037     
   3.8679999999999923       -64.149736869874090       0.95960021813098673     
   3.8689999999999922       -64.150707672450466       0.95943959508036247     
   3.8699999999999921       -64.151682333755190       0.95927804726130084     
   3.8709999999999920       -64.152660875995366       0.95911556664199560     
   3.8719999999999919       -64.153643321570883       0.95895214509205273     
   3.8729999999999918       -64.154629693077084       0.95878777438021479     
   3.8739999999999917       -64.155620013306603       0.95862244617390013     
   3.8749999999999916       -64.156614305252333       0.95845615203658896     
   3.8759999999999915       -64.157612592109970       0.95828888342615970     
   3.8769999999999913       -64.158614897279676       0.95812063169408868     
   3.8779999999999912       -64.159621244369930       0.95795138808242297     
   3.8789999999999911       -64.160631657199303       0.95778114372267853     
   3.8799999999999910       -64.161646159799261       0.95760988963405225     
   3.8809999999999909       -64.162664776416904       0.95743761672138861     
   3.8819999999999908       -64.163687531517738       0.95726431577325988     
   3.8829999999999907       -64.164714449788391       0.95708997746008750     
   3.8839999999999906       -64.165745556139711       0.95691459233183396     
   3.8849999999999905       -64.166780875709421       0.95673815081642477     
   3.8859999999999904       -64.167820433864932       0.95656064321742562     
   3.8869999999999902       -64.168864256206845       0.95638205971174506     
   3.8879999999999901       -64.169912368571005       0.95620239034822241     
   3.8889999999999900       -64.170964797033008       0.95602162504410015     
   3.8899999999999899       -64.172021567910079       0.95583975358393636     
   3.8909999999999898       -64.173082707764877       0.95565676561685142     
   3.8919999999999897       -64.174148243408553       0.95547265065412901     
   3.8929999999999896       -64.175218201904272       0.95528739806678209     
   3.8939999999999895       -64.176292610570712       0.95510099708280016     
   3.8949999999999894       -64.177371496984676       0.95491343678559248     
   3.8959999999999892       -64.178454888985300       0.95472470611050519     
   3.8969999999999891       -64.179542814677632       0.95453479384229656     
   3.8979999999999890       -64.180635302436130       0.95434368861257024     
   3.8989999999999889       -64.181732380908045       0.95415137889714374     
   3.8999999999999888       -64.182834079017482       0.95395785301306679     
   3.9009999999999887       -64.183940425969197       0.95376309849932106     
   3.9019999999999886       -64.185051451252249       0.95356710455642801     
   3.9029999999999885       -64.186167184644290       0.95336985841342081     
   3.9039999999999884       -64.187287656215517       0.95317134772265000     
   3.9049999999999883       -64.188412896332338       0.95297155996291616     
   3.9059999999999881       -64.189542935662303       0.95277048243552898     
   3.9069999999999880       -64.190677805177813       0.95256810226153921     
   3.9079999999999879       -64.191817536160457       0.95236440637832287     
   3.9089999999999878       -64.192962160205695       0.95215938153583224     
   3.9099999999999877       -64.194111709227371       0.95195301429306944     
   3.9109999999999876       -64.195266215461885       0.95174529101482053     
   3.9119999999999875       -64.196425711473779       0.95153619786703303     
   3.9129999999999874       -64.197590230159136       0.95132572081429279     
   3.9139999999999873       -64.198759804751461       0.95111384561510237     
   3.9149999999999872       -64.199934468826527       0.95090055781771332     
   3.9159999999999870       -64.201114256307250       0.95068584275631007     
   3.9169999999999869       -64.202299201468790       0.95046968554692290     
   3.9179999999999868       -64.203489338943669       0.95025207108306498     
   3.9189999999999867       -64.204684703727608       0.95003298403098080     
   3.9199999999999866       -64.205885331184646       0.94981240882540685     
   3.9209999999999865       -64.207091257052483       0.94959032966506418     
   3.9219999999999864       -64.208302517449084       0.94936673050710885     
   3.9229999999999863       -64.209519148876879       0.94914159506386209     
   3.9239999999999862       -64.210741188230543       0.94891490679561630     
   3.9249999999999861       -64.211968672801490       0.94868664890746646     
   3.9259999999999859       -64.213201640285035       0.94845680434270641     
   3.9269999999999858       -64.214440128786180       0.94822535577807809     
   3.9279999999999857       -64.215684176826144       0.94799228561800597     
   3.9289999999999856       -64.216933823349038       0.94775757598883592     
   3.9299999999999855       -64.218189107728222       0.94752120873326806     
   3.9309999999999854       -64.219450069773586       0.94728316540397117     
   3.9319999999999853       -64.220716749738330       0.94704342725739421     
   3.9329999999999852       -64.221989188325736       0.94680197524808241     
   3.9339999999999851       -64.223267426697191       0.94655879002111343     
   3.9349999999999850       -64.224551506478718       0.94631385190659145     
   3.9359999999999848       -64.225841469769520       0.94606714091146715     
   3.9369999999999847       -64.227137359149140       0.94581863671348376     
   3.9379999999999846       -64.228439217685320       0.94556831865362934     
   3.9389999999999845       -64.229747088942617       0.94531616572831434     
   3.9399999999999844       -64.231061016989997       0.94506215658244541     
   3.9409999999999843       -64.232381046410111       0.94480626950061242     
   3.9419999999999842       -64.233707222307473       0.94454848239945355     
   3.9429999999999841       -64.235039590317058       0.94428877281962686     
   3.9439999999999840       -64.236378196614268       0.94402711791619931     
   3.9449999999999839       -64.237723087923101       0.94376349445103724     
   3.9459999999999837       -64.239074311526451       0.94349787878278513     
   3.9469999999999836       -64.240431915275494       0.94323024602723515     
   3.9479999999999835       -64.241795947599684       0.94296057332934125     
   3.9489999999999834       -64.243166457516736       0.94268883498950107     
   3.9499999999999833       -64.244543494643466       0.94241500565776926     
   3.9509999999999832       -64.245927109205908       0.94213905953167743     
   3.9519999999999831       -64.247317352050487       0.94186097034512350     
   3.9529999999999830       -64.248714274655299       0.94158071135706967     
   3.9539999999999829       -64.250117929141382       0.94129825534007072     
   3.9549999999999828       -64.251528368284326       0.94101357456861845     
   3.9559999999999826       -64.252945645526481       0.94072664080649382     
   3.9569999999999825       -64.254369814989445       0.94043742529392471     
   3.9579999999999824       -64.255800931486391       0.94014589873479537     
   3.9589999999999823       -64.257239050534778       0.93985203128348793     
   3.9599999999999822       -64.258684228369759       0.93955579253050858     
   3.9609999999999821       -64.260136521958330       0.93925715148789324     
   3.9619999999999820       -64.261595989012690       0.93895607657441982     
   3.9629999999999819       -64.263062688004496       0.93865253560088391     
   3.9639999999999818       -64.264536678179752       0.93834649575364859     
   3.9649999999999817       -64.266018019573778       0.93803792357837834     
   3.9659999999999815       -64.267506773026938       0.93772678496283690     
   3.9669999999999814       -64.269003000199973       0.93741304511998591     
   3.9679999999999813       -64.270506763590646       0.93709666856939966     
   3.9689999999999812       -64.272018126550378       0.93677761911858648     
   3.9699999999999811       -64.273537153301433       0.93645585984373358     
   3.9709999999999810       -64.275063908954436       0.93613135306952888     
   3.9719999999999809       -64.276598459526824       0.93580406034825414     
   3.9729999999999808       -64.278140871961256       0.93547394243849336     
   3.9739999999999807       -64.279691214144520       0.93514095928283714     
   3.9749999999999805       -64.281249554927754       0.93480506998471036     
   3.9759999999999804       -64.282815964146323       0.93446623278429086     
   3.9769999999999803       -64.284390512640641       0.93412440503414518     
   3.9779999999999802       -64.285973272277943       0.93377954214407399     
   3.9789999999999801       -64.287564315973952       0.93343160160705774     
   3.9799999999999800       -64.289163717716050       0.93308053698339688     
   3.9809999999999799       -64.290771552585682       0.93272630180693861     
   3.9819999999999798       -64.292387896783737       0.93236884858414426     
   3.9829999999999797       -64.294012827654498       0.93200812876419958     
   3.9839999999999796       -64.295646423711176       0.93164409270659021     
   3.9849999999999794       -64.297288764662795       0.93127668964719668     
   3.9859999999999793       -64.298939931440600       0.93090586766425287     
   3.9869999999999792       -64.300600006226716       0.93053157364144379     
   3.9879999999999791       -64.302269072482446       0.93015375323079785     
   3.9889999999999790       -64.303947214978450       0.92977235081325127     
   3.9899999999999789       -64.305634519825347       0.92938730945783343     
   3.9909999999999788       -64.307331074505143       0.92899857087955040     
   3.9919999999999787       -64.309036967904532       0.92860607539470086     
   3.9929999999999786       -64.310752290348148       0.92820976187507986     
   3.9939999999999785       -64.312477133633763       0.92780956769993994     
   3.9949999999999783       -64.314211591068542       0.92740542870555387     
   3.9959999999999782       -64.315955757505904       0.92699727913337027     
   3.9969999999999781       -64.317709729384816       0.92658505157471815     
   3.9979999999999780       -64.319473604768831       0.92616867691472171     
   3.9989999999999779       -64.321247483387950       0.92574808427222421     
   3.9999999999999778       -64.323031466681442       0.92532320093720255     
   4.0009999999999781       -64.324825657841700       0.92489395100653893     
   4.0019999999999785       -64.326630161860535       0.92446026041607443     
   4.0029999999999788       -64.328445085576419       0.92402204935851240     
   4.0039999999999791       -64.330270537723450       0.92357923712770040     
   4.0049999999999795       -64.332106628982984       0.92313174083157623     
   4.0059999999999798       -64.333953472036299       0.92267947531023664     
   4.0069999999999801       -64.335811181619491       0.92222235305046529     
   4.0079999999999805       -64.337679874580715       0.92176028409511446     
   4.0089999999999808       -64.339559669939050       0.92129317594886417     
   4.0099999999999811       -64.341450688946395       0.92082093347884297     
   4.0109999999999815       -64.343353055151212       0.92034345881012192     
   4.0119999999999818       -64.345266894465340       0.91986065121579197     
   4.0129999999999821       -64.347192335232720       0.91937240700206602     
   4.0139999999999825       -64.349129508301786       0.91887861938635262     
   4.0149999999999828       -64.351078547100201       0.91837917836930549     
   4.0159999999999831       -64.353039587712971       0.91787397060027942     
   4.0169999999999835       -64.355012768964002       0.91736287777252568     
   4.0179999999999838       -64.356998232500473       0.91684578218916979     
   4.0189999999999841       -64.358996122882118       0.91632255821773578     
   4.0199999999999845       -64.361006587672804       0.91579307759728135     
   4.0209999999999848       -64.363029777537605       0.91525720791999798     
   4.0219999999999851       -64.365065846343185       0.91471481244462660     
   4.0229999999999855       -64.367114951263446       0.91416574989769828     
   4.0239999999999858       -64.369177252889813       0.91360987426384987     
   4.0249999999999861       -64.371252915346020       0.91304703456344505     
   4.0259999999999865       -64.373342106409979       0.91247707461545102     
   4.0269999999999868       -64.375444997639121       0.91189983278773179     
   4.0279999999999871       -64.377561764504165       0.91131514172943084     
   4.0289999999999875       -64.379692586528179       0.91072282808748284     
   4.0299999999999878       -64.381837647432462       0.91012271046538873     
   4.0309999999999881       -64.383997135290471       0.90951460587076960     
   4.0319999999999885       -64.386171242689301       0.90889831947916677     
   4.0329999999999888       -64.388360166899815       0.90827365070058830     
   4.0339999999999892       -64.390564110055635       0.90764039121778806     
   4.0349999999999895       -64.392783279341558       0.90699832456735408     
   4.0359999999999898       -64.395017887192409       0.90634722569176296     
   4.0369999999999902       -64.397268151503440       0.90568686045781233     
   4.0379999999999905       -64.399534295851524       0.90501698514174977     
   4.0389999999999908       -64.401816549730682       0.90433734587384818     
   4.0399999999999912       -64.404115148798596       0.90364767604411877     
   4.0409999999999915       -64.406430335140897       0.90294770340597841     
   4.0419999999999918       -64.408762357549193       0.90223713811179318     
   4.0429999999999922       -64.411111471817051       0.90151567926831289     
   4.0439999999999925       -64.413477941053969       0.90078301235342639     
   4.0449999999999928       -64.415862036019959       0.90003880834192118     
   4.0459999999999932       -64.418264035480874       0.89928272275898014     
   4.0469999999999935       -64.420684226587980       0.89851439266304889     
   4.0479999999999938       -64.423122905282639       0.89773344319163018     
   4.0489999999999942       -64.425580376728803       0.89693947523914674     
   4.0499999999999945       -64.428056955775304       0.89613207129587502     
   4.0509999999999948       -64.430552967452186       0.89531079225920507     
   4.0519999999999952       -64.433068747501778       0.89447517584684932     
   4.0529999999999955       -64.435604642950338       0.89362473485534577     
   4.0539999999999958       -64.438161012722432       0.89275895286455087     
   4.0549999999999962       -64.440738228303147       0.89187729126139337     
   4.0559999999999965       -64.443336674453576       0.89097917375228930     
   4.0569999999999968       -64.445956749982869       0.89006399225296606     
   4.0579999999999972       -64.448598868585933       0.88913110199928413     
   4.0589999999999975       -64.451263459751914       0.88817981589745365     
   4.0599999999999978       -64.453950969751872       0.88720941047948987     
   4.0609999999999982       -64.456661862714782       0.88621910837312978     
   4.0619999999999985       -64.459396621803535       0.88520808259851824     
   4.0629999999999988       -64.462155750499207       0.88417544704284656     
   4.0639999999999992       -64.464939774013729       0.88312026031810953     
   4.0649999999999995       -64.467749240839652       0.88204150600776110     
   4.0659999999999998       -64.470584724461673       0.88093809410634238     
   4.0670000000000002       -64.473446825247891       0.87980884801791637     
   4.0680000000000005       -64.476336172547732       0.87865250589976018     
   4.0690000000000008       -64.479253427025583       0.87746769494271015     
   4.0700000000000012       -64.482199283266468       0.87625292576890212     
   4.0710000000000015       -64.485174472695149       0.87500658679375942     
   4.0720000000000018       -64.488179766858579       0.87372690987695678     
   4.0730000000000022       -64.491215981132754       0.87241197014315064     
   4.0740000000000025       -64.494283978926163       0.87105964771014965     
   4.0750000000000028       -64.497384676471327       0.86966760602745941     
   4.0760000000000032       -64.500519048310139       0.86823326962420300     
   4.0770000000000035       -64.503688133613807       0.86675376621418854     
   4.0780000000000038       -64.506893043501364       0.86522590254374832     
   4.0790000000000042       -64.510134969575347       0.86364608531789500     
   4.0800000000000045       -64.513415193943715       0.86201027227267957     
   4.0810000000000048       -64.516735101081466       0.86031387649030633     
   4.0820000000000052       -64.520096191986852       0.85855165020930835     
   4.0830000000000055       -64.523500101240984       0.85671756450124248     
   4.0840000000000058       -64.526948617780690       0.85480462001171487     
   4.0850000000000062       -64.530443710495732       0.85280461804818142     
   4.0860000000000065       -64.533987560194134       0.85070785169912233     
   4.0870000000000068       -64.537582600130690       0.84850268649990490     
   4.0880000000000072       -64.541231568297491       0.84617497434710165     
   4.0890000000000075       -64.544937576266818       0.84370723422183591     
   4.0900000000000079       -64.548704202011450       0.84107742079648917     
   4.0910000000000082       -64.552535618649841       0.83825706709681747     
   4.0920000000000085       -64.556436779282336       0.83520831150706432     
   4.0930000000000089       -64.560413693945463       0.83187889857794717     
   4.0940000000000092       -64.564473867902933       0.82819308494272859     
   4.0950000000000095       -64.568627047424087       0.82403356023004448     
   4.0960000000000099       -64.572886624461802       0.81920009262102023     
   4.0970000000000102       -64.577272725586909       0.81329300694159057     
   4.0980000000000105       -64.581821174589990       0.80522514229988129     
