   3.7999999999999998       -64.937228254410854       0.88383706893021985     
   3.8009999999999997       -64.940005951224279       0.88341844396110503     
   3.8019999999999996       -64.942793598912033       0.88299734422129694     
   3.8029999999999995       -64.945591255861814       0.88257374609058725     
   3.8039999999999994       -64.948398981022379       0.88214762532653346     
   3.8049999999999993       -64.951216833911431       0.88171895733592354     
   3.8059999999999992       -64.954044874623690       0.88128771716769927     
   3.8069999999999991       -64.956883163839620       0.88085387950573779     
   3.8079999999999989       -64.959731762833457       0.88041741866223100     
   3.8089999999999988       -64.962590733482031       0.87997830856956527     
   3.8099999999999987       -64.965460138274750       0.87953652277219152     
   3.8109999999999986       -64.968340040321024       0.87909203441973949     
   3.8119999999999985       -64.971230503360374       0.87864481499859381     
   3.8129999999999984       -64.974131591771993       0.87819483930276465     
   3.8139999999999983       -64.977043370583289       0.87774207804425153     
   3.8149999999999982       -64.979965905481606       0.87728650270776753     
   3.8159999999999981       -64.982899262822485       0.87682808434078197     
   3.8169999999999980       -64.985843509641413       0.87636679354287261     
   3.8179999999999978       -64.988798713662689       0.87590260045749291     
   3.8189999999999977       -64.991764943311765       0.87543547476099104     
   3.8199999999999976       -64.994742267724334       0.87496538565402882     
   3.8209999999999975       -64.997730756759054       0.87449230184991344     
   3.8219999999999974       -65.000730481008318       0.87401619156484289     
   3.8229999999999973       -65.003741511810446       0.87353702250626331     
   3.8239999999999972       -65.006763921260372       0.87305476186257558     
   3.8249999999999971       -65.009797782223060       0.87256937629095865     
   3.8259999999999970       -65.012843168344887       0.87208083190607633     
   3.8269999999999968       -65.015900154067253       0.87158909426751663     
   3.8279999999999967       -65.018968814638257       0.87109412836783096     
   3.8289999999999966       -65.022049226128232       0.87059589861830400     
   3.8299999999999965       -65.025141465441081       0.87009436883696212     
   3.8309999999999964       -65.028245610329392       0.86958950223482445     
   3.8319999999999963       -65.031361739408396       0.86908126140103326     
   3.8329999999999962       -65.034489932170416       0.86856960828903829     
   3.8339999999999961       -65.037630268999408       0.86805450420179853     
   3.8349999999999960       -65.040782831187400       0.86753590839560246     
   3.8359999999999959       -65.043947700947740       0.86701378350960023     
   3.8369999999999957       -65.047124961433539       0.86648808749190731     
   3.8379999999999956       -65.050314696753034       0.86595877888323347     
   3.8389999999999955       -65.053516991986086       0.86542581549228581     
   3.8399999999999954       -65.056731933201519       0.86488915437739211     
   3.8409999999999953       -65.059959607475008       0.86434875182759585     
   3.8419999999999952       -65.063200102905995       0.86380456334515421     
   3.8429999999999951       -65.066453508637665       0.86325654362369031     
   3.8439999999999950       -65.069719914874980       0.86270464652957157     
   3.8449999999999949       -65.072999412903457       0.86214882508077106     
   3.8459999999999948       -65.076292095110176       0.86158903142447640     
   3.8469999999999946       -65.079598055003700       0.86102521681549904     
   3.8479999999999945       -65.082917387235170       0.86045733159253324     
   3.8489999999999944       -65.086250187618631       0.85988532515560845     
   3.8499999999999943       -65.089596553154848       0.85930914593952512     
   3.8509999999999942       -65.092956582052551       0.85872874139012056     
   3.8519999999999941       -65.096330373751201       0.85814405793743675     
   3.8529999999999940       -65.099718028947265       0.85755504096738921     
   3.8539999999999939       -65.103119649615039       0.85696163325035635     
   3.8549999999999938       -65.106535339034693       0.85636378099358901     
   3.8559999999999937       -65.109965201816308       0.85576142482662920     
   3.8569999999999935       -65.113409343927231       0.85515450567094398     
   3.8579999999999934       -65.116867872718444       0.85454296325367396     
   3.8589999999999933       -65.120340896954076       0.85392673607331770     
   3.8599999999999932       -65.123828526838025       0.85330576136645986     
   3.8609999999999931       -65.127330874045356       0.85267997507053261     
   3.8619999999999930       -65.130848051751684       0.85204931178664312     
   3.8629999999999929       -65.134380174664159       0.85141370474177513     
   3.8639999999999928       -65.137927359055240       0.85077308574707244     
   3.8649999999999927       -65.141489722793722       0.85012738515750597     
   3.8659999999999926       -65.145067385380671       0.84947653182766381     
   3.8669999999999924       -65.148660467983490       0.84882045306707798     
   3.8679999999999923       -65.152269093471887       0.84815907459386042     
   3.8689999999999922       -65.155893386456270       0.84749231882717313     
   3.8699999999999921       -65.159533473324558       0.84682011135286628     
   3.8709999999999920       -65.163189482284352       0.84614237126468428     
   3.8719999999999919       -65.166861543399875       0.84545901740921536     
   3.8729999999999918       -65.170549788637999       0.84476996677662886     
   3.8739999999999917       -65.174254351909283       0.84407513444418125     
   3.8749999999999916       -65.177975369112772       0.84337443351450725     
   3.8759999999999915       -65.181712978184535       0.84266777504964008     
   3.8769999999999913       -65.185467319142063       0.84195506800736408     
   3.8779999999999912       -65.189238534135754       0.84123621916935098     
   3.8789999999999911       -65.193026767499987       0.84051113306868552     
   3.8799999999999910       -65.196832165805063       0.83977971191491063     
   3.8809999999999909       -65.200654877910807       0.83904185551538557     
   3.8819999999999908       -65.204495055025674       0.83829745934483080     
   3.8829999999999907       -65.208352850761045       0.83754642169850546     
   3.8839999999999906       -65.212228421194311       0.83678863295528794     
   3.8849999999999905       -65.216121924931386       0.83602398244688347     
   3.8859999999999904       -65.220033523168382       0.83525235665288633     
   3.8869999999999902       -65.223963379761926       0.83447363909522121     
   3.8879999999999901       -65.227911661295877       0.83368771023200827     
   3.8889999999999900       -65.231878537155055       0.83289444734351947     
   3.8899999999999899       -65.235864179597939       0.83209372441543594     
   3.8909999999999898       -65.239868763835531       0.83128541201360029     
   3.8919999999999897       -65.243892468110943       0.83046937715441949     
   3.8929999999999896       -65.247935473781766       0.82964548110681513     
   3.8939999999999895       -65.251997965405920       0.82881358731603816     
   3.8949999999999894       -65.256080130834491       0.82797354941069334     
   3.8959999999999892       -65.260182161302851       0.82712521877659473     
   3.8969999999999891       -65.264304251527676       0.82626844249751308     
   3.8979999999999890       -65.268446599806822       0.82540306318112433     
   3.8989999999999889       -65.272609408127053       0.82452891877242640     
   3.8999999999999888       -65.276792882272119       0.82364584236154881     
   3.9009999999999887       -65.280997231935302       0.82275365995461491     
   3.9019999999999886       -65.285222670840767       0.82185219816158384     
   3.9029999999999885       -65.289469416864705       0.82094127239252523     
   3.9039999999999884       -65.293737692165777       0.82002069416190693     
   3.9049999999999883       -65.298027723320089       0.81909026898935300     
   3.9059999999999881       -65.302339741460841       0.81814979613368399     
   3.9069999999999880       -65.306673982426844       0.81719906830723443     
   3.9079999999999879       -65.311030686914805       0.81623787137822001     
   3.9089999999999878       -65.315410100640761       0.81526598182696519     
   3.9099999999999877       -65.319812474509050       0.81428317506561909     
   3.9109999999999876       -65.324238064785675       0.81328921243336572     
   3.9119999999999875       -65.328687133287644       0.81228384903720707     
   3.9129999999999874       -65.333159947572128       0.81126683134530631     
   3.9139999999999873       -65.337656781142300       0.81023789675523228     
   3.9149999999999872       -65.342177913658830       0.80919677313880900     
   3.9159999999999870       -65.346723631166299       0.80814317589225748     
   3.9169999999999869       -65.351294226325521       0.80707681696984379     
   3.9179999999999868       -65.355889998664125       0.80599739040715690     
   3.9189999999999867       -65.360511254836723       0.80490458075983906     
   3.9199999999999866       -65.365158308898813       0.80379806027286893     
   3.9209999999999865       -65.369831482597704       0.80267748582378873     
   3.9219999999999864       -65.374531105678230       0.80154250739691690     
   3.9229999999999863       -65.379257516206138       0.80039275392491060     
   3.9239999999999862       -65.384011060908932       0.79922784111360501     
   3.9249999999999861       -65.388792095538406       0.79804736843577206     
   3.9259999999999859       -65.393600985252775       0.79685091568479105     
   3.9269999999999858       -65.398438105022350       0.79563805149344669     
   3.9279999999999857       -65.403303840059323       0.79440831833757208     
   3.9289999999999856       -65.408198586278402       0.79316124027370627     
   3.9299999999999855       -65.413122750779465       0.79189631945239436     
   3.9309999999999854       -65.418076752365749       0.79061303188932264     
   3.9319999999999853       -65.423061022095851       0.78931083669162672     
   3.9329999999999852       -65.428076003873770       0.78798915878621389     
   3.9339999999999851       -65.433122155075353       0.78664739458948374     
   3.9349999999999850       -65.438199947219587       0.78528491733693118     
   3.9359999999999848       -65.443309866691123       0.78390106082212496     
   3.9369999999999847       -65.448452415510019       0.78249512606555005     
   3.9379999999999846       -65.453628112161056       0.78106637366276954     
   3.9389999999999845       -65.458837492484960       0.77961403181250388     
   3.9399999999999844       -65.464081110638887       0.77813727748239125     
   3.9409999999999843       -65.469359540130867       0.77663524009950768     
   3.9419999999999842       -65.474673374939300       0.77510700627788998     
   3.9429999999999841       -65.480023230722580       0.77355159979146870     
   3.9439999999999840       -65.485409746136483       0.77196798385703325     
   3.9449999999999839       -65.490833584255810       0.77035506516436580     
   3.9459999999999837       -65.496295434130019       0.76871166841522731     
   3.9469999999999836       -65.501796012478366       0.76703655127928838     
   3.9479999999999835       -65.507336065541097       0.76532837904557838     
   3.9489999999999834       -65.512916371109114       0.76358572280544068     
   3.9499999999999833       -65.518537740755008       0.76180706054356317     
   3.9509999999999832       -65.524201022287855       0.75999074501533714     
   3.9519999999999831       -65.529907102465543       0.75813501612699497     
   3.9529999999999830       -65.535656909997513       0.75623796272311505     
   3.9539999999999829       -65.541451418881820       0.75429752882627898     
   3.9549999999999828       -65.547291652121658       0.75231148539174175     
   3.9559999999999826       -65.553178685885044       0.75027740193214676     
   3.9569999999999825       -65.559113654168826       0.74819263949820913     
   3.9579999999999824       -65.565097754058897       0.74605431365485464     
   3.9589999999999823       -65.571132251678307       0.74385925306003975     
   3.9599999999999822       -65.577218488949512       0.74160397840083847     
   3.9609999999999821       -65.583357891315913       0.73928464427635454     
   3.9619999999999820       -65.589551976610707       0.73689698735579945     
   3.9629999999999819       -65.595802365288662       0.73443626028343889     
   3.9639999999999818       -65.602110792319422       0.73189715153507873     
   3.9649999999999817       -65.608479121092174       0.72927368742001020     
   3.9659999999999815       -65.614909359792861       0.72655911111545235     
   3.9669999999999814       -65.621403680855124       0.72374572835044615     
   3.9679999999999813       -65.627964444258453       0.72082473030826322     
   3.9689999999999812       -65.634594225718558       0.71778592758703186     
   3.9699999999999811       -65.641295851161999       0.71461746133230120     
   3.9709999999999810       -65.648072439419934       0.71130536128272537     
   3.9719999999999809       -65.654927455831867       0.70783301037873247     
   3.9729999999999808       -65.661864780626345       0.70418038450096399     
   3.9739999999999807       -65.668888797770762       0.70032296437167840     
   3.9749999999999805       -65.676004512886976       0.69623022244549337     
   3.9759999999999804       -65.683217713745094       0.69186333882133866     
   3.9769999999999803       -65.690535195386062       0.68717164063357805     
   3.9779999999999802       -65.697965087758575       0.68208689780529419     
   3.9789999999999801       -65.705517355080076       0.67651340857192854     
   3.9799999999999800       -65.713204603686066       0.67030954097307005     
   3.9809999999999799       -65.721043498295145       0.66324947051736760     
   3.9819999999999798       -65.729057548037062       0.65493049718145435     
   3.9829999999999797       -65.737283685436054       0.64448473528050787     
   3.9839999999999796       -65.745794520225900       0.62905252250799204     
   3.9849999999999794       -66.019355407739880        5.0368933690592144E-008
   3.9859999999999793       -66.038594064226530        5.8350782724166566E-009
   3.9869999999999792       -66.057841799402624        6.5241338257730297E-010
   3.9879999999999791       -66.077098596563445        6.9769597506782091E-011
   3.9889999999999790       -66.096364439022921        6.5282594145325374E-012
   3.9899999999999789       -66.115639310114730        1.0206650339720606E-013
   3.9909999999999788       -66.134923193190446        7.5872641502883198E-013
   3.9919999999999787       -66.154216071622670        9.1896860491639631E-013
   3.9929999999999786       -66.173517928801829        7.6368541120549105E-013
   3.9939999999999785       -66.192828748138638        6.8101080330507102E-013
   3.9949999999999783       -66.212148513062814        3.1182464018305228E-013
   3.9959999999999782       -66.231477207023985        2.3307282030297455E-013
   3.9969999999999781       -66.250814813491132        7.7715611723760958E-014
   3.9979999999999780       -66.270161315953928        3.6415315207705135E-014
   3.9989999999999779       -66.289516697920419        1.2316074086508402E-013
   3.9999999999999778       -66.308880942920254        2.2108241163702283E-013
   4.0009999999999781       -66.328254034501470        2.2396899150104824E-013
   4.0019999999999785       -66.347635956233304        1.5520917884259688E-013
   4.0029999999999788       -66.367026691704950        1.8570330458563453E-013
   4.0039999999999791       -66.386426224525664        9.1778436702346270E-014
   4.0049999999999795       -66.405834538325379        1.2012613126444194E-013
   4.0059999999999798       -66.425251616754096        2.1094237467877974E-013
   4.0069999999999801       -66.444677443482703        1.4351482964987858E-013
   4.0079999999999805       -66.464112002202029        1.7800575828156676E-013
   4.0089999999999808       -66.483555276624074        9.9031893796563963E-014
   4.0099999999999811       -66.503007250481460        4.5223084536398041E-014
   4.0109999999999815       -66.522467907527883        1.6727360237685691E-014
   4.0119999999999818       -66.541937231537162        4.8109664400423448E-014
   4.0129999999999821       -66.561415206304858        6.8019663975367920E-014
   4.0139999999999825       -66.580901815647024        6.3948846218409017E-014
   4.0149999999999828       -66.600397043401330        1.7178850934366588E-013
   4.0159999999999831       -66.619900873425848        7.9936057773011271E-014
   4.0169999999999835       -66.639413289600412        5.2920630840465797E-014
   4.0179999999999838       -66.658934275825928        3.0938214952887698E-014
   4.0189999999999841       -66.678463816024248        1.3396691163810223E-014
   4.0199999999999845       -66.698001894140162        3.5675166524621695E-014
   4.0209999999999848       -66.717548494138057        8.3488771451811772E-014
   4.0219999999999851       -66.737103600004801        2.2426505097428162E-014
   4.0229999999999855       -66.756667195748790        3.1382304162737760E-014
   4.0239999999999858       -66.776239265399852        1.8947806286936004E-014
   4.0249999999999861       -66.795819793009983        7.5125091332968922E-014
   4.0259999999999865       -66.815408762652140        5.5807210704491204E-014
   4.0269999999999868       -66.835006158422374        1.1464903100962451E-013
   4.0279999999999871       -66.854611964437368        1.4070226465416150E-013
   4.0289999999999875       -66.874226164836458        1.1945999744966684E-013
   4.0299999999999878       -66.893848743780666        1.2131036915737545E-013
   4.0309999999999881       -66.913479685453183        1.1272464443360756E-013
   4.0319999999999885       -66.933118974059695        1.2767564783189300E-013
   4.0329999999999888       -66.952766593827263        1.7615538657385818E-013
   4.0339999999999892       -66.972422529006394        1.4403293372803697E-013
   4.0349999999999895       -66.992086763868514        8.2970667373653370E-014
   4.0359999999999898       -67.011759282707445        3.8894813296034652E-013
   4.0369999999999902       -67.031440069840983        5.5636976507382008E-013
   4.0379999999999905       -67.051129109607558        5.2765199617018277E-013
   4.0389999999999908       -67.070826386369077        4.8664775912736025E-013
   4.0399999999999912       -67.090531884509588        4.5867013890680631E-013
   4.0409999999999915       -67.110245588435916        3.6156263168625930E-013
   4.0419999999999918       -67.129967482576816        3.3040237212844659E-013
   4.0429999999999922       -67.149697551384548        3.5282887722587475E-013
   4.0439999999999925       -67.169435779333639        2.8125649957170634E-013
   4.0449999999999928       -67.189182150921454        2.5091040356528538E-013
   4.0459999999999932       -67.208936650668164        2.9139653652994940E-013
   4.0469999999999935       -67.228699263116155        4.3283894986719435E-013
   4.0479999999999938       -67.248469972832368        4.1892415462522575E-013
   4.0489999999999942       -67.268248764405058        5.6058861256739568E-013
   4.0499999999999945       -67.288035622445861        5.3120470984898327E-013
   4.0509999999999948       -67.307830531589630        4.7658173703742556E-013
   4.0519999999999952       -67.327633476493801        4.7598961809095875E-013
   4.0529999999999955       -67.347444441839386        4.4416322471837094E-013
   4.0539999999999958       -67.367263412330175        3.7185069838111911E-013
   4.0549999999999962       -67.387090372692853        4.3343106881366111E-013
   4.0559999999999965       -67.406925307677668        5.9596771961878403E-013
   4.0569999999999968       -67.426768202058156        5.5659180967874511E-013
   4.0579999999999972       -67.446619040630623        5.5525954204919492E-013
   4.0589999999999975       -67.466477808214805        4.4386716524513758E-013
   4.0599999999999978       -67.486344489654115        3.7858605139717838E-013
   4.0609999999999982       -67.506219069814819        3.9398114400531387E-013
   4.0619999999999985       -67.526101533586768        4.4364512064021255E-013
   4.0629999999999988       -67.545991865883408        4.5963233219481481E-013
   4.0639999999999992       -67.565890051641091        4.3343106881366111E-013
   4.0649999999999995       -67.585796075819886        4.6414723916162381E-013
   4.0659999999999998       -67.605709923403722        4.5400720220338070E-013
   4.0670000000000002       -67.625631579399027        4.4061051103957044E-013
   4.0680000000000005       -67.645561028836795        3.9671969413272262E-013
   4.0690000000000008       -67.665498256771073        3.0279482624943438E-013
   4.0700000000000012       -67.685443248279554        2.5757174171303632E-013
   4.0710000000000015       -67.705395988463678        2.3166653780511598E-013
   4.0720000000000018       -67.725356462447678        2.7141252208669659E-013
   4.0730000000000022       -67.745324655381026        2.8658557008990709E-013
   4.0740000000000025       -67.765300552435463        3.1212069965628569E-013
   4.0750000000000028       -67.785284138807256        3.1034434281688544E-013
   4.0760000000000032       -67.805275399716180        2.7592742905350559E-013
   4.0770000000000035       -67.825274320404873        2.9842794901924208E-013
   4.0780000000000038       -67.845280886141268        3.3602750211988070E-013
   4.0790000000000042       -67.865295082216463        1.7748765420340837E-013
   4.0800000000000045       -67.885316893944832        1.7445304460276626E-013
   4.0810000000000048       -67.905346306664555        1.8792375063488484E-013
   4.0820000000000052       -67.925383305738436        1.8022620433081707E-013
   4.0830000000000055       -67.945427876552628        1.9998817416914486E-013
   4.0840000000000058       -67.965480004516905        1.7149244987043252E-013
   4.0850000000000062       -67.985539675065880        1.7896795156957523E-013
   4.0860000000000065       -68.005606873657015        1.7378691078799116E-013
   4.0870000000000068       -68.025681585772389        1.2427096388970918E-013
   4.0880000000000072       -68.045763796917427        9.0594198809412774E-014
   4.0890000000000075       -68.065853492621528        4.1522341120980855E-014
   4.0900000000000079       -68.085950658438975        2.1331085046464673E-013
   4.0910000000000082       -68.106055279946958        1.8355687340469254E-013
   4.0920000000000085       -68.126167342746768        1.6638542395715680E-013
   4.0930000000000089       -68.146286832463886        2.3632947450854164E-013
   4.0940000000000092       -68.166413734748346        1.3803772939506112E-013
   4.0950000000000095       -68.186548035273574        1.6771769158670699E-013
   4.0960000000000099       -68.206689719736573        1.7689553525694160E-013
   4.0970000000000102       -68.226838773859640        1.5661546134045542E-013
   4.0980000000000105       -68.246995183387810        3.0420110874729289E-013
