   4.0999999999999996       -68.287330011762307       0.84061401785390055     
   4.0989999999999993       -68.267158934090489       0.84030902295034571     
   4.0979999999999990       -68.246995183387583       0.84000343679260281     
   4.0969999999999986       -68.226838773859441       0.83969725834779718     
   4.0959999999999983       -68.206689719736261       0.83939048632888458     
   4.0949999999999980       -68.186548035273319       0.83908311987527195     
   4.0939999999999976       -68.166413734748090       0.83877515798626645     
   4.0929999999999973       -68.146286832463659       0.83846659966068338     
   4.0919999999999970       -68.126167342746470       0.83815744389807600     
   4.0909999999999966       -68.106055279946659       0.83784768969858225     
   4.0899999999999963       -68.085950658438676       0.83753733606259118     
   4.0889999999999960       -68.065853492621301       0.83722638199072297     
   4.0879999999999956       -68.045763796917171       0.83691482648412430     
   4.0869999999999953       -68.025681585772190       0.83660266854500032     
   4.0859999999999950       -68.005606873656774       0.83628990717556728     
   4.0849999999999946       -67.985539675065638       0.83597654137853172     
   4.0839999999999943       -67.965480004516721       0.83566257015743173     
   4.0829999999999940       -67.945427876552401       0.83534799251618608     
   4.0819999999999936       -67.925383305738137       0.83503280745974828     
   4.0809999999999933       -67.905346306664327       0.83471701399328746     
   4.0799999999999930       -67.885316893944648       0.83440061112277586     
   4.0789999999999926       -67.865295082216235       0.83408359785515296     
   4.0779999999999923       -67.845280886141026       0.83376597319750723     
   4.0769999999999920       -67.825274320404631       0.83344773615784951     
   4.0759999999999916       -67.805275399715939       0.83312888574512345     
   4.0749999999999913       -67.785284138807100       0.83280942096956290     
   4.0739999999999910       -67.765300552435235       0.83248934084126980     
   4.0729999999999906       -67.745324655380685       0.83216864437168026     
   4.0719999999999903       -67.725356462447493       0.83184733057302918     
   4.0709999999999900       -67.705395988463422       0.83152539845846707     
   4.0699999999999896       -67.685443248279327       0.83120284704238534     
   4.0689999999999893       -67.665498256770775       0.83087967533955676     
   4.0679999999999890       -67.645561028836539       0.83055588236594857     
   4.0669999999999886       -67.625631579398785       0.83023146713858420     
   4.0659999999999883       -67.605709923403396       0.82990642867565156     
   4.0649999999999880       -67.585796075819687       0.82958076599628006     
   4.0639999999999876       -67.565890051640821       0.82925447812052655     
   4.0629999999999873       -67.545991865883110       0.82892756406979362     
   4.0619999999999870       -67.526101533586555       0.82860002286657697     
   4.0609999999999866       -67.506219069814577       0.82827185353443411     
   4.0599999999999863       -67.486344489653874       0.82794305509829191     
   4.0589999999999860       -67.466477808214577       0.82761362658434179     
   4.0579999999999856       -67.446619040630381       0.82728356701978323     
   4.0569999999999853       -67.426768202057943       0.82695287543332530     
   4.0559999999999850       -67.406925307677440       0.82662155085497491     
   4.0549999999999846       -67.387090372692597       0.82628959231582266     
   4.0539999999999843       -67.367263412329947       0.82595699884869045     
   4.0529999999999839       -67.347444441839144       0.82562376948780580     
   4.0519999999999836       -67.327633476493588       0.82528990326840423     
   4.0509999999999833       -67.307830531589360       0.82495539908223403     
   4.0499999999999829       -67.288035622445634       0.82462025625600255     
   4.0489999999999826       -67.268248764404902       0.82428447368675462     
   4.0479999999999823       -67.248469972832112       0.82394805041624863     
   4.0469999999999819       -67.228699263115843       0.82361098548754086     
   4.0459999999999816       -67.208936650667980       0.82327327794509941     
   4.0449999999999813       -67.189182150921241       0.82293492683621272     
   4.0439999999999809       -67.169435779333412       0.82259593120858021     
   4.0429999999999806       -67.149697551384321       0.82225629011218315     
   4.0419999999999803       -67.129967482576518       0.82191600259855491     
   4.0409999999999799       -67.110245588435689       0.82157506772098010     
   4.0399999999999796       -67.090531884509360       0.82123348453495204     
   4.0389999999999793       -67.070826386368907       0.82089125209725167     
   4.0379999999999789       -67.051129109607345       0.82054836946695042     
   4.0369999999999786       -67.031440069840741       0.82020483570485769     
   4.0359999999999783       -67.011759282707246       0.81986064987394747     
   4.0349999999999779       -66.992086763868230       0.81951581103866877     
   4.0339999999999776       -66.972422529006195       0.81917031826639919     
   4.0329999999999773       -66.952766593827008       0.81882417062585189     
   4.0319999999999769       -66.933118974059482       0.81847736718750319     
   4.0309999999999766       -66.913479685452899       0.81812990702503630     
   4.0299999999999763       -66.893848743780453       0.81778178921323230     
   4.0289999999999759       -66.874226164836216       0.81743301282998315     
   4.0279999999999756       -66.854611964437169       0.81708357695470368     
   4.0269999999999753       -66.835006158422118       0.81673348066938878     
   4.0259999999999749       -66.815408762651870       0.81638272305820347     
   4.0249999999999746       -66.795819793009755       0.81603130320747141     
   4.0239999999999743       -66.776239265399582       0.81567922020655814     
   4.0229999999999739       -66.756667195748548       0.81532647314639395     
   4.0219999999999736       -66.737103600004545       0.81497306112105494     
   4.0209999999999733       -66.717548494137773       0.81461898322655690     
   4.0199999999999729       -66.698001894139935       0.81426423856177166     
   4.0189999999999726       -66.678463816024077       0.81390882622810057     
   4.0179999999999723       -66.658934275825658       0.81355274532900312     
   4.0169999999999719       -66.639413289600171       0.81319599497158190     
   4.0159999999999716       -66.619900873425635       0.81283857426484063     
   4.0149999999999713       -66.600397043401117       0.81248048232064829     
   4.0139999999999709       -66.580901815646826       0.81212171825373580     
   4.0129999999999706       -66.561415206304645       0.81176228118135463     
   4.0119999999999703       -66.541937231536934       0.81140217036967321     
   4.0109999999999699       -66.522467907527655       0.81104138465284104     
   4.0099999999999696       -66.503007250481232       0.81067992330018201     
   4.0089999999999693       -66.483555276623875       0.81031778544044564     
   4.0079999999999689       -66.464112002201816       0.80995497020567353     
   4.0069999999999686       -66.444677443482533       0.80959147673080356     
   4.0059999999999683       -66.425251616753854       0.80922730415396460     
   4.0049999999999679       -66.405834538325152       0.80886245161583858     
   4.0039999999999676       -66.386426224525422       0.80849691826097958     
   4.0029999999999673       -66.367026691704780       0.80813070323657499     
   4.0019999999999669       -66.347635956233106       0.80776380569345363     
   4.0009999999999666       -66.328254034501228       0.80739622478537487     
   3.9999999999999667       -66.308880942919942       0.80702795966966712     
   3.9989999999999668       -66.289516697920249       0.80665900950670955     
   3.9979999999999669       -66.270161315953700       0.80628937346035856     
   3.9969999999999670       -66.250814813490976       0.80591905069814496     
   3.9959999999999671       -66.231477207023829       0.80554804039055883     
   3.9949999999999672       -66.212148513062630       0.80517634171217500     
   3.9939999999999674       -66.192828748138410       0.80480395384079351     
   3.9929999999999675       -66.173517928801658       0.80443087595783169     
   3.9919999999999676       -66.154216071622400       0.80405710724850510     
   3.9909999999999677       -66.134923193190119       0.80368264690146052     
   3.9899999999999678       -66.115639310114389       0.80330749410895264     
   3.9889999999999679       -66.096364439022679       0.80293164806780393     
   3.9879999999999680       -66.077098596563204       0.80255510797762097     
   3.9869999999999681       -66.057841799402411       0.80217787304252852     
   3.9859999999999682       -66.038594064226359       0.80179994247021147     
   3.9849999999999683       -66.019355407739695       0.80142131547254614     
   3.9839999999999685       -66.000125846665583       0.80104199126551157     
   3.9829999999999686       -65.980905397747080       0.80066196906850162     
   3.9819999999999687       -65.961694077744440       0.80028124810587442     
   3.9809999999999688       -65.942491903438267       0.79989982760510514     
   3.9799999999999689       -65.923298891626217       0.79951770679864431     
   3.9789999999999690       -65.904115059125004       0.79913488477849748     
   3.9779999999999691       -65.884940422769091       0.79875136107103095     
   3.9769999999999692       -65.865774999411713       0.79836713477958998     
   3.9759999999999693       -65.846618805923654       0.79798220515364504     
   3.9749999999999694       -65.827471859194517       0.79759657144645446     
   3.9739999999999696       -65.808334176130629       0.79721023291651372     
   3.9729999999999697       -65.789205773656064       0.79682318882669467     
   3.9719999999999698       -65.770086668714384       0.79643543844343234     
   3.9709999999999699       -65.750976878264538       0.79604698103882499     
   3.9699999999999700       -65.731876419283694       0.79565781588933204     
   3.9689999999999701       -65.712785308766513       0.79526794227592712     
   3.9679999999999702       -65.693703563724782       0.79487735948425264     
   3.9669999999999703       -65.674631201187097       0.79448606680500100     
   3.9659999999999704       -65.655568238199550       0.79409406353332879     
   3.9649999999999705       -65.636514691824587       0.79370134896957190     
   3.9639999999999707       -65.617470579141639       0.79330792241878567     
   3.9629999999999708       -65.598435917246817       0.79291378319100059     
   3.9619999999999709       -65.579410723252266       0.79251893060153755     
   3.9609999999999710       -65.560395014286755       0.79212336397067806     
   3.9599999999999711       -65.541388807495679       0.79172708262345015     
   3.9589999999999712       -65.522392120040578       0.79133008589009968     
   3.9579999999999713       -65.503404969098057       0.79093237310670927     
   3.9569999999999714       -65.484427371861344       0.79053394361408424     
   3.9559999999999715       -65.465459345539827       0.79013479675825427     
   3.9549999999999716       -65.446500907357319       0.78973493189108657     
   3.9539999999999718       -65.427552074554512       0.78933434836923588     
   3.9529999999999719       -65.408612864386129       0.78893304555553512     
   3.9519999999999720       -65.389683294123060       0.78853102281764276     
   3.9509999999999721       -65.370763381050907       0.78812827952923259     
   3.9499999999999722       -65.351853142470361       0.78772481521213722     
   3.9489999999999723       -65.332952595697435       0.78732062896828803     
   3.9479999999999724       -65.314061758062095       0.78691572032818058     
   3.9469999999999725       -65.295180646908520       0.78651008868835603     
   3.9459999999999726       -65.276309279596305       0.78610373345068985     
   3.9449999999999728       -65.257447673498689       0.78569665402326283     
   3.9439999999999729       -65.238595846004145       0.78528884981931835     
   3.9429999999999730       -65.219753814513808       0.78488032025903454     
   3.9419999999999731       -65.200921596442313       0.78447106476863215     
   3.9409999999999732       -65.182099209219885       0.78406108277939879     
   3.9399999999999733       -65.163286670288642       0.78365037372969548     
   3.9389999999999734       -65.144483997105198       0.78323893706345171     
   3.9379999999999735       -65.125691207138260       0.78282677223143671     
   3.9369999999999736       -65.106908317870690       0.78241387869014067     
   3.9359999999999737       -65.088135346798325       0.78200025590242161     
   3.9349999999999739       -65.069372311429007       0.78158590333781541     
   3.9339999999999740       -65.050619229283683       0.78117082047231223     
   3.9329999999999741       -65.031876117896246       0.78075500678789167     
   3.9319999999999742       -65.013142994812029       0.78033846177366339     
   3.9309999999999743       -64.994419877589053       0.77992118492505036     
   3.9299999999999744       -64.975706783797648       0.77950317574403438     
   3.9289999999999745       -64.957003731019682       0.77908443373939285     
   3.9279999999999746       -64.938310736848535       0.77866495842681316     
   3.9269999999999747       -64.919627818889495       0.77824474932849863     
   3.9259999999999748       -64.900954994758905       0.77782380597380651     
   3.9249999999999750       -64.882292282084748       0.77740212789872798     
   3.9239999999999751       -64.863639698505580       0.77697971450378223     
   3.9229999999999752       -64.844997261670883       0.77655656562156838     
   3.9219999999999753       -64.826364989241526       0.77613268066923757     
   3.9209999999999754       -64.807742898888279       0.77570805921131480     
   3.9199999999999755       -64.789131008292088       0.77528270081930628     
   3.9189999999999756       -64.770529335144786       0.77485660507185694     
   3.9179999999999757       -64.751937897148167       0.77442977155481696     
   3.9169999999999758       -64.733356712012821       0.77400219986204011     
   3.9159999999999759       -64.714785797460223       0.77357388959396411     
   3.9149999999999761       -64.696225171220803       0.77314484035892328     
   3.9139999999999762       -64.677674851035022       0.77271505177209265     
   3.9129999999999763       -64.659134854650944       0.77228452345755638     
   3.9119999999999764       -64.640605199826766       0.77185325504593560     
   3.9109999999999765       -64.622085904329282       0.77142124617577712     
   3.9099999999999766       -64.603576985933628       0.77098849649336831     
   3.9089999999999767       -64.585078462423624       0.77055500565281465     
   3.9079999999999768       -64.566590351590463       0.77012077343804053     
   3.9069999999999769       -64.548112671235259       0.76968579920160751     
   3.9059999999999770       -65.302339741459747       0.81814978962473095     
   3.9049999999999772       -65.298027723319024       0.81909026303281385     
   3.9039999999999773       -65.293737692164683       0.82002068880503265     
   3.9029999999999774       -65.289469416863511       0.82094126757224783     
   3.9019999999999775       -65.285222670839602       0.82185219382147734     
   3.9009999999999776       -65.280997231934251       0.82275365604482609     
   3.8999999999999777       -65.276792882271067       0.82364583511858180     
   3.8989999999999778       -65.272609408125874       0.82452891220693292     
   3.8979999999999779       -65.268446599805714       0.82540305722662632     
   3.8969999999999780       -65.264304251526411       0.82626843709449160     
   3.8959999999999781       -65.260182161301699       0.82712521387142346     
   3.8949999999999783       -65.256080130833467       0.82797354495525355     
   3.8939999999999784       -65.251997965404897       0.82881358326709798     
   3.8929999999999785       -65.247935473780913       0.82964547742558803     
   3.8919999999999786       -65.243892468109919       0.83046937191252423     
   3.8909999999999787       -65.239868763834480       0.83128540546338980     
   3.8899999999999788       -65.235864179596888       0.83209371842294555     
   3.8889999999999789       -65.231878537153932       0.83289444185887129     
   3.8879999999999790       -65.227911661294684       0.83368770521012647     
   3.8869999999999791       -65.223963379760804       0.83447363449501422     
   3.8859999999999792       -65.220033523167388       0.83525235243712970     
   3.8849999999999794       -65.216121924930334       0.83602397858215893     
   3.8839999999999795       -65.212228421193274       0.83678862941103260     
   3.8829999999999796       -65.208352850760164       0.83754641844671385     
   3.8819999999999797       -65.204495055024537       0.83829745636047193     
   3.8809999999999798       -65.200654877909741       0.83904184933392523     
   3.8799999999999799       -65.196832165803968       0.83977970621045139     
   3.8789999999999800       -65.193026767498921       0.84051112780253134     
   3.8779999999999801       -65.189238534134631       0.84123621430634943     
   3.8769999999999802       -65.185467319140884       0.84195506351505012     
   3.8759999999999803       -65.181712978183413       0.84266777089825118     
   3.8749999999999805       -65.177975369111621       0.84337442967694587     
   3.8739999999999806       -65.174254351908331       0.84407513089540032     
   3.8729999999999807       -65.170549788636876       0.84476996349427080     
   3.8719999999999808       -65.166861543398667       0.84545901437218729     
   3.8709999999999809       -65.163189482283187       0.84614236845360447     
   3.8699999999999810       -65.159533473323577       0.84682010874995040     
   3.8689999999999811       -65.155893386455119       0.84749231641668066     
   3.8679999999999812       -65.152269093470551       0.84815906924655871     
   3.8669999999999813       -65.148660467982282       0.84882044808935786     
   3.8659999999999815       -65.145067385379477       0.84947652719276012     
   3.8649999999999816       -65.141489722792429       0.85012738084072115     
   3.8639999999999817       -65.137927359053762       0.85077308172548094     
   3.8629999999999818       -65.134380174662752       0.85141370099412528     
   3.8619999999999819       -65.130848051750689       0.85204930829281722     
   3.8609999999999820       -65.127330874044219       0.85267997181301702     
   3.8599999999999821       -65.123828526837343       0.85330575832810585     
   3.8589999999999822       -65.120340896953294       0.85392673323894719     
   3.8579999999999823       -65.116867872717449       0.85454296060909751     
   3.8569999999999824       -65.113409343926136       0.85515450320272579     
   3.8559999999999826       -65.109965201815257       0.85576142252234622     
   3.8549999999999827       -65.106535339033741       0.85636377884170056     
   3.8539999999999828       -65.103119649614229       0.85696163124040770     
   3.8529999999999829       -65.099718028946171       0.85755503616724249     
   3.8519999999999830       -65.096330373750419       0.85814405343232314     
   3.8509999999999831       -65.092956582051613       0.85872873716132192     
   3.8499999999999832       -65.089596553153854       0.85930914196924879     
   3.8489999999999833       -65.086250187617679       0.85988532142704699     
   3.8479999999999834       -65.082917387234190       0.86045732809027642     
   3.8469999999999835       -65.079598055002975       0.86102521352489803     
   3.8459999999999837       -65.076292095109295       0.86158902833245721     
   3.8449999999999838       -65.072999412902220       0.86214882217491029     
   3.8439999999999839       -65.069719914873986       0.86270464379764622     
   3.8429999999999840       -65.066453508636400       0.86325654105510763     
   3.8419999999999841       -65.063200102904929       0.86380456092931690     
   3.8409999999999842       -65.059959607473900       0.86434874955519436     
   3.8399999999999843       -65.056731933200467       0.86488915223934348     
   3.8389999999999844       -65.053516991984964       0.86542581348042624     
   3.8379999999999845       -65.050314696751784       0.86595877698978196     
   3.8369999999999846       -65.047124961432431       0.86648808570929958     
   3.8359999999999848       -65.043947700946433       0.86701378183135158     
   3.8349999999999849       -65.040782831186235       0.86753590681503023     
   3.8339999999999850       -65.037630268998328       0.86805450008493323     
   3.8329999999999851       -65.034489932169450       0.86856960439475583     
   3.8319999999999852       -65.031361739407288       0.86908125771685274     
   3.8309999999999853       -65.028245610328568       0.86958949874853053     
   3.8299999999999854       -65.025141465440058       0.87009436553771613     
   3.8289999999999855       -65.022049226127024       0.87059589549551797     
   3.8279999999999856       -65.018968814637191       0.87109412541140741     
   3.8269999999999857       -65.015900154066230       0.87158909146816110     
   3.8259999999999859       -65.012843168344091       0.87208082925486929     
   3.8249999999999860       -65.009797782222307       0.87256937377974675     
   3.8239999999999861       -65.006763921259619       0.87305475948365363     
   3.8229999999999862       -65.003741511809750       0.87353702025227109     
   3.8219999999999863       -65.000730481007480       0.87401618942901516     
   3.8209999999999864       -64.997730756758102       0.87449229982576071     
   3.8199999999999865       -64.994742267723481       0.87496538373520671     
   3.8189999999999866       -64.991764943310557       0.87543547294211432     
   3.8179999999999867       -64.988798713661723       0.87590259873268739     
   3.8169999999999868       -64.985843509640347       0.87636679190726430     
   3.8159999999999870       -64.982899262821192       0.87682808278965485     
   3.8149999999999871       -64.979965905480199       0.87728650123638563     
   3.8139999999999872       -64.977043370581953       0.87774207664821657     
   3.8129999999999873       -64.974131591770629       0.87819483797814890     
   3.8119999999999874       -64.971230503359024       0.87864481374151271     
   3.8109999999999875       -64.968340040319518       0.87909203202401864     
   3.8099999999999876       -64.965460138273315       0.87953651933403043     
   3.8089999999999877       -64.962590733480653       0.87997830529285526     
   3.8079999999999878       -64.959731762832035       0.88041741553894415     
   3.8069999999999879       -64.956883163838384       0.88085387652826397     
   3.8059999999999881       -64.954044874622284       0.88128771432913178     
   3.8049999999999882       -64.951216833909967       0.88171895462925842     
   3.8039999999999883       -64.948398981021228       0.88214762274509617     
   3.8029999999999884       -64.945591255860762       0.88257374362839736     
   3.8019999999999885       -64.942793598910953       0.88299734187270795     
