   3.9580000000000002       -66.663614082626310       0.51911615297930525     
   3.9580100000000003       -66.663724364911118       0.51899958245194655     
   3.9580200000000003       -66.663834671933557       0.51888282559229670     
   3.9580300000000004       -66.663945003731655       0.51876588208774976     
   3.9580400000000004       -66.664055360343482       0.51864874678536022     
   3.9580500000000005       -66.664165741806855       0.51853142776285033     
   3.9580600000000006       -66.664276148160226       0.51841391991333152     
   3.9580700000000006       -66.664386579441796       0.51829622249927954     
   3.9580800000000007       -66.664497035690331       0.51817833477692710     
   3.9580900000000008       -66.664607516944230       0.51806025600126560     
   3.9581000000000008       -66.664718023242457       0.51794198095771804     
   3.9581100000000009       -66.664828554624080       0.51782351775715252     
   3.9581200000000010       -66.664939111128334       0.51770486123646375     
   3.9581300000000010       -66.665049692794085       0.51758601062666409     
   3.9581400000000011       -66.665160299660926       0.51746696515841195     
   3.9581500000000012       -66.665270931768660       0.51734771960978165     
   3.9581600000000012       -66.665381589156922       0.51722828203192917     
   3.9581700000000013       -66.665492271865546       0.51710864725532824     
   3.9581800000000014       -66.665602979934718       0.51698881448549405     
   3.9581900000000014       -66.665713713404344       0.51686878292834404     
   3.9582000000000015       -66.665824472315180       0.51674854734687437     
   3.9582100000000016       -66.665935256707698       0.51662811574423750     
   3.9582200000000016       -66.666046066622329       0.51650748293755255     
   3.9582300000000017       -66.666156902100425       0.51638664810468393     
   3.9582400000000018       -66.666267763182461       0.51626561042555597     
   3.9582500000000018       -66.666378649909930       0.51614436907172412     
   3.9582600000000019       -66.666489562324060       0.51602291872414197     
   3.9582700000000020       -66.666600500466330       0.51590126745714249     
   3.9582800000000020       -66.666711464378764       0.51577940999966809     
   3.9582900000000021       -66.666822454102942       0.51565734550237363     
   3.9583000000000022       -66.666933469680714       0.51553507310921654     
   3.9583100000000022       -66.667044511154415       0.51541258747207663     
   3.9583200000000023       -66.667155578566849       0.51528989663417690     
   3.9583300000000023       -66.667266671960206       0.51516699530082211     
   3.9583400000000024       -66.667377791377234       0.51504388259182854     
   3.9583500000000025       -66.667488936860522       0.51492055762142575     
   3.9583600000000025       -66.667600108453527       0.51479701500509545     
   3.9583700000000026       -66.667711306199209       0.51467326277357417     
   3.9583800000000027       -66.667822530141351       0.51454929559215934     
   3.9583900000000027       -66.667933780323324       0.51442511254956746     
   3.9584000000000028       -66.668045056788813       0.51430070828472596     
   3.9584100000000029       -66.668156359582213       0.51417609070696235     
   3.9584200000000029       -66.668267688747250       0.51405125450693445     
   3.9584300000000030       -66.668379044328461       0.51392619874679568     
   3.9584400000000031       -66.668490426370170       0.51380092248595832     
   3.9584500000000031       -66.668601834917467       0.51367542031240510     
   3.9584600000000032       -66.668713270015132       0.51354970013917545     
   3.9584700000000033       -66.668824731708000       0.51342375660597750     
   3.9584800000000033       -66.668936220041488       0.51329758874442855     
   3.9584900000000034       -66.669047735061127       0.51317119557929536     
   3.9585000000000035       -66.669159276812792       0.51304457163981676     
   3.9585100000000035       -66.669270845341771       0.51291772485560339     
   3.9585200000000036       -66.669382440694733       0.51279064980675060     
   3.9585300000000037       -66.669494062917735       0.51266334548864434     
   3.9585400000000037       -66.669605712057347       0.51253580643199270     
   3.9585500000000038       -66.669717388159768       0.51240804048011057     
   3.9585600000000039       -66.669829091272206       0.51228004221303791     
   3.9585700000000039       -66.669940821441926       0.51215181059765336     
   3.9585800000000040       -66.670052578716081       0.51202334459656662     
   3.9585900000000040       -66.670164363142192       0.51189463866663565     
   3.9586000000000041       -66.670276174767508       0.51176570068439653     
   3.9586100000000042       -66.670388013640107       0.51163652516053493     
   3.9586200000000042       -66.670499879808744       0.51150711102160218     
   3.9586300000000043       -66.670611773321269       0.51137745271471213     
   3.9586400000000044       -66.670723694226197       0.51124755804535726     
   3.9586500000000044       -66.670835642572129       0.51111742151316386     
   3.9586600000000045       -66.670947618408377       0.51098704201342582     
   3.9586700000000046       -66.671059621784110       0.51085641843991059     
   3.9586800000000046       -66.671171652748612       0.51072554514795065     
   3.9586900000000047       -66.671283711351663       0.51059443000007276     
   3.9587000000000048       -66.671395797642859       0.51046306740580283     
   3.9587100000000048       -66.671507911672578       0.51033145622126985     
   3.9587200000000049       -66.671620053491139       0.51019959077918842     
   3.9587300000000050       -66.671732223148695       0.51006747888854809     
   3.9587400000000050       -66.671844420696658       0.50993511493270338     
   3.9587500000000051       -66.671956646185578       0.50980249773461783     
   3.9587600000000052       -66.672068899666797       0.50966962159720430     
   3.9587700000000052       -66.672181181191675       0.50953649428243053     
   3.9587800000000053       -66.672293490812436       0.50940311014440043     
   3.9587900000000054       -66.672405828580551       0.50926946796970640     
   3.9588000000000054       -66.672518194548431       0.50913556202404109     
   3.9588100000000055       -66.672630588768214       0.50900140003253957     
   3.9588200000000056       -66.672743011293306       0.50886697631269839     
   3.9588300000000056       -66.672855462175775       0.50873228961365780     
   3.9588400000000057       -66.672967941469238       0.50859733415716002     
   3.9588500000000058       -66.673080449227172       0.50846211763979177     
   3.9588600000000058       -66.673192985503562       0.50832663433508707     
   3.9588700000000059       -66.673305550351898       0.50819088295214543     
   3.9588800000000059       -66.673418143826439       0.50805485766424618     
   3.9588900000000060       -66.673530765981354       0.50791856614873543     
   3.9589000000000061       -66.673643416872096       0.50778200262849671     
   3.9589100000000061       -66.673756096553134       0.50764516576998886     
   3.9589200000000062       -66.673868805080289       0.50750804968766927     
   3.9589300000000063       -66.673981542508415       0.50737066204976478     
   3.9589400000000063       -66.674094308893373       0.50723299702195712     
   3.9589500000000064       -66.674207104291682       0.50709504873087574     
   3.9589600000000065       -66.674319928759246       0.50695682471526260     
   3.9589700000000065       -66.674432782353264       0.50681831915503739     
   3.9589800000000066       -66.674545665129884       0.50667953064315430     
   3.9589900000000067       -66.674658577146502       0.50654045324006647     
   3.9590000000000067       -66.674771518460616       0.50640109448514037     
   3.9590100000000068       -66.674884489130207       0.50626144848974219     
   3.9590200000000069       -66.674997489212956       0.50612151379884718     
   3.9590300000000069       -66.675110518767312       0.50598128439656886     
   3.9590400000000070       -66.675223577852179       0.50584076783552634     
   3.9590500000000071       -66.675336666525823       0.50569995814989743     
   3.9590600000000071       -66.675449784848098       0.50555884931920225     
   3.9590700000000072       -66.675562932878179       0.50541744878844697     
   3.9590800000000073       -66.675676110675425       0.50527575059083973     
   3.9590900000000073       -66.675789318300545       0.50513375318490861     
   3.9591000000000074       -66.675902555813650       0.50499145046025251     
   3.9591100000000075       -66.676015823276245       0.50484884988871670     
   3.9591200000000075       -66.676129120747959       0.50470594541504987     
   3.9591300000000076       -66.676242448291319       0.50456273091277182     
   3.9591400000000077       -66.676355805967432       0.50441921375947396     
   3.9591500000000077       -66.676469193838486       0.50427538788631809     
   3.9591600000000078       -66.676582611966495       0.50413124714908919     
   3.9591700000000078       -66.676696060414216       0.50398679883816311     
   3.9591800000000079       -66.676809539244800       0.50384203686357953     
   3.9591900000000080       -66.676923048521516       0.50369695954679161     
   3.9592000000000080       -66.677036588307828       0.50355156063708684     
   3.9592100000000081       -66.677150158667430       0.50340584747388883     
   3.9592200000000082       -66.677263759665024       0.50325981385667851     
   3.9592300000000082       -66.677377391365155       0.50311345349991887     
   3.9592400000000083       -66.677491053832725       0.50296677366750842     
   3.9592500000000084       -66.677604747133216       0.50281976812938456     
   3.9592600000000084       -66.677718471332028       0.50267243056539368     
   3.9592700000000085       -66.677832226495539       0.50252476817084735     
   3.9592800000000086       -66.677946012689915       0.50237677467820274     
   3.9592900000000086       -66.678059829981834       0.50222844372672204     
   3.9593000000000087       -66.678173678438625       0.50207978244760432     
   3.9593100000000088       -66.678287558128019       0.50193078453023443     
   3.9593200000000088       -66.678401469116821       0.50178144357186294     
   3.9593300000000089       -66.678515411474450       0.50163176664108056     
   3.9593400000000090       -66.678629385269033       0.50148174738466733     
   3.9593500000000090       -66.678743390569480       0.50133137934372185     
   3.9593600000000091       -66.678857427445081       0.50118066953803653     
   3.9593700000000092       -66.678971495965911       0.50102961155924675     
   3.9593800000000092       -66.679085596202242       0.50087819888745966     
   3.9593900000000093       -66.679199728223779       0.50072643850313736     
   3.9594000000000094       -66.679313892102371       0.50057432393354329     
   3.9594100000000094       -66.679428087908846       0.50042184859855199     
   3.9594200000000095       -66.679542315715040       0.50026901943291391     
   3.9594300000000096       -66.679656575593356       0.50011582990343850     
   3.9594400000000096       -66.679770867616199       0.49996227335552651     
   3.9594500000000097       -66.679885191856414       0.49980835669277673     
   3.9594600000000097       -66.679999548387684       0.49965407330973016     
   3.9594700000000098       -66.680113937283537       0.49949941647455470     
   3.9594800000000099       -66.680228358618436       0.49934439306193523     
   3.9594900000000099       -66.680342812466932       0.49918899638896330     
   3.9595000000000100       -66.680457298904557       0.49903321963716052     
   3.9595100000000101       -66.680571818006641       0.49887706966190382     
   3.9595200000000101       -66.680686369848814       0.49872053516177828     
   3.9595300000000102       -66.680800954508015       0.49856362282496064     
   3.9595400000000103       -66.680915572061039       0.49840632589853956     
   3.9595500000000103       -66.681030222585605       0.49824863748355047     
   3.9595600000000104       -66.681144906158579       0.49809056426308951     
   3.9595700000000105       -66.681259622859514       0.49793209938420718     
   3.9595800000000105       -66.681374372766442       0.49777323584582517     
   3.9595900000000106       -66.681489155958630       0.49761398032635284     
   3.9596000000000107       -66.681603972516072       0.49745432132070322     
   3.9596100000000107       -66.681718822519144       0.49729426535588556     
   3.9596200000000108       -66.681833706048252       0.49713380547582203     
   3.9596300000000109       -66.681948623184454       0.49697293456496189     
   3.9596400000000109       -66.682063574009831       0.49681165915689890     
   3.9596500000000110       -66.682178558606694       0.49664997217788498     
   3.9596600000000111       -66.682293577057465       0.49648786638907721     
   3.9596700000000111       -66.682408629445661       0.49632534833267727     
   3.9596800000000112       -66.682523715854757       0.49616240621994101     
   3.9596900000000113       -66.682638836369520       0.49599904645468890     
   3.9597000000000113       -66.682753991074151       0.49583525727012390     
   3.9597100000000114       -66.682869180054936       0.49567104493850983     
   3.9597200000000115       -66.682984403396702       0.49550640223192505     
   3.9597300000000115       -66.683099661187072       0.49534132172977130     
   3.9597400000000116       -66.683214953512049       0.49517580973737996     
   3.9597500000000116       -66.683330280459998       0.49500985429355815     
   3.9597600000000117       -66.683445642118514       0.49484346157845005     
   3.9597700000000118       -66.683561038576400       0.49467662418264463     
   3.9597800000000118       -66.683676469923313       0.49450933450333173     
   3.9597900000000119       -66.683791936248909       0.49434159875468975     
   3.9598000000000120       -66.683907437643782       0.49417340474618282     
   3.9598100000000120       -66.684022974199110       0.49400475857484888     
   3.9598200000000121       -66.684138546006224       0.49383564803265473     
   3.9598300000000122       -66.684254153157823       0.49366607910389360     
   3.9598400000000122       -66.684369795746576       0.49349603955147808     
   3.9598500000000123       -66.684485473866232       0.49332553525400158     
   3.9598600000000124       -66.684601187610753       0.49315455393891083     
   3.9598700000000124       -66.684716937075237       0.49298310137978724     
   3.9598800000000125       -66.684832722354685       0.49281116981705758     
   3.9598900000000126       -66.684948543545801       0.49263875126282836     
   3.9599000000000126       -66.685064400745063       0.49246585154948574     
   3.9599100000000127       -66.685180294049800       0.49229245807831828     
   3.9599200000000128       -66.685296223558325       0.49211857658094599     
   3.9599300000000128       -66.685412189369359       0.49194419439666387     
   3.9599400000000129       -66.685528191582605       0.49176931716503153     
   3.9599500000000130       -66.685644230297939       0.49159393215208080     
   3.9599600000000130       -66.685760305616583       0.49141804491018903     
   3.9599700000000131       -66.685876417640088       0.49124164262375247     
   3.9599800000000132       -66.685992566470546       0.49106473075889334     
   3.9599900000000132       -66.686108752211027       0.49088729641499862     
   3.9600000000000133       -66.686224974965683       0.49070934497157509     
   3.9600100000000134       -66.686341234839162       0.49053086343097757     
   3.9600200000000134       -66.686457531936341       0.49035185709387963     
   3.9600300000000135       -66.686573866363688       0.49017231285502066     
   3.9600400000000135       -66.686690238227897       0.48999223593651098     
   3.9600500000000136       -66.686806647636558       0.48981161312370247     
   3.9600600000000137       -66.686923094698528       0.48963044955970347     
   3.9600700000000137       -66.687039579522320       0.48944873190574456     
   3.9600800000000138       -66.687156102218765       0.48926646064607482     
   3.9600900000000139       -66.687272662898224       0.48908363606511646     
   3.9601000000000139       -66.687389261672891       0.48890024481022820     
   3.9601100000000140       -66.687505898655189       0.48871629165660463     
   3.9601200000000141       -66.687622573958379       0.48853176310450924     
   3.9601300000000141       -66.687739287696687       0.48834666386563547     
   3.9601400000000142       -66.687856039985761       0.48816098028044180     
   3.9601500000000143       -66.687972830941291       0.48797471699775768     
   3.9601600000000143       -66.688089660680447       0.48778786019052561     
   3.9601700000000144       -66.688206529321008       0.48760040984268782     
   3.9601800000000145       -66.688323436981975       0.48741236575525654     
   3.9601900000000145       -66.688440383782677       0.48722371401545050     
   3.9602000000000146       -66.688557369844077       0.48703445893645148     
   3.9602100000000147       -66.688674395287634       0.48684458640806810     
   3.9602200000000147       -66.688791460236658       0.48665409608342663     
   3.9602300000000148       -66.688908564813872       0.48646298745522581     
   3.9602400000000149       -66.689025709144389       0.48627124627818596     
   3.9602500000000149       -66.689142893353335       0.48607887655092225     
   3.9602600000000150       -66.689260117568210       0.48588586380171456     
   3.9602700000000151       -66.689377381915804       0.48569220735479779     
   3.9602800000000151       -66.689494686525634       0.48549790637375173     
   3.9602900000000152       -66.689612031527005       0.48530294621511932     
   3.9603000000000153       -66.689729417050700       0.48510732595600370     
   3.9603100000000153       -66.689846843229304       0.48491104452718098     
   3.9603200000000154       -66.689964310195123       0.48471408707316538     
   3.9603300000000154       -66.690081818083030       0.48451645703774138     
   3.9603400000000155       -66.690199367028015       0.48431813928417267     
   3.9603500000000156       -66.690316957166672       0.48411913253736100     
   3.9603600000000156       -66.690434588636805       0.48391943077509980     
   3.9603700000000157       -66.690552261577324       0.48371903244839271     
   3.9603800000000158       -66.690669976128078       0.48351792218031875     
   3.9603900000000158       -66.690787732430820       0.48331609829371280     
   3.9604000000000159       -66.690905530627717       0.48311355899414554     
   3.9604100000000160       -66.691023370862510       0.48291028859669599     
   3.9604200000000160       -66.691141253280918       0.48270628515613828     
   3.9604300000000161       -66.691259178028702       0.48250154662584777     
   3.9604400000000162       -66.691377145253924       0.48229605696754047     
   3.9604500000000162       -66.691495155105599       0.48208981397354173     
   3.9604600000000163       -66.691613207734221       0.48188281067290401     
   3.9604700000000164       -66.691731303291377       0.48167504460229593     
   3.9604800000000164       -66.691849441930501       0.48146649931794033     
   3.9604900000000165       -66.691967623806079       0.48125717217534841     
   3.9605000000000166       -66.692085849073990       0.48104705577016071     
   3.9605100000000166       -66.692204117892203       0.48083614720832468     
   3.9605200000000167       -66.692322430419210       0.48062442956571444     
   3.9605300000000168       -66.692440786816320       0.48041189973979376     
   3.9605400000000168       -66.692559187244740       0.48019854985808491     
   3.9605500000000169       -66.692677631868335       0.47998437191216853     
   3.9605600000000170       -66.692796120852762       0.47976936240257745     
   3.9605700000000170       -66.692914654364401       0.47955350376576833     
   3.9605800000000171       -66.693033232571764       0.47933679226945286     
   3.9605900000000172       -66.693151855644757       0.47911921937841223     
   3.9606000000000172       -66.693270523755473       0.47890077641837459     
   3.9606100000000173       -66.693389237077241       0.47868145457084027     
   3.9606200000000173       -66.693507995785211       0.47846124486935709     
   3.9606300000000174       -66.693626800056549       0.47824014284150479     
   3.9606400000000175       -66.693745650070284       0.47801812992066250     
   3.9606500000000175       -66.693864546006523       0.47779520133713554     
   3.9606600000000176       -66.693983488048190       0.47757134750919539     
   3.9606700000000177       -66.694102476379513       0.47734655868500314     
   3.9606800000000177       -66.694221511186782       0.47712082494544283     
   3.9606900000000178       -66.694340592658605       0.47689413619882198     
   3.9607000000000179       -66.694459720984952       0.47666648217705965     
   3.9607100000000179       -66.694578896358124       0.47643785243164860     
   3.9607200000000180       -66.694698118972738       0.47620823632465048     
   3.9607300000000181       -66.694817389025218       0.47597762303194702     
   3.9607400000000181       -66.694936706714159       0.47574600153097962     
   3.9607500000000182       -66.695056072239979       0.47551336060665639     
   3.9607600000000183       -66.695175485806331       0.47527968883061095     
   3.9607700000000183       -66.695294947617782       0.47504497456852729     
   3.9607800000000184       -66.695414457882663       0.47480920596500398     
   3.9607900000000185       -66.695534016810200       0.47457237095244365     
   3.9608000000000185       -66.695653624613030       0.47433445722884454     
   3.9608100000000186       -66.695773281505652       0.47409545226351885     
   3.9608200000000187       -66.695892987705662       0.47385534328167522     
   3.9608300000000187       -66.696012743432689       0.47361411726481101     
   3.9608400000000188       -66.696132548908551       0.47337176094861327     
   3.9608500000000189       -66.696252404358617       0.47312826080000409     
   3.9608600000000189       -66.696372310010432       0.47288359833314736     
   3.9608700000000190       -66.696492266094253       0.47263776883472208     
   3.9608800000000191       -66.696612272843169       0.47239075329311614     
   3.9608900000000191       -66.696732330492722       0.47214253706723558     
   3.9609000000000192       -66.696852439282310       0.47189310521778055     
   3.9609100000000192       -66.696972599453659       0.47164243781958204     
   3.9609200000000193       -66.697092811251053       0.47139052865054604     
   3.9609300000000194       -66.697213074922885       0.47113735718355199     
   3.9609400000000194       -66.697333390719706       0.47088290720215920     
   3.9609500000000195       -66.697453758896117       0.47062715745880479     
   3.9609600000000196       -66.697574179708965       0.47037010038600546     
   3.9609700000000196       -66.697694653419958       0.47011171406328867     
   3.9609800000000197       -66.697815180292437       0.46985198084502239     
   3.9609900000000198       -66.697935760594476       0.46959087795773891     
   3.9610000000000198       -66.698056394597572       0.46932839639344892     
   3.9610100000000199       -66.698177082575853       0.46906450792696858     
   3.9610200000000200       -66.698297824808748       0.46879920264058184     
   3.9610300000000200       -66.698418621578341       0.46853245619100220     
   3.9610400000000201       -66.698539473171039       0.46826424368136998     
   3.9610500000000202       -66.698660379876912       0.46799455392453898     
   3.9610600000000202       -66.698781341990326       0.46772335640808405     
   3.9610700000000203       -66.698902359810063       0.46745063894740163     
   3.9610800000000204       -66.699023433638928       0.46717637003104184     
   3.9610900000000204       -66.699144563783804       0.46690053644556134     
   3.9611000000000205       -66.699265750556819       0.46662310557686998     
   3.9611100000000206       -66.699386994273226       0.46634405842369259     
   3.9611200000000206       -66.699508295255228       0.46606337531873154     
   3.9611300000000207       -66.699629653827330       0.46578102195198751     
   3.9611400000000208       -66.699751070320858       0.46549697746989888     
   3.9611500000000208       -66.699872545071287       0.46521122034058410     
   3.9611600000000209       -66.699994078419635       0.46492371430039897     
   3.9611700000000210       -66.700115670711739       0.46463443648175873     
   3.9611800000000210       -66.700237322299458       0.46434336330390263     
   3.9611900000000211       -66.700359033539783       0.46405045627978381     
   3.9612000000000211       -66.700480804795774       0.46375569032437874     
   3.9612100000000212       -66.700602636436415       0.46345903481696044     
   3.9612200000000213       -66.700724528836432       0.46316045830563363     
   3.9612300000000213       -66.700846482376576       0.46285992847077168     
   3.9612400000000214       -66.700968497445089       0.46255741209049478     
   3.9612500000000215       -66.701090574434986       0.46225287501175449     
   3.9612600000000215       -66.701212713748291       0.46194628210279864     
   3.9612700000000216       -66.701334915791548       0.46163759723203635     
   3.9612800000000217       -66.701457180980711       0.46132678320610382     
   3.9612900000000217       -66.701579509736845       0.46101380174363576     
   3.9613000000000218       -66.701701902490328       0.46069861341734208     
   3.9613100000000219       -66.701824359679080       0.46038117286159363     
   3.9613200000000219       -66.701946881748412       0.46006144769443930     
   3.9613300000000220       -66.702069469151979       0.45973939005368952     
   3.9613400000000221       -66.702192122352542       0.45941495069425825     
   3.9613500000000221       -66.702314841821121       0.45908809316426774     
   3.9613600000000222       -66.702437628037728       0.45875876539449517     
   3.9613700000000223       -66.702560481492768       0.45842691367430749     
   3.9613800000000223       -66.702683402684784       0.45809249226748266     
   3.9613900000000224       -66.702806392123705       0.45775545367102355     
   3.9614000000000225       -66.702929450329137       0.45741573445859762     
   3.9614100000000225       -66.703052577830647       0.45707328355177257     
   3.9614200000000226       -66.703175775170294       0.45672804793273225     
   3.9614300000000227       -66.703299042900881       0.45637995833334583     
   3.9614400000000227       -66.703422381586861       0.45602895758723211     
   3.9614500000000228       -66.703545791805297       0.45567498154193181     
   3.9614600000000229       -66.703669274145483       0.45531796369071048     
   3.9614700000000229       -66.703792829210485       0.45495783505212084     
   3.9614800000000230       -66.703916457616543       0.45459452404209316     
   3.9614900000000230       -66.704040159994321       0.45422795155524676     
   3.9615000000000231       -66.704163936989133       0.45385804988395267     
   3.9615100000000232       -66.704287789261443       0.45348473401217521     
   3.9615200000000232       -66.704411717487829       0.45310791563788017     
   3.9615300000000233       -66.704535722361797       0.45272751739721534     
   3.9615400000000234       -66.704659804593305       0.45234343921406817     
   3.9615500000000234       -66.704783964910789       0.45195559152890713     
   3.9615600000000235       -66.704908204060530       0.45156387596613029     
   3.9615700000000236       -66.705032522809887       0.45116818982898788     
   3.9615800000000236       -66.705156921945658       0.45076842588932814     
   3.9615900000000237       -66.705281402275276       0.45036447207039237     
   3.9616000000000238       -66.705405964630174       0.44995621112820611     
   3.9616100000000238       -66.705530609863459       0.44954351554298083     
   3.9616200000000239       -66.705655338853063       0.44912626629517932     
   3.9616300000000240       -66.705780152502683       0.44870431895847490     
   3.9616400000000240       -66.705905051743059       0.44827753678123144     
   3.9616500000000241       -66.706030037532557       0.44784577106060924     
   3.9616600000000242       -66.706155110859228       0.44740886541455804     
   3.9616700000000242       -66.706280272742731       0.44696665522521078     
   3.9616800000000243       -66.706405524235095       0.44651896217072840     
   3.9616900000000244       -66.706530866422540       0.44606560804513845     
   3.9617000000000244       -66.706656300428719       0.44560640431283910     
   3.9617100000000245       -66.706781827414787       0.44514113210334610     
   3.9617200000000246       -66.706907448583394       0.44466958935617118     
   3.9617300000000246       -66.707033165180064       0.44419154176139147     
   3.9617400000000247       -66.707158978496750       0.44370674076963396     
   3.9617500000000248       -66.707284889872838       0.44321493210399177     
   3.9617600000000248       -66.707410900700907       0.44271583499186945     
   3.9617700000000249       -66.707537012428276       0.44220916476047295     
   3.9617800000000249       -66.707663226560655       0.44169459730584676     
   3.9617900000000250       -66.707789544667392       0.44117179603560680     
   3.9618000000000251       -66.707915968384953       0.44064040968453017     
   3.9618100000000251       -66.708042499422916       0.44010004077492360     
   3.9618200000000252       -66.708169139568071       0.43955027169613414     
   3.9618300000000253       -66.708295890691275       0.43899065666009179     
   3.9618400000000253       -66.708422754754480       0.43842070818486051     
   3.9618500000000254       -66.708549733817776       0.43783988789695333     
   3.9618600000000255       -66.708676830047906       0.43724763546119694     
   3.9618700000000255       -66.708804045727618       0.43664331426461528     
   3.9618800000000256       -66.708931383266858       0.43602623847084582     
   3.9618900000000257       -66.709058845214130       0.43539565532645014     
   3.9619000000000257       -66.709186434271345       0.43475073567872263     
   3.9619100000000258       -66.709314153308839       0.43409056754333403     
   3.9619200000000259       -66.709442005383707       0.43341412306042565     
   3.9619300000000259       -66.709569993760709       0.43272027141418751     
   3.9619400000000260       -66.709698121937933       0.43200773941497800     
   3.9619500000000261       -66.709826393674206       0.43127508706884660     
   3.9619600000000261       -66.709954813024140       0.43052069186871655     
   3.9619700000000262       -66.710083384378208       0.42974268634828178     
   3.9619800000000263       -66.710212112511655       0.42893894394868920     
   3.9619900000000263       -66.710341002645052       0.42810697290491723     
   3.9620000000000264       -66.710470060516798       0.42724388388832352     
   3.9620100000000265       -66.710599292474228       0.42634623814713479     
   3.9620200000000265       -66.710728705589773       0.42540993063044658     
   3.9620300000000266       -66.710858307810213       0.42442996795644611     
   3.9620400000000267       -66.710988108151639       0.42340019532250722     
   3.9620500000000267       -66.711118116963533       0.42231287000634388     
   3.9620600000000268       -66.711248346292294       0.42115801117662449     
   3.9620700000000268       -66.711378810401996       0.41992238853787911     
   3.9620800000000269       -66.711509526550657       0.41858781440830767     
   3.9620900000000270       -66.711640516211418       0.41712807908688893     
   3.9621000000000270       -66.711771807132337       0.41550289099463794     
   3.9621100000000271       -66.711903437169326       0.41364429151231930     
   3.9621200000000272       -66.712035462551015       0.41141938165844483     
   3.9621300000000272       -66.712167980944784       0.40848291055504388     
   3.9621400000000273       -66.720579523660874        1.2083919245971704E-006
   3.9621500000000274       -66.720760250590175        1.0960464034148742E-006
   3.9621600000000274       -66.720940978409260        1.0013836409713168E-006
   3.9621700000000275       -66.721121707118101        9.2159659015322859E-007
   3.9621800000000276       -66.721302436716670        8.4797146748805119E-007
   3.9621900000000276       -66.721483167204724        7.8599093226531614E-007
   3.9622000000000277       -66.721663898582577        7.2838810072362037E-007
   3.9622100000000278       -66.721844630850157        6.7486564262845639E-007
   3.9622200000000278       -66.722025364007351        6.2514513987643738E-007
   3.9622300000000279       -66.722206098054258        5.8342613555121636E-007
   3.9622400000000280       -66.722386832990807        5.4438861033882324E-007
   3.9622500000000280       -66.722567568816672        5.0786725003248989E-007
   3.9622600000000281       -66.722748305532548        4.7370694633563915E-007
   3.9622700000000282       -66.722929043137682        4.4176095070902477E-007
   3.9622800000000282       -66.723109781632331        4.1189173064874279E-007
   3.9622900000000283       -66.723290521016438        3.8396952106722892E-007
   3.9623000000000284       -66.723471261290484        3.5787272012477445E-007
   3.9623100000000284       -66.723652002453932        3.3348664274512885E-007
   3.9623200000000285       -66.723832744507163        3.1070379646891411E-007
   3.9623300000000286       -66.724013487449710        2.8942280372312723E-007
   3.9623400000000286       -66.724194231281629        2.6954855170124858E-007
   3.9623500000000287       -66.724374976003361        2.5099170475328947E-007
   3.9623600000000287       -66.724555721614436        2.3366834519163623E-007
   3.9623700000000288       -66.724736468114884        2.1749950107619043E-007
   3.9623800000000289       -66.724917215504746        2.0241117878091094E-007
   3.9623900000000289       -66.725097963784151        1.8984819072365156E-007
   3.9624000000000290       -66.725278712953113        1.7661127301356791E-007
   3.9624100000000291       -66.725459463011390        1.6559408599903236E-007
   3.9624200000000291       -66.725640213959068        1.5523813442127241E-007
   3.9624300000000292       -66.725820965796174        1.4550542474604336E-007
   3.9624400000000293       -66.726001718522866        1.3635987294868812E-007
   3.9624500000000293       -66.726182472138944        1.2776767732702865E-007
   3.9624600000000294       -66.726363226643983        1.1969680550431386E-007
   3.9624700000000295       -66.726543982038834        1.1211686897401781E-007
   3.9624800000000295       -66.726724738322801        1.0499912872496964E-007
   3.9624900000000296       -66.726905495496354        9.8316672432948352E-008
   3.9625000000000297       -66.727086253559037        9.2043982213851905E-008
   3.9625100000000297       -66.727267012511348        8.6156895913921020E-008
   3.9625200000000298       -66.727447772352519        8.0632733823193803E-008
   3.9625300000000299       -66.727628533083404        7.5450000839675610E-008
   3.9625400000000299       -66.727809294703079        7.0588558849967356E-008
   3.9625500000000300       -66.727990057212551        6.6029126832845009E-008
   3.9625600000000301       -66.728170820611027        6.1753737605011835E-008
   3.9625700000000301       -66.728351584898832        5.7745394022035157E-008
   3.9625800000000302       -66.728532350075895        5.3988205017674318E-008
   3.9625900000000303       -66.728713116142330        5.0467037733999596E-008
   3.9626000000000303       -66.728893883097612        4.7167371119982704E-008
   3.9626100000000304       -66.729074650942351        4.4076088408691781E-008
   3.9626200000000305       -66.729255419676207        4.1180299022632503E-008
   3.9626300000000305       -66.729436189299165        3.8468355093949448E-008
   3.9626400000000306       -66.729616959811779        3.5928824286083717E-008
   3.9626500000000306       -66.729797731212884        3.3551101082570277E-008
   3.9626600000000307       -66.729978503503688        3.1325315452690461E-008
   3.9626700000000308       -66.730159276683295        2.9242287998461809E-008
   3.9626800000000308       -66.730340050752005        2.7292962852717057E-008
   3.9626900000000309       -66.730520825710244        2.5469144275073557E-008
   3.9627000000000310       -66.730701601556987        2.3763147523799450E-008
   3.9627100000000310       -66.730882378293444        2.2167621146114886E-008
   3.9627200000000311       -66.731063155918761        2.0675635277929889E-008
   3.9627300000000312       -66.731243934433223        1.9280813168265354E-008
   3.9627400000000312       -66.731424713836532        1.7977041781117958E-008
   3.9627500000000313       -66.731605494129028        1.6758403923825920E-008
   3.9627600000000314       -66.731786275310569        1.5619632994419892E-008
   3.9627700000000314       -66.731967057381070        1.4555958660622537E-008
   3.9627800000000315       -66.732147840340730        1.3562291141984891E-008
   3.9627900000000316       -66.732328624189222        1.2634292057001062E-008
   3.9628000000000316       -66.732509408927129        1.1767616066767536E-008
   3.9628100000000317       -66.732690194553683        1.0958437712815794E-008
   3.9628200000000318       -66.732870981069510        1.0203030346526512E-008
   3.9628300000000318       -66.733051768473601        9.4980598201270059E-009
   3.9628400000000319       -66.733232556767177        8.8401036120918288E-009
   3.9628500000000320       -66.733413345949742        8.2264015599520235E-009
   3.9628600000000320       -66.733594136021210        7.6537998901689743E-009
   3.9628700000000321       -66.733774926981425        7.1198011190413508E-009
   3.9628800000000322       -66.733955718830757        6.6217522576295096E-009
   3.9628900000000322       -66.734136511568735        6.1574978449385753E-009
   3.9629000000000323       -66.734317305196086        5.7246986410556628E-009
   3.9629100000000324       -66.734498099711715        5.3212694991107883E-009
   3.9629200000000324       -66.734678895116474        4.9454264387331177E-009
   3.9629300000000325       -66.734859691409810        4.5953136851295540E-009
   3.9629400000000325       -66.735040488592361        4.2690431190095524E-009
   3.9629500000000326       -66.735221286663844        3.9652455393242763E-009
   3.9629600000000327       -66.735402085623932        3.6821874438430768E-009
   3.9629700000000327       -66.735582885472766        3.4187129423675819E-009
   3.9629800000000328       -66.735763686210348        3.1734924318035005E-009
   3.9629900000000329       -66.735944487837045        2.9451533064180544E-009
   3.9630000000000329       -66.736125290352490        2.7327962115464288E-009
   3.9630100000000330       -66.736306093756198        2.5352966392944154E-009
   3.9630200000000331       -66.736486898049108        2.3516199358179315E-009
   3.9630300000000331       -66.736667703230410        2.1807871804687315E-009
   3.9630400000000332       -66.736848509300827        2.0217879962795373E-009
   3.9630500000000333       -66.737029316259850        1.8739035508493393E-009
   3.9630600000000333       -66.737210124107307        1.7365609690974300E-009
   3.9630700000000334       -66.737390932843923        1.6089843531593335E-009
   3.9630800000000335       -66.737571742469015        1.4904217119730372E-009
   3.9630900000000335       -66.737752552982769        1.3801420006842591E-009
   3.9631000000000336       -66.737933364385228        1.2777484995988668E-009
   3.9631100000000337       -66.738114176676234        1.1825713001438014E-009
   3.9631200000000337       -66.738294989855888        1.0942407720667309E-009
   3.9631300000000338       -66.738475803924402        1.0122126100261160E-009
   3.9631400000000339       -66.738656618881151        9.3602429510989781E-010
   3.9631500000000339       -66.738837434726975        8.6524032383294980E-010
   3.9631600000000340       -66.739018251460976        7.9944628694761377E-010
   3.9631700000000341       -66.739199069083639        7.3844412066629650E-010
   3.9631800000000341       -66.739379887595049        6.8196455889809237E-010
   3.9631900000000342       -66.739560706995249        6.2942406842125820E-010
   3.9632000000000343       -66.739741527283641        5.8075810827062924E-010
   3.9632100000000343       -66.739922348460766        5.3568519990202879E-010
   3.9632200000000344       -66.740103170526098        4.9376332652191956E-010
   3.9632300000000344       -66.740283993480162        4.5495059571483881E-010
   3.9632400000000345       -66.740464817322689        4.1895220626031460E-010
   3.9632500000000346       -66.740645642053607        3.8555196072801817E-010
   3.9632600000000346       -66.740826467673358        3.5476925101344631E-010
   3.9632700000000347       -66.741007294181131        3.2620883771983245E-010
   3.9632800000000348       -66.741188121577906        2.9973053668660060E-010
   3.9632900000000348       -66.741368949862604        2.7535588624042856E-010
   3.9633000000000349       -66.741549779036120        2.5271903088726805E-010
   3.9633100000000350       -66.741730609097758        2.3175542966195431E-010
   3.9633200000000350       -66.741911440048199        2.1253961553687381E-010
   3.9633300000000351       -66.742092271886790        1.9470018190285524E-010
   3.9633400000000352       -66.742273104613517        1.7807459210909352E-010
   3.9633500000000352       -66.742453938228977        1.6279370444275779E-010
   3.9633600000000353       -66.742634772733041        1.4884012540979560E-010
   3.9633700000000354       -66.742815608125369        1.3575259435090933E-010
   3.9633800000000354       -66.742996444405691        1.2366530022234201E-010
   3.9633900000000355       -66.743177281574560        1.1248483626028853E-010
   3.9634000000000356       -66.743358119631708        1.0227011829992232E-010
   3.9634100000000356       -66.743538958577119        9.2703030437254100E-011
   3.9634200000000357       -66.743719798410851        8.4051284450955180E-011
   3.9634300000000358       -66.743900639132917        7.5928004624377835E-011
   3.9634400000000358       -66.744081480743318        6.8382410844947117E-011
   3.9634500000000359       -66.744262323242225        6.1394445083351457E-011
   3.9634600000000360       -66.744443166628997        5.5049076408408837E-011
   3.9634700000000360       -66.744624010904218        4.9343936344333393E-011
   3.9634800000000361       -66.744804856067546        4.3895701888156204E-011
   3.9634900000000362       -66.744985702119166        3.8987331881420083E-011
   3.9635000000000362       -66.745166549059206        3.4376353615546883E-011
   3.9635100000000363       -66.745347396886800        3.0075127573544101E-011
   3.9635200000000363       -66.745528245603126        2.6178392786846416E-011
   3.9635300000000364       -66.745709095207573        2.2347161158601619E-011
   3.9635400000000365       -66.745889945700299        1.8916127923300035E-011
   3.9635500000000365       -66.746070797080876        1.5813646688419187E-011
   3.9635600000000366       -66.746251649349816        1.3083904330339161E-011
   3.9635700000000367       -66.746432502506991        1.0432765762402596E-011
   3.9635800000000367       -66.746613356552231        8.0033017250495196E-012
   3.9635900000000368       -66.746794211485579        5.7808572743548820E-012
   3.9636000000000369       -66.746975067307019        3.5423515972373329E-012
   3.9636100000000369       -66.747155924016511        1.5606775131497368E-012
   3.9636200000000370       -66.747336781613868        2.1412501401603853E-013
   3.9636300000000371       -66.747517640099801        1.6419458385522982E-012
   3.9636400000000371       -66.747698499473472        3.1094386325018300E-012
   3.9636500000000372       -66.747879359735364        4.3945587909396027E-012
   3.9636600000000373       -66.748060220884824        5.6995149340840117E-012
   3.9636700000000373       -66.748241082922803        6.7679195581149543E-012
   3.9636800000000374       -66.748421945848690        7.7003588690634696E-012
   3.9636900000000375       -66.748602809662543        8.6350186260612337E-012
   3.9637000000000375       -66.748783674364446        9.3994441859498092E-012
   3.9637100000000376       -66.748964539954443        1.0024277704208847E-011
   3.9637200000000377       -66.749145406432390        1.0745848655346890E-011
   3.9637300000000377       -66.749326273798118        1.1311766338432486E-011
   3.9637400000000378       -66.749507142051911        1.1898556214381037E-011
   3.9637500000000379       -66.749688011193697        1.2453519696956997E-011
   3.9637600000000379       -66.749868881223179        1.3065918717340233E-011
   3.9637700000000380       -66.750049752140669        1.3690974280204197E-011
   3.9637800000000381       -66.750230623945882        1.4123369140861541E-011
   3.9637900000000381       -66.750411496639359        1.4391080919532820E-011
   3.9638000000000382       -66.750592370220531        1.4858558827768320E-011
   3.9638100000000382       -66.750773244689555        1.5150917557586279E-011
   3.9638200000000383       -66.750954120046330        1.5564216582220070E-011
   3.9638300000000384       -66.751134996290972        1.5810316019345311E-011
   3.9638400000000384       -66.751315873423692        1.6050938356215738E-011
   3.9638500000000385       -66.751496751444236        1.6229684263180388E-011
   3.9638600000000386       -66.751677630352518        1.6460166563092571E-011
   3.9638700000000386       -66.751858510148494        1.6480150577535824E-011
   3.9638800000000387       -66.752039390832493        1.6561862992148235E-011
   3.9638900000000388       -66.752220272404045        1.6838456555016517E-011
   3.9639000000000388       -66.752401154863364        1.6740756928849503E-011
   3.9639100000000389       -66.752582038210534        1.6845339937769193E-011
   3.9639200000000390       -66.752762922445470        1.6909436813724216E-011
   3.9639300000000390       -66.752943807568343        1.6969906961132135E-011
   3.9639400000000391       -66.753124693578528        1.7175816324765947E-011
   3.9639500000000392       -66.753305580476749        1.7391495651016459E-011
   3.9639600000000392       -66.753486468262395        1.7613022151863333E-011
   3.9639700000000393       -66.753667356936006        1.7624050367241278E-011
   3.9639800000000394       -66.753848246497228        1.7582379996383679E-011
   3.9639900000000394       -66.754029136946244        1.7557733045237001E-011
   3.9640000000000395       -66.754210028282614        1.7478611151015382E-011
   3.9640100000000396       -66.754390920506609        1.7370845502758432E-011
   3.9640200000000396       -66.754571813618639        1.7360113346853723E-011
   3.9640300000000397       -66.754752707617811        1.7254198070304483E-011
   3.9640400000000398       -66.754933602504977        1.7369365205392267E-011
   3.9640500000000398       -66.755114498279283        1.7459663344728444E-011
   3.9640600000000399       -66.755295394941740        1.7610505646340851E-011
   3.9640700000000400       -66.755476292491409        1.7734110476415783E-011
   3.9640800000000400       -66.755657190928730        1.7770525791623488E-011
   3.9640900000000401       -66.755838090253832        1.7655062597062472E-011
   3.9641000000000401       -66.756018990466217        1.7695104640817288E-011
   3.9641100000000402       -66.756199891566297        1.7694512521870820E-011
   3.9641200000000403       -66.756380793553902        1.7704282484487521E-011
   3.9641300000000403       -66.756561696429216        1.7718715383807648E-011
   3.9641400000000404       -66.756742600191401        1.7748913450077453E-011
   3.9641500000000405       -66.756923504841538        1.7825444823908281E-011
   3.9641600000000405       -66.757104410379199        1.7718123264861180E-011
   3.9641700000000406       -66.757285316804001        1.7639815534190955E-011
   3.9641800000000407       -66.757466224116584        1.7584822487037854E-011
   3.9641900000000407       -66.757647132316350        1.7618647281854766E-011
   3.9642000000000408       -66.757828041403826        1.7539599402501455E-011
   3.9642100000000409       -66.758008951378500        1.7580455609807661E-011
   3.9642200000000409       -66.758189862240627        1.7570315572849420E-011
   3.9642300000000410       -66.758370773990109        1.7572758063503595E-011
   3.9642400000000411       -66.758551686627086        1.7432129813717740E-011
   3.9642500000000411       -66.758732600151447        1.7346864685426528E-011
   3.9642600000000412       -66.758913514563019        1.7387128773786269E-011
   3.9642700000000413       -66.759094429862230        1.7266262493838742E-011
   3.9642800000000413       -66.759275346048625        1.7287652790779855E-011
   3.9642900000000414       -66.759456263122303        1.7253753981094633E-011
   3.9643000000000415       -66.759637181083576        1.7315260336658866E-011
   3.9643100000000415       -66.759818099932005        1.7282471749998269E-011
   3.9643200000000416       -66.759999019667617        1.7246204464527182E-011
   3.9643300000000417       -66.760179940290641        1.7317554797576424E-011
   3.9643400000000417       -66.760360861801004        1.7369217175655649E-011
   3.9643500000000418       -66.760541784198494        1.7364184164610681E-011
   3.9643600000000419       -66.760722707483311        1.7316000485341949E-011
   3.9643700000000419       -66.760903631655168        1.7227034613635322E-011
   3.9643800000000420       -66.761084556714721        1.7205348257220976E-011
   3.9643900000000420       -66.761265482661173        1.7279363125529319E-011
   3.9644000000000421       -66.761446409494766        1.7248720970049664E-011
   3.9644100000000422       -66.761627337215657        1.7360483421195266E-011
   3.9644200000000422       -66.761808265823845        1.7374324201568925E-011
   3.9644300000000423       -66.761989195318989        1.7548185127225224E-011
   3.9644400000000424       -66.762170125701644        1.7615612672254127E-011
   3.9644500000000424       -66.762351056971042        1.7706058841326922E-011
   3.9644600000000425       -66.762531989127993        1.7841728094936116E-011
   3.9644700000000426       -66.762712922171659        1.8047415413965002E-011
   3.9644800000000426       -66.762893856102806        1.8188413738092397E-011
   3.9644900000000427       -66.763074790920797        1.8380852395694092E-011
   3.9645000000000428       -66.763255726626156        1.8452868862558109E-011
   3.9645100000000428       -66.763436663218286        1.8558488079634117E-011
   3.9645200000000429       -66.763617600697572        1.8611038636133042E-011
   3.9645300000000430       -66.763798539064126        1.8590018413533471E-011
   3.9645400000000430       -66.763979478317779        1.8599862391018480E-011
   3.9645500000000431       -66.764160418457919        1.8637906033328971E-011
   3.9645600000000432       -66.764341359485684        1.8738714283964935E-011
   3.9645700000000432       -66.764522301400334        1.8826495917778630E-011
   3.9645800000000433       -66.764703244201868        1.8958168368499173E-011
   3.9645900000000434       -66.764884187890715        1.8908726436469198E-011
   3.9646000000000434       -66.765065132466205        1.8906876064761491E-011
   3.9646100000000435       -66.765246077929106        1.8788156215994906E-011
   3.9646200000000436       -66.765427024278566        1.8703927295860012E-011
   3.9646300000000436       -66.765607971515067        1.8640570568588071E-011
   3.9646400000000437       -66.765788919638382        1.8844925619987407E-011
   3.9646500000000438       -66.765969868648739        1.8773871346411397E-011
   3.9646600000000438       -66.766150818545825        1.8839152460259356E-011
   3.9646700000000439       -66.766331769330165        1.8847220080904965E-011
   3.9646800000000439       -66.766512721001362        1.8829826586852505E-011
   3.9646900000000440       -66.766693673559388        1.8727612053718683E-011
   3.9647000000000441       -66.766874627004356        1.8753665287363219E-011
   3.9647100000000441       -66.767055581336081        1.8473370981079522E-011
   3.9647200000000442       -66.767236536554577        1.8417637785243340E-011
   3.9647300000000443       -66.767417492659973        1.8380038232142699E-011
   3.9647400000000443       -66.767598449652553        1.8289147973860054E-011
   3.9647500000000444       -66.767779407531606        1.8066807309461790E-011
   3.9647600000000445       -66.767960366297459        1.7889985789073155E-011
   3.9647700000000445       -66.768141325950296        1.7791027910144901E-011
   3.9647800000000446       -66.768322286489351        1.7593852300971473E-011
   3.9647900000000447       -66.768503247915646        1.7603178174378325E-011
   3.9648000000000447       -66.768684210228813        1.7462994013802320E-011
   3.9648100000000448       -66.768865173428722        1.7269371118307692E-011
   3.9648200000000449       -66.769046137515204        1.7299717214314114E-011
   3.9648300000000449       -66.769227102488429        1.7299643199445807E-011
   3.9648400000000450       -66.769408068348255        1.7395270409300185E-011
   3.9648500000000451       -66.769589035095308        1.7444490296725235E-011
   3.9648600000000451       -66.769770002728421        1.7389127175230595E-011
   3.9648700000000452       -66.769950971248548        1.7428503085170632E-011
   3.9648800000000453       -66.770131940655119        1.7280991452632104E-011
   3.9648900000000453       -66.770312910948618        1.7166120377017553E-011
   3.9649000000000454       -66.770493882128875        1.7189731120007916E-011
   3.9649100000000455       -66.770674854195107        1.7203423870644958E-011
   3.9649200000000455       -66.770855827148523        1.7256048442012190E-011
   3.9649300000000456       -66.771036800988867        1.7415476468348363E-011
   3.9649400000000457       -66.771217775715414        1.7272183683303410E-011
   3.9649500000000457       -66.771398751328491        1.7166268406754170E-011
   3.9649600000000458       -66.771579727828140        1.7072343538870882E-011
   3.9649700000000458       -66.771760705214575        1.7091365360026128E-011
   3.9649800000000459       -66.771941683487611        1.7238876992564656E-011
   3.9649900000000460       -66.772122662647220        1.7355672454755222E-011
   3.9650000000000460       -66.772303642693075        1.7472171857472556E-011
   3.9650100000000461       -66.772484623625431        1.7529755425016447E-011
   3.9650200000000462       -66.772665605444899        1.7466620742349431E-011
   3.9650300000000462       -66.772846588150358        1.7456776764864419E-011
   3.9650400000000463       -66.773027571742119        1.7611245795023933E-011
   3.9650500000000464       -66.773208556220794        1.7694438507002513E-011
   3.9650600000000464       -66.773389541585772        1.7771265940306573E-011
   3.9650700000000465       -66.773570527837222        1.7633746314989669E-011
   3.9650800000000466       -66.773751514975416        1.7521539774634221E-011
   3.9650900000000466       -66.773932502999401        1.7677785161633135E-011
   3.9651000000000467       -66.774113491910342        1.7721231889330131E-011
   3.9651100000000468       -66.774294481707628        1.7641739920766970E-011
   3.9651200000000468       -66.774475472391444        1.7615834716859052E-011
   3.9651300000000469       -66.774656463961250        1.7480683567328015E-011
   3.9651400000000470       -66.774837456417799        1.7381873718136376E-011
   3.9651500000000470       -66.775018449760410        1.7367736878289481E-011
   3.9651600000000471       -66.775199443989436        1.7447228846852642E-011
   3.9651700000000472       -66.775380439105064        1.7562025907598883E-011
   3.9651800000000472       -66.775561435106908        1.7748913450077453E-011
   3.9651900000000473       -66.775742431995013        1.7628121184998236E-011
   3.9652000000000474       -66.775923429769591        1.7676378879135275E-011
   3.9652100000000474       -66.776104428430543        1.7617537058830141E-011
   3.9652200000000475       -66.776285427977498        1.7635152597487529E-011
   3.9652300000000475       -66.776466428410814        1.7585784680325862E-011
   3.9652400000000476       -66.776647429730673        1.7674084418217717E-011
   3.9652500000000477       -66.776828431936337        1.7741437948378309E-011
   3.9652600000000477       -66.777009435028631        1.7664684529942558E-011
   3.9652700000000478       -66.777190439007057        1.7539747432238073E-011
   3.9652800000000479       -66.777371443871743        1.7616722895278752E-011
   3.9652900000000479       -66.777552449622519        1.7604880516349415E-011
   3.9653000000000480       -66.777733456259469        1.7575570628499310E-011
   3.9653100000000481       -66.777914463782849        1.7520355536741288E-011
   3.9653200000000481       -66.778095472192064        1.7535750629349423E-011
   3.9653300000000482       -66.778276481487808        1.7672678135719860E-011
   3.9653400000000483       -66.778457491669457        1.7623606278031428E-011
   3.9653500000000483       -66.778638502737550        1.7910191848121333E-011
   3.9653600000000484       -66.778819514691349        1.8085533071143800E-011
   3.9653700000000485       -66.779000527531792        1.8197887641235866E-011
   3.9653800000000485       -66.779181541257998        1.8470262356610572E-011
   3.9653900000000486       -66.779362555870534        1.8724799488722965E-011
   3.9654000000000487       -66.779543571368862        1.8860986846410317E-011
   3.9654100000000487       -66.779724587753648        1.8975265803078400E-011
   3.9654200000000488       -66.779905605024496        1.8923307365525943E-011
   3.9654300000000489       -66.780086623181091        1.8992511267394246E-011
   3.9654400000000489       -66.780267642223450        1.9179842899082662E-011
   3.9654500000000490       -66.780448662152523        1.9317806613609417E-011
   3.9654600000000491       -66.780629682967671        1.9215222006134052E-011
   3.9654700000000491       -66.780810704668383        1.9162523419898509E-011
   3.9654800000000492       -66.780991727255298        1.8972675282687607E-011
   3.9654900000000493       -66.781172750727990        1.8951284985746497E-011
   3.9655000000000493       -66.781353775086927        1.8888816436894256E-011
   3.9655100000000494       -66.781534800332011        1.8738048150150160E-011
   3.9655200000000494       -66.781715826462715        1.8737974135281849E-011
   3.9655300000000495       -66.781896853479324        1.8757069971305402E-011
   3.9655400000000496       -66.782077881382094        1.8733459228315041E-011
   3.9655500000000496       -66.782258910170441        1.8822277070285054E-011
   3.9655600000000497       -66.782439939845034        1.8768246216419964E-011
   3.9655700000000498       -66.782620970405560        1.8702224953888919E-011
   3.9655800000000498       -66.782802001851763        1.8707257964933888E-011
   3.9655900000000499       -66.782983034183914        1.8709626440719756E-011
   3.9656000000000500       -66.783164067401884        1.8619994435198350E-011
   3.9656100000000500       -66.783345101505816        1.8742118967907118E-011
   3.9656200000000501       -66.783526136495794        1.8681722835367509E-011
   3.9656300000000502       -66.783707172371564        1.8420006261029204E-011
   3.9656400000000502       -66.783888209132854        1.8340810351939279E-011
   3.9656500000000503       -66.784069246780163        1.8312980761455339E-011
   3.9656600000000504       -66.784250285313277        1.8317495668422150E-011
   3.9656700000000504       -66.784431324731969        1.8324823140384677E-011
   3.9656800000000505       -66.784612365036736        1.8315941356187675E-011
   3.9656900000000506       -66.784793406227024        1.8269756078363269E-011
   3.9657000000000506       -66.784974448303231        1.8287149572415728E-011
   3.9657100000000507       -66.785155491265058        1.8208249722799035E-011
   3.9657200000000508       -66.785336535112862        1.8291368419909304E-011
   3.9657300000000508       -66.785517579846086        1.8436659606398582E-011
   3.9657400000000509       -66.785698625465216        1.8562854956864310E-011
   3.9657500000000510       -66.785879671969965        1.8404167079211220E-011
   3.9657600000000510       -66.786060719360506        1.8097449464941444E-011
   3.9657700000000511       -66.786241767636739        1.7899533707084931E-011
   3.9657800000000512       -66.786422816798478        1.7765196721105287E-011
   3.9657900000000512       -66.786603866845994        1.7752170104283021E-011
   3.9658000000000513       -66.786784917779102        1.7748247316262677E-011
   3.9658100000000513       -66.786965969597887        1.7687481109381526E-011
   3.9658200000000514       -66.787147022302449        1.7599329401226289E-011
   3.9658300000000515       -66.787328075892376        1.7475502526546432E-011
   3.9658400000000515       -66.787509130368193        1.7266632568180285E-011
   3.9658500000000516       -66.787690185729289        1.7309857251272358E-011
   3.9658600000000517       -66.787871241976561        1.7272405727908335E-011
   3.9658700000000517       -66.788052299108415        1.7398082974295903E-011
   3.9658800000000518       -66.788233357126501        1.7215266249574295E-011
   3.9658900000000519       -66.788414416029724        1.7297570783133171E-011
   3.9659000000000519       -66.788595475819108        1.7359891302248798E-011
   3.9659100000000520       -66.788776536493515        1.7216894576677078E-011
   3.9659200000000521       -66.788957598053514        1.7176926547790572E-011
   3.9659300000000521       -66.789138660499034        1.7233177847704912E-011
   3.9659400000000522       -66.789319723830204        1.7288096879989705E-011
   3.9659500000000523       -66.789500788046766        1.7285284314993987E-011
   3.9659600000000523       -66.789681853148693        1.7411553680328023E-011
   3.9659700000000524       -66.789862919136070        1.7439457285680266E-011
   3.9659800000000525       -66.790043986009152        1.7443676133173842E-011
   3.9659900000000525       -66.790225053767443        1.7258120858324826E-011
   3.9660000000000526       -66.790406122411099        1.7377062751696332E-011
   3.9660100000000527       -66.790587191940418        1.7603252189246632E-011
   3.9660200000000527       -66.790768262355158        1.7733592372337625E-011
   3.9660300000000528       -66.790949333654879        1.7737959249567819E-011
   3.9660400000000529       -66.791130405840008        1.7784884676075308E-011
   3.9660500000000529       -66.791311478910714        1.7852386235972517E-011
   3.9660600000000530       -66.791492552867169        1.7805978913543186E-011
   3.9660700000000531       -66.791673627708221        1.8125575114898613E-011
   3.9660800000000531       -66.791854703435206        1.8383442916084885E-011
   3.9660900000000532       -66.792035780047271        1.8535247410985296E-011
   3.9661000000000532       -66.792216857544759        1.8411864625515289E-011
   3.9661100000000533       -66.792397935927411        1.8364865184139489E-011
   3.9661200000000534       -66.792579015195471        1.8281524442424295E-011
   3.9661300000000534       -66.792760095348541        1.8283448829000310E-011
   3.9661400000000535       -66.792941176387444        1.8405943436050620E-011
   3.9661500000000536       -66.793122258311328        1.8297955743188748E-011
   3.9661600000000536       -66.793303341120193        1.8200478161626659E-011
   3.9661700000000537       -66.793484424814579        1.8130460096206964E-011
   3.9661800000000538       -66.793665509394145        1.8166061247863279E-011
   3.9661900000000538       -66.793846594858806        1.8265907305211233E-011
   3.9662000000000539       -66.794027681208490        1.8148001619996041E-011
   3.9662100000000540       -66.794208768443852        1.8296105371481037E-011
   3.9662200000000540       -66.794389856563924        1.8406313510392163E-011
   3.9662300000000541       -66.794570945569376        1.8512154772073092E-011
   3.9662400000000542       -66.794752035460178        1.8453609011241195E-011
   3.9662500000000542       -66.794933126235932        1.8439472171394300E-011
   3.9662600000000543       -66.795114217896668        1.8439250126789375E-011
   3.9662700000000544       -66.795295310442654        1.8519038154825768E-011
   3.9662800000000544       -66.795476403874247        1.8539318228742257E-011
   3.9662900000000545       -66.795657498189939        1.8501200571563459E-011
   3.9663000000000546       -66.795838593391366        1.8513116965361103E-011
   3.9663100000000546       -66.796019689477731        1.8303210798838638E-011
   3.9663200000000547       -66.796200786449248        1.7968737608953234E-011
   3.9663300000000548       -66.796381884305859        1.7885544896974654E-011
   3.9663400000000548       -66.796562983047124        1.7798281367239117E-011
   3.9663500000000549       -66.796744082673897        1.7738921442855826E-011
   3.9663600000000550       -66.796925183185493        1.7611615869365476E-011
   3.9663700000000550       -66.797106284582298        1.7201647513805558E-011
   3.9663800000000551       -66.797287386863630        1.7016906402507932E-011
   3.9663900000000551       -66.797468490030326        1.6947480456034707E-011
   3.9664000000000552       -66.797649594082259        1.6880719044820580E-011
   3.9664100000000553       -66.797830699018647        1.7034669970901934E-011
   3.9664200000000553       -66.798011804840058        1.6993887778464039E-011
   3.9664300000000554       -66.798192911546877        1.6846746220267050E-011
   3.9664400000000555       -66.798374019138137        1.6625663808630026E-011
   3.9664500000000555       -66.798555127614392        1.6601460946693198E-011
   3.9664600000000556       -66.798736236975813        1.6521968978130037E-011
   3.9664700000000557       -66.798917347221888        1.6655935889768141E-011
   3.9664800000000557       -66.799098458352788        1.6618336336667500E-011
   3.9664900000000558       -66.799279570368554        1.6509386450517621E-011
   3.9665000000000559       -66.799460683269487        1.6405691620017631E-011
   3.9665100000000559       -66.799641797054932        1.6428932288666449E-011
   3.9665200000000560       -66.799822911725499        1.6423751247884866E-011
   3.9665300000000561       -66.800004027280920        1.6274611288243552E-011
   3.9665400000000561       -66.800185143721151        1.6105487314158989E-011
   3.9665500000000562       -66.800366261046108        1.6059598095807814E-011
   3.9665600000000563       -66.800547379255747        1.5973888878306752E-011
   3.9665700000000563       -66.800728498350182        1.6017631665476983E-011
   3.9665800000000564       -66.800909618329399        1.5926371332852796E-011
   3.9665900000000565       -66.801090739193512        1.5753028511274653E-011
   3.9666000000000565       -66.801271860941995        1.5676275092838903E-011
   3.9666100000000566       -66.801452983575956        1.5627055205413853E-011
   3.9666200000000567       -66.801634107094046        1.5734154719856026E-011
   3.9666300000000567       -66.801815231497187        1.5819049773805698E-011
   3.9666400000000568       -66.801996356785068        1.5910088061824961E-011
   3.9666500000000569       -66.802177482957333        1.5943098693090480E-011
   3.9666600000000569       -66.802358610014508        1.5924002857066928E-011
   3.9666700000000570       -66.802539737956224        1.5904240887228600E-011
   3.9666800000000570       -66.802720866782579        1.5851616315861367E-011
   3.9666900000000571       -66.802901996493745        1.5886625348571215E-011
   3.9667000000000572       -66.803083127089394        1.6004234974313174E-011
   3.9667100000000572       -66.803264258569797        1.6004531033786407E-011
   3.9667200000000573       -66.803445390934726        1.6029400029538010E-011
   3.9667300000000574       -66.803626524184324        1.6108817983232864E-011
   3.9667400000000574       -66.803807658318661        1.6166771625118297E-011
   3.9667500000000575       -66.803988793337538        1.6256181586034774E-011
   3.9667600000000576       -66.804169929240700        1.6416793850263882E-011
   3.9667700000000576       -66.804351066028474        1.6582291095801338E-011
   3.9667800000000577       -66.804532203700845        1.6640614812028314E-011
   3.9667900000000578       -66.804713342258424        1.6523523290364512E-011
   3.9668000000000578       -66.804894481699520        1.6483703291214624E-011
   3.9668100000000579       -66.805075622025726        1.6490216599625757E-011
   3.9668200000000580       -66.805256763236272        1.6407764036330263E-011
   3.9668300000000580       -66.805437905331146        1.6492511060543318E-011
   3.9668400000000581       -66.805619048310916        1.6624183511263862E-011
   3.9668500000000582       -66.805800192174928        1.6516047788665371E-011
   3.9668600000000582       -66.805981336923594        1.6402138906338830E-011
   3.9668700000000583       -66.806162482556843        1.6456761879150388E-011
   3.9668800000000584       -66.806343629073808        1.6499468458164301E-011
   3.9668900000000584       -66.806524776475598        1.6738018378722092E-011
   3.9669000000000585       -66.806705924761999        1.6705155777193188E-011
   3.9669100000000586       -66.806887073932657        1.6693831502342011E-011
   3.9669200000000586       -66.807068223987613        1.6744753731738154E-011
   3.9669300000000587       -66.807249374927238        1.6501096785267084E-011
   3.9669400000000588       -66.807430526751048        1.6445955708377369E-011
   3.9669500000000588       -66.807611679459058        1.6569856597925536E-011
   3.9669600000000589       -66.807792833051707        1.6711224996394474E-011
   3.9669700000000589       -66.807973987528641        1.6719144587303465E-011
   3.9669800000000590       -66.808155142889987        1.6723215405060426E-011
   3.9669900000000591       -66.808336299135448        1.6628476373625745E-011
   3.9670000000000591       -66.808517456265321        1.6468826302684647E-011
   3.9670100000000592       -66.808698614279606        1.6356545747460889E-011
   3.9670200000000593       -66.808879773177964        1.6302662923332416E-011
   3.9670300000000593       -66.809060932960946        1.6213475007020861E-011
   3.9670400000000594       -66.809242093627404        1.6225169356213580E-011
   3.9670500000000595       -66.809423255178515        1.6074475084337791E-011
   3.9670600000000595       -66.809604417614054        1.6069812147634366E-011
   3.9670700000000596       -66.809785580933820        1.5969003896998402E-011
   3.9670800000000597       -66.809966745137672        1.6041316423335655E-011
   3.9670900000000597       -66.810147910225709        1.6119106049927723E-011
   3.9671000000000598       -66.810329076198087        1.6171360546953412E-011
   3.9671100000000599       -66.810510243054651        1.6139460138712518E-011
   3.9671200000000599       -66.810691410795044        1.6222948910164330E-011
   3.9671300000000600       -66.810872579419936        1.6103340882978046E-011
   3.9671400000000601       -66.811053748929183        1.6056119396997321E-011
   3.9671500000000601       -66.811234919322146        1.6025625271254285E-011
   3.9671600000000602       -66.811416090599423        1.5935993265732879E-011
   3.9671700000000603       -66.811597262760969        1.5834888955623683E-011
   3.9671800000000603       -66.811778435806474        1.5792552450951309E-011
   3.9671900000000604       -66.811959609735879        1.5678569553756461E-011
   3.9672000000000605       -66.812140784549399        1.5562810299722212E-011
   3.9672100000000605       -66.812321960247147        1.5377106995136575E-011
   3.9672200000000606       -66.812503136829150        1.5102733878317547E-011
   3.9672300000000607       -66.812684314294870        1.5029015069482437E-011
   3.9672400000000607       -66.812865492644818        1.4814519981124857E-011
   3.9672500000000608       -66.813046671878922        1.4630370988773695E-011
   3.9672600000000608       -66.813227851996515        1.4401220956491064E-011
   3.9672700000000609       -66.813409032998408        1.4189094343919351E-011
   3.9672800000000610       -66.813590214884485        1.4127736018091733E-011
   3.9672900000000610       -66.813771397654378        1.3875345317160281E-011
   3.9673000000000611       -66.813952581308499        1.3872310707559640E-011
   3.9673100000000612       -66.814133765846123        1.4010570481559625E-011
   3.9673200000000612       -66.814314951267903        1.4159044307386163E-011
   3.9673300000000613       -66.814496137573570        1.4168592225397939E-011
   3.9673400000000614       -66.814677324763068        1.4234835532533907E-011
   3.9673500000000614       -66.814858512836693        1.4245123599228767E-011
   3.9673600000000615       -66.815039701794319        1.4177103935253399E-011
   3.9673700000000616       -66.815220891635775        1.4423129357510334E-011
   3.9673800000000616       -66.815402082361004        1.4367026087332610E-011
   3.9673900000000617       -66.815583273969963        1.4342527165922547E-011
   3.9674000000000618       -66.815764466462994        1.4422611253432175E-011
   3.9674100000000618       -66.815945659839883        1.4571973257678412E-011
   3.9674200000000619       -66.816126854100389        1.4574045673991048E-011
   3.9674300000000620       -66.816308049244867        1.4782471543147342E-011
   3.9674400000000620       -66.816489245273459        1.4912515666765103E-011
   3.9674500000000621       -66.816670442185483        1.4996078453085222E-011
   3.9674600000000622       -66.816851639981238        1.5066910682056307E-011
   3.9674700000000622       -66.817032838661092        1.5107766889362512E-011
   3.9674800000000623       -66.817214038224549        1.4871807489195515E-011
   3.9674900000000624       -66.817395238672063        1.4896454440342193E-011
   3.9675000000000624       -66.817576440002625        1.4846568419102368E-011
   3.9675100000000625       -66.817757642217813        1.4713415671015657E-011
   3.9675200000000626       -66.817938845315965        1.4643101546122732E-011
   3.9675300000000626       -66.818120049297974        1.4438598464986777E-011
   3.9675400000000627       -66.818301254163998        1.4325503746211629E-011
   3.9675500000000627       -66.818482459913540        1.4231948952669882E-011
   3.9675600000000628       -66.818663666546769        1.4276283858786579E-011
   3.9675700000000629       -66.818844874063913        1.4089322301439703E-011
   3.9675800000000629       -66.819026082464248        1.3947065724551067E-011
   3.9675900000000630       -66.819207291748555        1.3964385203735219E-011
   3.9676000000000631       -66.819388501916649        1.4042470889800521E-011
   3.9676100000000631       -66.819569712968132        1.3879046060575698E-011
   3.9676200000000632       -66.819750924903161        1.3858840001527520E-011
   3.9676300000000633       -66.819932137721509        1.3898734015545719E-011
   3.9676400000000633       -66.820113351423899        1.4110342524039273E-011
   3.9676500000000634       -66.820294566009963        1.4127884047828351E-011
   3.9676600000000635       -66.820475781479502        1.4006277619197741E-011
   3.9676700000000635       -66.820656997832415        1.3961128549529652E-011
   3.9676800000000636       -66.820838215069088        1.3930782453523230E-011
   3.9676900000000637       -66.821019433189193        1.3851290484960069E-011
   3.9677000000000637       -66.821200652192630        1.3836191451825167E-011
   3.9677100000000638       -66.821381872079726        1.4033515090735213E-011
   3.9677200000000639       -66.821563092850425        1.3957205761509309E-011
   3.9677300000000639       -66.821744314504372        1.4221956945448255E-011
   3.9677400000000640       -66.821925537041963        1.4318324303985719E-011
   3.9677500000000641       -66.822106760463242        1.4360882853263016E-011
   3.9677600000000641       -66.822287984767897        1.4413359394893632E-011
   3.9677700000000642       -66.822469209955898        1.4289458505345465E-011
   3.9677800000000643       -66.822650436027388        1.4123813230071391E-011
   3.9677900000000643       -66.822831662982111        1.4083031037633495E-011
   3.9678000000000644       -66.823012890820465        1.3946103531263058E-011
   3.9678100000000645       -66.823194119542208        1.3928487992605673E-011
   3.9678200000000645       -66.823375349147227        1.3925749442478264E-011
   3.9678300000000646       -66.823556579635706        1.3958612044007168E-011
   3.9678400000000646       -66.823737811007391        1.3811470485810181E-011
   3.9678500000000647       -66.823919043263004        1.3806733534238447E-011
   3.9678600000000648       -66.824100276401310        1.3883116878332658E-011
   3.9678700000000648       -66.824281510422892        1.4010644496427934E-011
   3.9678800000000649       -66.824462745328233        1.4008350035510375E-011
   3.9678900000000650       -66.824643981116552        1.3793262828206329E-011
   3.9679000000000650       -66.824825217788387        1.3859506135342295E-011
   3.9679100000000651       -66.825006455343569        1.3768245802718107E-011
   3.9679200000000652       -66.825187693782283        1.3649673983688141E-011
   3.9679300000000652       -66.825368933103775        1.3680908258114263E-011
   3.9679400000000653       -66.825550173308628        1.3754627066949373E-011
   3.9679500000000654       -66.825731414396813        1.3734939111979353E-011
   3.9679600000000654       -66.825912656368047        1.3652412533815550E-011
   3.9679700000000655       -66.826093899222613        1.3586243241547891E-011
   3.9679800000000656       -66.826275142960526        1.3590684133646391E-011
