   3.9580000000000002       -66.671715263591466       0.51724377836785085     
   3.9580100000000003       -66.671825933306152       0.51712593546262997     
   3.9580200000000003       -66.671936627995564       0.51700789827708871     
   3.9580300000000004       -66.672047347698410       0.51688967509482098     
   3.9580400000000004       -66.672158092453103       0.51677126080319002     
   3.9580500000000005       -66.672268862298637       0.51665265465109167     
   3.9580600000000006       -66.672379657273183       0.51653385588710699     
   3.9580700000000006       -66.672490477416474       0.51641486375118639     
   3.9580800000000007       -66.672601322768116       0.51629567301601342     
   3.9580900000000008       -66.672712193367047       0.51617629178584368     
   3.9581000000000008       -66.672823089252077       0.51605671488347127     
   3.9581100000000009       -66.672934010464147       0.51593694152899106     
   3.9581200000000010       -66.673044957042663       0.51581697093839551     
   3.9581300000000010       -66.673155929027232       0.51569679787569633     
   3.9581400000000011       -66.673266926458510       0.51557643038971790     
   3.9581500000000012       -66.673377949376444       0.51545586329334681     
   3.9581600000000012       -66.673488997821465       0.51533509578103265     
   3.9581700000000013       -66.673600071834812       0.51521412704347813     
   3.9581800000000014       -66.673711171456901       0.51509295182488335     
   3.9581900000000014       -66.673822296728517       0.51497157813395900     
   3.9582000000000015       -66.673933447690899       0.51485000076506771     
   3.9582100000000016       -66.674044624385374       0.51472821888515219     
   3.9582200000000016       -66.674155826853678       0.51460623165864705     
   3.9582300000000017       -66.674267055136880       0.51448403380555041     
   3.9582400000000018       -66.674378309276989       0.51436163330149898     
   3.9582500000000018       -66.674489589316181       0.51423902491526563     
   3.9582600000000019       -66.674600895296408       0.51411620778772138     
   3.9582700000000020       -66.674712227259676       0.51399318105628311     
   3.9582800000000020       -66.674823585249158       0.51386993940393633     
   3.9582900000000021       -66.674934969306861       0.51374649078920032     
   3.9583000000000022       -66.675046379475759       0.51362282994836028     
   3.9583100000000022       -66.675157815798855       0.51349895599193951     
   3.9583200000000023       -66.675269278319448       0.51337486802642462     
   3.9583300000000023       -66.675380767081123       0.51325056069765573     
   3.9583400000000024       -66.675492282126754       0.51312604195240130     
   3.9583500000000025       -66.675603823500666       0.51300130648696485     
   3.9583600000000025       -66.675715391246328       0.51287635338260840     
   3.9583700000000026       -66.675826985407866       0.51275118171606160     
   3.9583800000000027       -66.675938606029533       0.51262578608352594     
   3.9583900000000027       -66.676050253156248       0.51250017443214591     
   3.9584000000000028       -66.676161926831824       0.51237434141256544     
   3.9584100000000029       -66.676273627101978       0.51224828607247330     
   3.9584200000000029       -66.676385354010804       0.51212200745671865     
   3.9584300000000030       -66.676497107604177       0.51199550010740336     
   3.9584400000000031       -66.676608887926903       0.51186877198415093     
   3.9584500000000031       -66.676720695025168       0.51174181767868476     
   3.9584600000000032       -66.676832528944445       0.51161463620848024     
   3.9584700000000033       -66.676944389730551       0.51148722211971043     
   3.9584800000000033       -66.677056277430097       0.51135958327846609     
   3.9584900000000034       -66.677168192088885       0.51123171428388103     
   3.9585000000000035       -66.677280133753868       0.51110361412396654     
   3.9585100000000035       -66.677392102471856       0.51097528177967144     
   3.9585200000000036       -66.677504098289617       0.51084671172899621     
   3.9585300000000037       -66.677616121254275       0.51071791187034243     
   3.9585400000000037       -66.677728171413364       0.51058887673179920     
   3.9585500000000038       -66.677840248814618       0.51045960526467116     
   3.9585600000000039       -66.677952353505262       0.51033009193992229     
   3.9585700000000039       -66.678064485533767       0.51020034457918895     
   3.9585800000000040       -66.678176644948564       0.51007035770278553     
   3.9585900000000040       -66.678288831797744       0.50994013023310425     
   3.9586000000000041       -66.678401046129650       0.50980966108477099     
   3.9586100000000042       -66.678513287993738       0.50967894463975461     
   3.9586200000000042       -66.678625557438522       0.50954798877564389     
   3.9586300000000043       -66.678737854513912       0.50941678792776923     
   3.9586400000000044       -66.678850179268920       0.50928534097712463     
   3.9586500000000044       -66.678962531753470       0.50915364228751170     
   3.9586600000000045       -66.679074912017896       0.50902169967549526     
   3.9586700000000046       -66.679187320111609       0.50888950755913076     
   3.9586800000000046       -66.679299756085669       0.50875706478369842     
   3.9586900000000047       -66.679412219990297       0.50862436568655445     
   3.9587000000000048       -66.679524711876539       0.50849141803646392     
   3.9587100000000048       -66.679637231795510       0.50835821622360666     
   3.9587200000000049       -66.679749779798613       0.50822475905874553     
   3.9587300000000050       -66.679862355937843       0.50809104084232881     
   3.9587400000000050       -66.679974960264374       0.50795706930802609     
   3.9587500000000051       -66.680087592830546       0.50782283880838497     
   3.9587600000000052       -66.680200253688241       0.50768834812147723     
   3.9587700000000052       -66.680312942890282       0.50755359150860335     
   3.9587800000000053       -66.680425660489888       0.50741857666672741     
   3.9587900000000054       -66.680538406539497       0.50728329791298565     
   3.9588000000000054       -66.680651181092557       0.50714775398189149     
   3.9588100000000055       -66.680763984202926       0.50701193909200315     
   3.9588200000000056       -66.680876815923966       0.50687586091777415     
   3.9588300000000056       -66.680989676310162       0.50673951372536774     
   3.9588400000000057       -66.681102565415173       0.50660289621618049     
   3.9588500000000058       -66.681215483294281       0.50646600255084895     
   3.9588600000000058       -66.681328430001386       0.50632884039029669     
   3.9588700000000059       -66.681441405592707       0.50619140394828321     
   3.9588800000000059       -66.681554410122416       0.50605369188254923     
   3.9588900000000060       -66.681667443647029       0.50591569829377814     
   3.9589000000000061       -66.681780506222339       0.50577743083620186     
   3.9589100000000061       -66.681893597904121       0.50563888366521492     
   3.9589200000000062       -66.682006718748696       0.50550005089479966     
   3.9589300000000063       -66.682119868813231       0.50536094005259324     
   3.9589400000000063       -66.682233048154785       0.50522154530691410     
   3.9589500000000064       -66.682346256830058       0.50508186523674636     
   3.9589600000000065       -66.682459494896790       0.50494189388287880     
   3.9589700000000065       -66.682572762413116       0.50480163878461470     
   3.9589800000000066       -66.682686059436691       0.50466109403700166     
   3.9589900000000067       -66.682799386026304       0.50452025817180290     
   3.9590000000000067       -66.682912742240475       0.50437912514912819     
   3.9590100000000068       -66.683026128138053       0.50423770252613409     
   3.9590200000000069       -66.683139543778552       0.50409598431707747     
   3.9590300000000069       -66.683252989221245       0.50395396447638297     
   3.9590400000000070       -66.683366464526543       0.50381165045644138     
   3.9590500000000071       -66.683479969754401       0.50366903626698967     
   3.9590600000000071       -66.683593504965046       0.50352612035293509     
   3.9590700000000072       -66.683707070219455       0.50338289657638868     
   3.9590800000000073       -66.683820665578793       0.50323937242402550     
   3.9590900000000073       -66.683934291104350       0.50309554181085370     
   3.9591000000000074       -66.684047946858286       0.50295139858078663     
   3.9591100000000075       -66.684161632902018       0.50280695013250687     
   3.9591200000000075       -66.684275349298360       0.50266219036195137     
   3.9591300000000076       -66.684389096109854       0.50251711309472114     
   3.9591400000000077       -66.684502873399623       0.50237172564280919     
   3.9591500000000077       -66.684616681230850       0.50222602188445731     
   3.9591600000000078       -66.684730519667355       0.50208000012622911     
   3.9591700000000078       -66.684844388773101       0.50193365408081259     
   3.9591800000000079       -66.684958288612691       0.50178699111279434     
   3.9591900000000080       -66.685072219250699       0.50164000498646077     
   3.9592000000000080       -66.685186180752112       0.50149268937991420     
   3.9592100000000081       -66.685300173182569       0.50134505158653186     
   3.9592200000000082       -66.685414196607425       0.50119708533814433     
   3.9592300000000082       -66.685528251093103       0.50104878427298871     
   3.9592400000000083       -66.685642336705953       0.50090015561981127     
   3.9592500000000084       -66.685756453512909       0.50075119307238125     
   3.9592600000000084       -66.685870601580802       0.50060189022575075     
   3.9592700000000085       -66.685984780977535       0.50045225424868223     
   3.9592800000000086       -66.686098991770990       0.50030227878998934     
   3.9592900000000086       -66.686213234029225       0.50015195739514262     
   3.9593000000000087       -66.686327507821488       0.50000129718052599     
   3.9593100000000088       -66.686441813216121       0.49985029174461459     
   3.9593200000000088       -66.686556150282897       0.49969893457711517     
   3.9593300000000089       -66.686670519091905       0.49954723274819224     
   3.9593400000000090       -66.686784919712764       0.49939517979893083     
   3.9593500000000090       -66.686899352216344       0.49924276916056592     
   3.9593600000000091       -66.687013816673783       0.49909000785859731     
   3.9593700000000092       -66.687128313156251       0.49893688937306413     
   3.9593800000000092       -66.687242841735738       0.49878340706613472     
   3.9593900000000093       -66.687357402484480       0.49862956793044683     
   3.9594000000000094       -66.687471995475178       0.49847536537713005     
   3.9594100000000094       -66.687586620780266       0.49832079269516022     
   3.9594200000000095       -66.687701278473980       0.49816585684492076     
   3.9594300000000096       -66.687815968629877       0.49801055116486648     
   3.9594400000000096       -66.687930691322265       0.49785486886218533     
   3.9594500000000097       -66.688045446625623       0.49769881687793105     
   3.9594600000000097       -66.688160234615850       0.49754238391234690     
   3.9594700000000098       -66.688275055367896       0.49738557674116257     
   3.9594800000000099       -66.688389908958229       0.49722838863693836     
   3.9594900000000099       -66.688504795463118       0.49707081273434151     
   3.9595000000000100       -66.688619714959572       0.49691285579502470     
   3.9595100000000101       -66.688734667525026       0.49675451100002288     
   3.9595200000000101       -66.688849653237327       0.49659577138428129     
   3.9595300000000102       -66.688964672174933       0.49643664370160173     
   3.9595400000000103       -66.689079724416729       0.49627711647537748     
   3.9595500000000103       -66.689194810041883       0.49611719630858953     
   3.9595600000000104       -66.689309929130033       0.49595687628435298     
   3.9595700000000105       -66.689425081761726       0.49579614933242028     
   3.9595800000000105       -66.689540268017751       0.49563502205737398     
   3.9595900000000106       -66.689655487978996       0.49547348288178350     
   3.9596000000000107       -66.689770741727486       0.49531153827072189     
   3.9596100000000107       -66.689886029345516       0.49514918118744172     
   3.9596200000000108       -66.690001350915793       0.49498640442928465     
   3.9596300000000109       -66.690116706521380       0.49482321448283711     
   3.9596400000000109       -66.690232096246021       0.49465959962229838     
   3.9596500000000110       -66.690347520174782       0.49449556619439305     
   3.9596600000000111       -66.690462978391722       0.49433110702537375     
   3.9596700000000111       -66.690578470982416       0.49416621475779793     
   3.9596800000000112       -66.690693998033026       0.49400089576433753     
   3.9596900000000113       -66.690809559629926       0.49383513814649510     
   3.9597000000000113       -66.690925155859759       0.49366894815201839     
   3.9597100000000114       -66.691040786810873       0.49350231843696540     
   3.9597200000000115       -66.691156452570922       0.49333524146746233     
   3.9597300000000115       -66.691272153228624       0.49316772352766552     
   3.9597400000000116       -66.691387888873550       0.49299975249983147     
   3.9597500000000116       -66.691503659595469       0.49283133454851757     
   3.9597600000000117       -66.691619465484820       0.49266245754300297     
   3.9597700000000118       -66.691735306632751       0.49249312753412416     
   3.9597800000000118       -66.691851183130652       0.49232333237383719     
   3.9597900000000119       -66.691967095071348       0.49215307800128621     
   3.9598000000000120       -66.692083042547310       0.49198235679813718     
   3.9598100000000120       -66.692199025652101       0.49181116092599741     
   3.9598200000000121       -66.692315044479983       0.49163949638127541     
   3.9598300000000122       -66.692431099125756       0.49146735072128700     
   3.9598400000000122       -66.692547189684902       0.49129472983597572     
   3.9598500000000123       -66.692663316253004       0.49112162123624775     
   3.9598600000000124       -66.692779478927619       0.49094803071489651     
   3.9598700000000124       -66.692895677805708       0.49077394572461341     
   3.9598800000000125       -66.693011912985412       0.49059937196643194     
   3.9598900000000126       -66.693128184565424       0.49042429683179684     
   3.9599000000000126       -66.693244492645064       0.49024872592974239     
   3.9599100000000127       -66.693360837324917       0.49007264657766908     
   3.9599200000000128       -66.693477218705155       0.48989606429590088     
   3.9599300000000128       -66.693593636888181       0.48971896632387391     
   3.9599400000000129       -66.693710091975603       0.48954135809916144     
   3.9599500000000130       -66.693826584070806       0.48936322677052307     
   3.9599600000000130       -66.693943113277243       0.48918457769317758     
   3.9599700000000131       -66.694059679699606       0.48900539792012587     
   3.9599800000000132       -66.694176283442914       0.48882569272790050     
   3.9599900000000132       -66.694292924613336       0.48864544906254076     
   3.9600000000000133       -66.694409603317823       0.48846467212468908     
   3.9600100000000134       -66.694526319663453       0.48828334874715695     
   3.9600200000000134       -66.694643073758783       0.48810148405774251     
   3.9600300000000135       -66.694759865713550       0.48791906475861996     
   3.9600400000000135       -66.694876695637035       0.48773609591307454     
   3.9600500000000136       -66.694993563639784       0.48755256409470843     
   3.9600600000000137       -66.695110469833949       0.48736847429039715     
   3.9600700000000137       -66.695227414331981       0.48718381293120377     
   3.9600800000000138       -66.695344397247212       0.48699858032697646     
   3.9600900000000139       -66.695461418693228       0.48681277659832339     
   3.9601000000000139       -66.695578478785478       0.48662638812836811     
   3.9601100000000140       -66.695695577640151       0.48643941955898495     
   3.9601200000000141       -66.695812715373748       0.48625185710843050     
   3.9601300000000141       -66.695929892103877       0.48606370536121740     
   3.9601400000000142       -66.696047107949525       0.48587495035240319     
   3.9601500000000143       -66.696164363029752       0.48568559198781530     
   3.9601600000000143       -66.696281657465491       0.48549562999172730     
   3.9601700000000144       -66.696398991378075       0.48530505029873572     
   3.9601800000000145       -66.696516364890044       0.48511385716689709     
   3.9601900000000145       -66.696633778124450       0.48492203632919112     
   3.9602000000000146       -66.696751231206008       0.48472958735642452     
   3.9602100000000147       -66.696868724260113       0.48453650966477069     
   3.9602200000000147       -66.696986257412831       0.48434278883200749     
   3.9602300000000148       -66.697103830792102       0.48414842419590753     
   3.9602400000000149       -66.697221444526065       0.48395341494519695     
   3.9602500000000149       -66.697339098744550       0.48375774647633385     
   3.9602600000000150       -66.697456793577530       0.48356142249728484     
   3.9602700000000151       -66.697574529157762       0.48336442814888197     
   3.9602800000000151       -66.697692305617224       0.48316676243242035     
   3.9602900000000152       -66.697810123090164       0.48296842420722524     
   3.9603000000000153       -66.697927981711700       0.48276939838753741     
   3.9603100000000153       -66.698045881617560       0.48256968372464892     
   3.9603200000000154       -66.698163822945858       0.48236927884399500     
   3.9603300000000154       -66.698281805834725       0.48216816839487925     
   3.9603400000000155       -66.698399830423995       0.48196635087781342     
   3.9603500000000156       -66.698517896854611       0.48176382004671753     
   3.9603600000000156       -66.698636005268781       0.48156057413686387     
   3.9603700000000157       -66.698754155809993       0.48135659751732757     
   3.9603800000000158       -66.698872348623226       0.48115188828197258     
   3.9603900000000158       -66.698990583853686       0.48094644442076806     
   3.9604000000000159       -66.699108861649577       0.48074024995417736     
   3.9604100000000160       -66.699227182159234       0.48053330271276073     
   3.9604200000000160       -66.699345545532736       0.48032559577550554     
   3.9604300000000161       -66.699463951921189       0.48011712672401491     
   3.9604400000000162       -66.699582401477471       0.47990787917576122     
   3.9604500000000162       -66.699700894355630       0.47969785053435360     
   3.9604600000000163       -66.699819430711685       0.47948703344621829     
   3.9604700000000164       -66.699938010702013       0.47927542507826054     
   3.9604800000000164       -66.700056634485435       0.47906300856362533     
   3.9604900000000165       -66.700175302222462       0.47884978085715985     
   3.9605000000000166       -66.700294014073506       0.47863573415018329     
   3.9605100000000166       -66.700412770202377       0.47842086049414784     
   3.9605200000000167       -66.700531570773521       0.47820515645780542     
   3.9605300000000168       -66.700650415952992       0.47798860454937547     
   3.9605400000000168       -66.700769305909162       0.47777120109472837     
   3.9605500000000169       -66.700888240810656       0.47755293763753959     
   3.9605600000000170       -66.701007220829183       0.47733380557439570     
   3.9605700000000170       -66.701126246137491       0.47711379615944388     
   3.9605800000000171       -66.701245316909962       0.47689290051227595     
   3.9605900000000172       -66.701364433323164       0.47667111423267988     
   3.9606000000000172       -66.701483595555189       0.47644841884480105     
   3.9606100000000173       -66.701602803785178       0.47622480966452291     
   3.9606200000000173       -66.701722058196211       0.47600027719202581     
   3.9606300000000174       -66.701841358970640       0.47577481177106873     
   3.9606400000000175       -66.701960706294514       0.47554840357754169     
   3.9606500000000175       -66.702080100355445       0.47532104261598640     
   3.9606600000000176       -66.702199541342821       0.47509271871591258     
   3.9606700000000177       -66.702319029447708       0.47486342153542599     
   3.9606800000000177       -66.702438564863684       0.47463314054579991     
   3.9606900000000178       -66.702558147786519       0.47440186503066001     
   3.9607000000000179       -66.702677778413772       0.47416958408274740     
   3.9607100000000179       -66.702797456945277       0.47393628660168097     
   3.9607200000000180       -66.702917183582713       0.47370196128396863     
   3.9607300000000181       -66.703036958530618       0.47346659661644774     
   3.9607400000000181       -66.703156781995347       0.47323018088059471     
   3.9607500000000182       -66.703276654185800       0.47299270213648953     
   3.9607600000000183       -66.703396575313008       0.47275414822405809     
   3.9607700000000183       -66.703516545590375       0.47251450675548773     
   3.9607800000000184       -66.703636565234021       0.47227376510243224     
   3.9607900000000185       -66.703756634462721       0.47203191040291026     
   3.9608000000000185       -66.703876753496687       0.47178892954855051     
   3.9608100000000186       -66.703996922560336       0.47154480916858393     
   3.9608200000000187       -66.704117141879351       0.47129953095240623     
   3.9608300000000187       -66.704237411683167       0.47105309035527448     
   3.9608400000000188       -66.704357732202752       0.47080546854960459     
   3.9608500000000189       -66.704478103672884       0.47055665108147049     
   3.9608600000000189       -66.704598526331083       0.47030662320638256     
   3.9608700000000190       -66.704719000416929       0.47005536988632562     
   3.9608800000000191       -66.704839526173984       0.46980287105813212     
   3.9608900000000191       -66.704960103848379       0.46954912044684355     
   3.9609000000000192       -66.705080733689172       0.46929409739218197     
   3.9609100000000192       -66.705201415948750       0.46903778556366510     
   3.9609200000000193       -66.705322150883276       0.46878016356443758     
   3.9609300000000194       -66.705442938750878       0.46852122378540439     
   3.9609400000000194       -66.705563779814511       0.46826094415321634     
   3.9609500000000195       -66.705684674339381       0.46799930217271096     
   3.9609600000000196       -66.705805622594525       0.46773628909530296     
   3.9609700000000196       -66.705926624853532       0.46747188169335468     
   3.9609800000000197       -66.706047681391908       0.46720605625245620     
   3.9609900000000198       -66.706168792489791       0.46693880282516348     
   3.9610000000000198       -66.706289958432109       0.46667009215422822     
   3.9610100000000199       -66.706411179505750       0.46639991336697251     
   3.9610200000000200       -66.706532456002975       0.46612823631963179     
   3.9610300000000200       -66.706653788219384       0.46585504916712567     
   3.9610400000000201       -66.706775176455665       0.46558032079481304     
   3.9610500000000202       -66.706896621016227       0.46530403835242495     
   3.9610600000000202       -66.707018122209163       0.46502616966300730     
   3.9610700000000203       -66.707139680348448       0.46474670082672681     
   3.9610800000000204       -66.707261295751721       0.46446559850793462     
   3.9610900000000204       -66.707382968741513       0.46418284297686729     
   3.9611000000000205       -66.707504699645071       0.46389841383665886     
   3.9611100000000206       -66.707626488795171       0.46361227595214000     
   3.9611200000000206       -66.707748336528411       0.46332440768916022     
   3.9611300000000207       -66.707870243188395       0.46303478672686732     
   3.9611400000000208       -66.707992209122096       0.46274337587413705     
   3.9611500000000208       -66.708114234683663       0.46245015141080953     
   3.9611600000000209       -66.708236320231606       0.46215508413336454     
   3.9611700000000210       -66.708358466130804       0.46185814405633435     
   3.9611800000000210       -66.708480672752117       0.46155930039073234     
   3.9611900000000211       -66.708602940471735       0.46125852150773822     
   3.9612000000000211       -66.708725269672968       0.46095577491360418     
   3.9612100000000212       -66.708847660745406       0.46065102720521250     
   3.9612200000000213       -66.708970114084394       0.46034424405217572     
   3.9612300000000213       -66.709092630093011       0.46003539014306494     
   3.9612400000000214       -66.709215209181011       0.45972442915300676     
   3.9612500000000215       -66.709337851764587       0.45941132370609616     
   3.9612600000000215       -66.709460558268589       0.45909603532560656     
   3.9612700000000216       -66.709583329124285       0.45877852439535705     
   3.9612800000000217       -66.709706164771376       0.45845875010644438     
   3.9612900000000217       -66.709829065657644       0.45813666563210709     
   3.9613000000000218       -66.709952032239229       0.45781223713331815     
   3.9613100000000219       -66.710075064979705       0.45748541518473068     
   3.9613200000000219       -66.710198164353045       0.45715614887862716     
   3.9613300000000220       -66.710321330841495       0.45682440017108078     
   3.9613400000000221       -66.710444564936381       0.45649011040669163     
   3.9613500000000221       -66.710567867139758       0.45615323362826810     
   3.9613600000000222       -66.710691237962436       0.45581372213522053     
   3.9613700000000223       -66.710814677926592       0.45547151226476945     
   3.9613800000000223       -66.710938187564722       0.45512655273157238     
   3.9613900000000224       -66.711061767419864       0.45477879031539553     
   3.9614000000000225       -66.711185418047435       0.45442815550173310     
   3.9614100000000225       -66.711309140013967       0.45407459091881014     
   3.9614200000000226       -66.711432933898536       0.45371803219608209     
   3.9614300000000227       -66.711556800292811       0.45335841260845450     
   3.9614400000000227       -66.711680739802162       0.45299566295811228     
   3.9614500000000228       -66.711804753044603       0.45262970666352215     
   3.9614600000000229       -66.711928840653187       0.45226047870595548     
   3.9614700000000229       -66.712053003275315       0.45188789690579118     
   3.9614800000000230       -66.712177241574182       0.45151187597798065     
   3.9614900000000230       -66.712301556227715       0.45113234175805283     
   3.9615000000000231       -66.712425947931735       0.45074919759064619     
   3.9615100000000232       -66.712550417398546       0.45036235753658466     
   3.9615200000000232       -66.712674965358488       0.44997173183545908     
   3.9615300000000233       -66.712799592560714       0.44957721238058318     
   3.9615400000000234       -66.712924299773405       0.44917870110503344     
   3.9615500000000234       -66.713049087786118       0.44877609062227264     
   3.9615600000000235       -66.713173957408756       0.44836926391982762     
   3.9615700000000236       -66.713298909473536       0.44795811320443907     
   3.9615800000000236       -66.713423944835981       0.44754251088851804     
   3.9615900000000237       -66.713549064376608       0.44712232346077002     
   3.9616000000000238       -66.713674269000506       0.44669742084693165     
   3.9616100000000238       -66.713799559639597       0.44626766147863184     
   3.9616200000000239       -66.713924937254433       0.44583289666022013     
   3.9616300000000240       -66.714050402834872       0.44539297006694079     
   3.9616400000000240       -66.714175957401181       0.44494771718309289     
   3.9616500000000241       -66.714301602006984       0.44449695985031684     
   3.9616600000000242       -66.714427337740318       0.44404052007120692     
   3.9616700000000242       -66.714553165724851       0.44357820960853450     
   3.9616800000000243       -66.714679087123727       0.44310980993658272     
   3.9616900000000244       -66.714805103139653       0.44263511947961648     
   3.9617000000000244       -66.714931215018183       0.44215389967186852     
   3.9617100000000245       -66.715057424052162       0.44166591712197806     
   3.9617200000000246       -66.715183731580311       0.44117089909903145     
   3.9617300000000246       -66.715310138995264       0.44066858511475032     
   3.9617400000000247       -66.715436647742735       0.44015867242705992     
   3.9617500000000248       -66.715563259327396       0.43964085279520076     
   3.9617600000000248       -66.715689975317346       0.43911479131988679     
   3.9617700000000249       -66.715816797346278       0.43858012422484033     
   3.9617800000000249       -66.715943727120703       0.43803647084341391     
   3.9617900000000250       -66.716070766423698       0.43748341635342386     
   3.9618000000000251       -66.716197917122301       0.43692050847148517     
   3.9618100000000251       -66.716325181171698       0.43634726351836278     
   3.9618200000000252       -66.716452560626649       0.43576316216647420     
   3.9618300000000253       -66.716580057645288       0.43516762998001918     
   3.9618400000000253       -66.716707674500952       0.43456005113094071     
   3.9618500000000254       -66.716835413592889       0.43393974235058180     
   3.9618600000000255       -66.716963277456742       0.43330595970347979     
   3.9618700000000255       -66.717091268778645       0.43265788940838495     
   3.9618800000000256       -66.717219390411017       0.43199461741736817     
   3.9618900000000257       -66.717347645389239       0.43131514561356360     
   3.9619000000000257       -66.717476036953698       0.43061835655879893     
   3.9619100000000258       -66.717604568571630       0.42990299923109121     
   3.9619200000000259       -66.717733243967004       0.42916766565234882     
   3.9619300000000259       -66.717862067152268       0.42841075206579110     
   3.9619400000000260       -66.717991042467219       0.42763045199395783     
   3.9619500000000261       -66.718120174627060       0.42682467624066972     
   3.9619600000000261       -66.718249468778851       0.42599100863146749     
   3.9619700000000262       -66.718378930571831       0.42512663446743854     
   3.9619800000000263       -66.718508566243202       0.42422822958349943     
   3.9619900000000263       -66.718638382729154       0.42329183380080576     
   3.9620000000000264       -66.718768387804985       0.42231265353828101     
   3.9620100000000265       -66.718898590266775       0.42128480202303259     
   3.9620200000000265       -66.719029000180257       0.42020090496406409     
   3.9620300000000266       -66.719159629211859       0.41905154239619630     
   3.9620400000000267       -66.719290491109319       0.41782431856375779     
   3.9620500000000267       -66.719421602400203       0.41650237840056820     
   3.9620600000000268       -66.719552983478494       0.41506176450802740     
   3.9620700000000268       -66.719684660398201       0.41346637481070858     
   3.9620800000000269       -66.719816668110113       0.41165703578161178     
   3.9620900000000270       -66.719949057125547       0.40952347749923929     
   3.9621000000000270       -66.720081910544010       0.40680665511714736     
   3.9621100000000271       -66.720215415176710       0.40236134689514119     
   3.9621200000000272       -66.728148392772468        1.2799454645051611E-006
   3.9621300000000272       -66.728329061625104        1.1675069145529922E-006
   3.9621400000000273       -66.728509731367168        1.0722349517156005E-006
   3.9621500000000274       -66.728690401998250        9.9151895146161917E-007
   3.9621600000000274       -66.728871073519045        9.1666828202126760E-007
   3.9621700000000275       -66.729051745928516        8.5335800640666071E-007
   3.9621800000000276       -66.729232419227458        7.9425394564995122E-007
   3.9621900000000276       -66.729413093415346        7.3908894863509522E-007
   3.9622000000000277       -66.729593768492663        6.8761150699240636E-007
   3.9622100000000278       -66.729774444459181        6.3958583074175124E-007
   3.9622200000000278       -66.729955121315243        5.9912419477411072E-007
   3.9622300000000279       -66.730135799059894        5.6111669755054550E-007
   3.9622400000000280       -66.730316477693918        5.2542139454085180E-007
   3.9622500000000280       -66.730497157216860        4.9190423149584695E-007
   3.9622600000000281       -66.730677837629329        4.6043840806753167E-007
   3.9622700000000282       -66.730858518930532        4.3090429809507686E-007
   3.9622800000000282       -66.731039201120893        4.0318868673357616E-007
   3.9622900000000283       -66.731219884200911        3.7718474462285673E-007
   3.9623000000000284       -66.731400568169434        3.5279146152570701E-007
   3.9623100000000284       -66.731581253027315        3.2991352153880865E-007
   3.9623200000000285       -66.731761938774071        3.0846098667917471E-007
   3.9623300000000286       -66.731942625410028        2.8834913819627178E-007
   3.9623400000000286       -66.732123312934789        2.6949788112240469E-007
   3.9623500000000287       -66.732304001348723        2.5183164723922385E-007
   3.9623600000000287       -66.732484690651773        2.3527922595375136E-007
   3.9623700000000288       -66.732665380843784        2.1977322983701697E-007
   3.9623800000000289       -66.732846071924442        2.0525029579647006E-007
   3.9623900000000289       -66.733026763894557        1.9311628970027547E-007
   3.9624000000000290       -66.733207456753419        1.8028693515859118E-007
   3.9624100000000291       -66.733388150501256        1.6957181525611986E-007
   3.9624200000000291       -66.733568845138009        1.5946678784869070E-007
   3.9624300000000292       -66.733749540663965        1.4993865882217960E-007
   3.9624400000000293       -66.733930237078638        1.4095625822108104E-007
   3.9624500000000293       -66.734110934382272        1.3248971653112562E-007
   3.9624600000000294       -66.734291632574909        1.2451079197302781E-007
   3.9624700000000295       -66.734472331656221        1.1699272017828832E-007
   3.9624800000000295       -66.734653031626550        1.0991011301086928E-007
   3.9624900000000296       -66.734833732485853        1.0323882955927861E-007
   3.9625000000000297       -66.735014434233904        9.6956289367492829E-008
   3.9625100000000297       -66.735195136870701        9.1040723330474790E-008
   3.9625200000000298       -66.735375840396699        8.5471813552710315E-008
   3.9625300000000299       -66.735556544811047        8.0230149486955796E-008
   3.9625400000000299       -66.735737250114340        7.5297117874129071E-008
   3.9625500000000300       -66.735917956306778        7.0655423881997123E-008
   3.9625600000000301       -66.736098663387907        6.6288667962173989E-008
   3.9625700000000301       -66.736279371357384        6.2181289894880365E-008
   3.9625800000000302       -66.736460080216190        5.8318531263405284E-008
   3.9625900000000303       -66.736640789963687        5.4686665048227688E-008
   3.9626000000000303       -66.736821500599660        5.1272095902277215E-008
   3.9626100000000304       -66.737002212124565        4.8062881008448244E-008
   3.9626200000000305       -66.737182924537947        4.5046878893728604E-008
   3.9626300000000305       -66.737363637840218        4.2212638347767971E-008
   3.9626400000000306       -66.737544352031136        3.9550176689218119E-008
   3.9626500000000306       -66.737725067110688        3.7049406727736787E-008
   3.9626600000000307       -66.737905783079228        3.4700881723637167E-008
   3.9626700000000308       -66.738086499936159        3.2495784581717167E-008
   3.9626800000000308       -66.738267217681951        3.0425564438255982E-008
   3.9626900000000309       -66.738447936316376        2.8482301036210817E-008
   3.9627000000000310       -66.738628655839364        2.6658555807301809E-008
   3.9627100000000310       -66.738809376250799        2.4947230503613582E-008
   3.9627200000000311       -66.738990097551053        2.3341768740081648E-008
   3.9627300000000312       -66.739170819739698        2.1835809752938456E-008
   3.9627400000000312       -66.739351542817445        2.0423484755246097E-008
   3.9627500000000313       -66.739532266783286        1.9099322123850015E-008
   3.9627600000000314       -66.739712991637987        1.7857909743549765E-008
   3.9627700000000314       -66.739893717381065        1.6694223855158914E-008
   3.9627800000000315       -66.740074444012549        1.5603374222313466E-008
   3.9627900000000316       -66.740255171532979        1.4581457744948049E-008
   3.9628000000000316       -66.740435899941573        1.3624146625682934E-008
   3.9628100000000317       -66.740616629239057        1.2727502311330833E-008
   3.9628200000000318       -66.740797359424704        1.1887807923235036E-008
   3.9628300000000318       -66.740978090499013        1.1101441765859477E-008
   3.9628400000000319       -66.741158822461770        1.0365138007154920E-008
   3.9628500000000320       -66.741339555313019        9.6759633638754394E-009
   3.9628600000000320       -66.741520289052630        9.0308436284658455E-009
   3.9628700000000321       -66.741701023680960        8.4274370445077320E-009
   3.9628800000000322       -66.741881759197554        7.8631157881166782E-009
   3.9628900000000322       -66.742062495602937        7.3352096989035926E-009
   3.9629000000000323       -66.742243232896286        6.8413948580333299E-009
   3.9629100000000324       -66.742423971078153        6.3796445903818721E-009
   3.9629200000000324       -66.742604710148370        5.9479143832419368E-009
   3.9629300000000325       -66.742785450106908        5.5446056634878005E-009
   3.9629400000000325       -66.742966190954050        5.1674876229886495E-009
   3.9629500000000326       -66.743146932689555        4.8152313987988764E-009
   3.9629600000000327       -66.743327675313381        4.4860670733726238E-009
   3.9629700000000327       -66.743508418825670        4.1787040494511984E-009
   3.9629800000000328       -66.743689163225724        3.8914994190027601E-009
   3.9629900000000329       -66.743869908514313        3.6233297843561254E-009
   3.9630000000000329       -66.744050654691392        3.3731536082844591E-009
   3.9630100000000330       -66.744231401756721        3.1395201253540486E-009
   3.9630200000000331       -66.744412149710357        2.9213692946209826E-009
   3.9630300000000331       -66.744592898552298        2.7178135297845074E-009
   3.9630400000000332       -66.744773648282575        2.5280652386309535E-009
   3.9630500000000333       -66.744954398900759        2.3511543822962722E-009
   3.9630600000000333       -66.745135150407449        2.1859748085735950E-009
   3.9630700000000334       -66.745315902802332        2.0319437243898619E-009
   3.9630800000000335       -66.745496656085436        1.8884855901291075E-009
   3.9630900000000335       -66.745677410256349        1.7545278563346756E-009
   3.9631000000000336       -66.745858165316108        1.6295804705634964E-009
   3.9631100000000337       -66.746038921263889        1.5134104340101355E-009
   3.9631200000000337       -66.746219678099820        1.4051824148708647E-009
   3.9631300000000338       -66.746400435823801        1.3044358926350696E-009
   3.9631400000000339       -66.746581194436018        1.2105185742683489E-009
   3.9631500000000339       -66.746761953936016        1.1228816395221959E-009
   3.9631600000000340       -66.746942714324504        1.0413922317079975E-009
   3.9631700000000341       -66.747123475601128        9.6556940221148579E-010
   3.9631800000000341       -66.747304237765775        8.9516579334277446E-010
   3.9631900000000342       -66.747485000818600        8.2962222277179387E-010
   3.9632000000000343       -66.747665764759645        7.6864314912938880E-010
   3.9632100000000343       -66.747846529588315        7.1184117859483343E-010
   3.9632200000000344       -66.748027295305050        6.5889545671401117E-010
   3.9632300000000344       -66.748208061909878        6.0966875992107816E-010
   3.9632400000000345       -66.748388829403041        5.6394785138043823E-010
   3.9632500000000346       -66.748569597783998        5.2136724567238468E-010
   3.9632600000000346       -66.748750367053319        4.8194433629097000E-010
   3.9632700000000347       -66.748931137210477        4.4535664045497469E-010
   3.9632800000000348       -66.749111908255500        4.1112446780289247E-010
   3.9632900000000348       -66.749292680188532        3.7935602807219010E-010
   3.9633000000000349       -66.749473453009415        3.4997930479600353E-010
   3.9633100000000350       -66.749654226718519        3.2257959266720110E-010
   3.9633200000000350       -66.749835001315347        2.9714986027329360E-010
   3.9633300000000351       -66.750015776800538        2.7380001969371886E-010
   3.9633400000000352       -66.750196553173438        2.5212321119738590E-010
   3.9633500000000352       -66.750377330434148        2.3196726021505279E-010
   3.9633600000000353       -66.750558108582624        2.1308717753261894E-010
   3.9633700000000354       -66.750738887619150        1.9564290928049863E-010
   3.9633800000000354       -66.750919667543286        1.7926719368214586E-010
   3.9633900000000355       -66.751100448355857        1.6410376761181547E-010
   3.9634000000000356       -66.751281230055980        1.5026431950578475E-010
   3.9634100000000356       -66.751462012643898        1.3726316379821432E-010
   3.9634200000000357       -66.751642796119881        1.2531768215732578E-010
   3.9634300000000358       -66.751823580483290        1.1411997273095646E-010
   3.9634400000000358       -66.752004365734777        1.0382798324807634E-010
   3.9634500000000359       -66.752185151874059        9.4271109437234671E-011
   3.9634600000000360       -66.752365938901079        8.5550159549067458E-011
   3.9634700000000360       -66.752546726815694        7.7445235409830574E-011
   3.9634800000000361       -66.752727515618517        7.0000523895904124E-011
   3.9634900000000362       -66.752908305309049        6.3058521367527945E-011
   3.9635000000000362       -66.753089095887020        5.6531890280098196E-011
   3.9635100000000363       -66.753269887353056        5.0561628957742265E-011
   3.9635200000000363       -66.753450679706603        4.5017471232237462E-011
   3.9635300000000364       -66.753631472947831        3.9898528925164101E-011
   3.9635400000000365       -66.753812267076896        3.5101477280363724E-011
   3.9635500000000365       -66.753993062093755        3.0779157000893065E-011
   3.9635600000000366       -66.754173857998168        2.6719515489048717E-011
   3.9635700000000367       -66.754354654790276        2.3075319433019104E-011
   3.9635800000000367       -66.754535452469923        1.9625264376562274E-011
   3.9635900000000368       -66.754716251037166        1.6512273030381646E-011
   3.9636000000000369       -66.754897050492460        1.3715177142141025E-011
   3.9636100000000369       -66.755077850835178        1.1003642441664852E-011
   3.9636200000000370       -66.755258652065223        8.6640324544381055E-012
   3.9636300000000371       -66.755439454183261        6.3914059230304092E-012
   3.9636400000000371       -66.755620257188411        4.4790837705477315E-012
   3.9636500000000372       -66.755801061081740        2.5646151868841116E-012
   3.9636600000000373       -66.755981865861798        8.6701016736393888E-013
   3.9636700000000373       -66.756162671530134        6.3963649192070682E-013
   3.9636800000000374       -66.756343478085938        2.0007699201111486E-012
   3.9636900000000375       -66.756524285529224        3.4284427149107919E-012
   3.9637000000000375       -66.756705093860063        4.7181517951836822E-012
   3.9637100000000376       -66.756885903078285        5.7342279073206255E-012
   3.9637200000000377       -66.757066713184187        6.7992278474093837E-012
   3.9637300000000377       -66.757247524177245        7.9132996451865746E-012
   3.9637400000000378       -66.757428336058155        8.9353709616564938E-012
   3.9637500000000379       -66.757609148826504        9.7567879701424918E-012
   3.9637600000000379       -66.757789962482192        1.0503227917032140E-011
   3.9637700000000380       -66.757970777025733        1.1171508162988175E-011
   3.9637800000000381       -66.758151592456414        1.1693312984561999E-011
   3.9637900000000381       -66.758332408774109        1.2362037319727884E-011
   3.9638000000000382       -66.758513225979698        1.3023730242404477E-011
   3.9638100000000382       -66.758694044072456        1.3643456734750240E-011
   3.9638200000000383       -66.758874863052213        1.4326465939499636E-011
   3.9638300000000384       -66.759055682920277        1.4750719164643062E-011
   3.9638400000000384       -66.759236503675069        1.5122791907629107E-011
   3.9638500000000385       -66.759417325317543        1.5534462605160115E-011
   3.9638600000000386       -66.759598147847171        1.5876781371086206E-011
   3.9638700000000386       -66.759778971264055        1.6219026122143987E-011
   3.9638800000000387       -66.759959795568633        1.6587916225792771E-011
   3.9638900000000388       -66.760140620760083        1.6918836701999378E-011
   3.9639000000000388       -66.760321446839086        1.7246352494263799E-011
   3.9639100000000389       -66.760502273805457        1.7522501967922228E-011
   3.9639200000000390       -66.760683101658756        1.7864080585165237E-011
   3.9639300000000390       -66.760863930399978        1.8025432998077424E-011
   3.9639400000000391       -66.761044760027815        1.8164580950497111E-011
   3.9639500000000392       -66.761225590543091        1.8360350277172682E-011
   3.9639600000000392       -66.761406421945566        1.8462934884648046E-011
   3.9639700000000393       -66.761587254235522        1.8497647857884658E-011
   3.9639800000000394       -66.761768087412435        1.8539688303083796E-011
   3.9639900000000394       -66.761948921476588        1.8751888930523819E-011
   3.9640000000000395       -66.762129756428109        1.8751518856182276E-011
   3.9640100000000396       -66.762310592266786        1.8789340453887842E-011
   3.9640200000000396       -66.762491428992490        1.8716731868077357E-011
   3.9640300000000397       -66.762672266605307        1.8621548747432826E-011
   3.9640400000000398       -66.762853105105251        1.8481734661198363E-011
   3.9640500000000398       -66.763033944492591        1.8504161166295791E-011
   3.9640600000000399       -66.763214784766760        1.8449242134011001E-011
   3.9640700000000400       -66.763395625928311        1.8378631949644841E-011
   3.9640800000000400       -66.763576467976961        1.8143116638687690E-011
   3.9640900000000401       -66.763757310912354        1.8170798199435012E-011
   3.9641000000000401       -66.763938154735087        1.8111882364261572E-011
   3.9641100000000402       -66.764118999444889        1.8174128868508888E-011
   3.9641200000000403       -66.764299845041549        1.8264056933503525E-011
   3.9641300000000403       -66.764480691525350        1.8385293287792592E-011
   3.9641400000000404       -66.764661538896505        1.8471668639108429E-011
   3.9641500000000405       -66.764842387154502        1.8382036633587024E-011
   3.9641600000000405       -66.765023236299385        1.8377373696883598E-011
   3.9641700000000406       -66.765204086331423        1.8353984998498163E-011
   3.9641800000000407       -66.765384937250190        1.8477885888046330E-011
   3.9641900000000407       -66.765565789056225        1.8391658566467111E-011
   3.9642000000000408       -66.765746641749118        1.8408756001046338E-011
   3.9642100000000409       -66.765927495328896        1.8468782059244404E-011
   3.9642200000000409       -66.766108349795957        1.8516151574961743E-011
   3.9642300000000410       -66.766289205149434        1.8616959825597707E-011
   3.9642400000000411       -66.766470061390265        1.8518149976406068E-011
   3.9642500000000411       -66.766650918517740        1.8649082278443530E-011
   3.9642600000000412       -66.766831776532214        1.8727241979377141E-011
   3.9642700000000413       -66.767012635433403        1.8847590155246507E-011
   3.9642800000000413       -66.767193495221761        1.8859358519307534E-011
   3.9642900000000414       -66.767374355896905        1.8813173241483128E-011
   3.9643000000000415       -66.767555217458920        1.8861578965356784E-011
   3.9643100000000415       -66.767736079907635        1.8785417665867499E-011
   3.9643200000000416       -66.767916943243421        1.8723689265698340E-011
   3.9643300000000417       -66.768097807465750        1.8754331421177994E-011
   3.9643400000000417       -66.768278672575164        1.8674617408009908E-011
   3.9643500000000418       -66.768459538571364        1.8746633874873926E-011
   3.9643600000000419       -66.768640405454519        1.8565667521860025E-011
   3.9643700000000419       -66.768821273223963        1.8553381053720841E-011
   3.9643800000000420       -66.769002141880193        1.8645159490423186E-011
   3.9643900000000420       -66.769183011423607        1.8666549787364300E-011
   3.9644000000000421       -66.769363881853437        1.8647898040550597E-011
   3.9644100000000422       -66.769544753170095        1.8784085398237949E-011
   3.9644200000000422       -66.769725625373781        1.8739824506989560E-011
   3.9644300000000423       -66.769906498464024        1.8784899561789341E-011
   3.9644400000000424       -66.770087372440742        1.8734569451339667E-011
   3.9644500000000424       -66.770268247304415        1.8764471458136239E-011
   3.9644600000000425       -66.770449123054647        1.8747892127635168E-011
   3.9644700000000426       -66.770629999691209        1.8668992278018475E-011
   3.9644800000000426       -66.770810877214927        1.8496167560518490E-011
   3.9644900000000427       -66.770991755624905        1.8543167001894290E-011
   3.9645000000000428       -66.771172634921626        1.8482104735539906E-011
   3.9645100000000428       -66.771353515105133        1.8287149572415728E-011
   3.9645200000000429       -66.771534396175241        1.8116619315833304E-011
   3.9645300000000430       -66.771715278131751        1.7969625787372934E-011
   3.9645400000000430       -66.771896160975032        1.7882880361715554E-011
   3.9645500000000431       -66.772077044704901        1.7861712109379368E-011
   3.9645600000000432       -66.772257929321128        1.7743954453900795E-011
   3.9645700000000432       -66.772438814824326        1.7810937909719844E-011
   3.9645800000000433       -66.772619701213515        1.7847057165454316E-011
   3.9645900000000434       -66.772800588489559        1.7758387353220922E-011
   3.9646000000000434       -66.772981476652078        1.7655876760613864E-011
   3.9646100000000435       -66.773162365701126        1.7701321889755189E-011
   3.9646200000000436       -66.773343255636519        1.7633376240648129E-011
   3.9646300000000436       -66.773524146458598        1.7672752150588167E-011
   3.9646400000000437       -66.773705038167293        1.7704060439882596E-011
   3.9646500000000438       -66.773885930762134        1.7699175458574246E-011
   3.9646600000000438       -66.774066824243633        1.7639075385507869E-011
   3.9646700000000439       -66.774247718611747        1.7423840148467207E-011
   3.9646800000000439       -66.774428613865823        1.7202165617883718E-011
   3.9646900000000440       -66.774609510006400        1.7136292385089291E-011
   3.9647000000000441       -66.774790407033805        1.7054653985345187E-011
   3.9647100000000441       -66.774971304947400        1.7009726960282023E-011
   3.9647200000000442       -66.775152203746828        1.6945482054590382E-011
   3.9647300000000443       -66.775333103433596        1.6896632241506875E-011
   3.9647400000000443       -66.775514004006453        1.6780650942867698E-011
   3.9647500000000444       -66.775694905465471        1.6708264401662138E-011
   3.9647600000000445       -66.775875807810635        1.6499690502769226E-011
   3.9647700000000445       -66.776056711042500        1.6508276227492995E-011
   3.9647800000000446       -66.776237615160440        1.6445437604299212E-011
   3.9647900000000447       -66.776418520164668        1.6437221953916985E-011
   3.9648000000000447       -66.776599426055625        1.6308806157402007E-011
   3.9648100000000448       -66.776780332832772        1.6440774667595786E-011
   3.9648200000000449       -66.776961240495837        1.6354695375753181E-011
   3.9648300000000449       -66.777142149045019        1.6270614485354901E-011
   3.9648400000000450       -66.777323058481059        1.6325015413561534E-011
   3.9648500000000451       -66.777503968803074        1.6326051621717852E-011
   3.9648600000000451       -66.777684880011066        1.6175283334973756E-011
   3.9648700000000452       -66.777865792105445        1.6145011253835644E-011
   3.9648800000000453       -66.778046705086155        1.6153300919086178E-011
   3.9648900000000453       -66.778227618953068        1.6176171513393456E-011
   3.9649000000000454       -66.778408533706269        1.6278164001922352E-011
   3.9649100000000455       -66.778589449345361        1.6412797047375232E-011
   3.9649200000000455       -66.778770365870685        1.6327679948820634E-011
   3.9649300000000456       -66.778951283282254        1.6446103738113987E-011
   3.9649400000000457       -66.779132201580012        1.6500504666320619E-011
   3.9649500000000457       -66.779313120763874        1.6411020690535832E-011
   3.9649600000000458       -66.779494040833839        1.6356989836670739E-011
   3.9649700000000458       -66.779674961790064        1.6335155450519778E-011
   3.9649800000000459       -66.779855883631981        1.6239010136587240E-011
   3.9649900000000460       -66.780036806360386        1.6231016530809939E-011
   3.9650000000000460       -66.780217729974609        1.6188383966664333E-011
   3.9650100000000461       -66.780398654474979        1.6101120436928795E-011
   3.9650200000000462       -66.780579579861708        1.5963896871085126E-011
   3.9650300000000462       -66.780760506134200        1.5747995500229688E-011
   3.9650400000000463       -66.780941433292654        1.5751326169303564E-011
   3.9650500000000464       -66.781122361337253        1.5903204679072285E-011
   3.9650600000000464       -66.781303290267729        1.5960640216879558E-011
   3.9650700000000465       -66.781484220084181        1.5939471964543372E-011
   3.9650800000000466       -66.781665150786836        1.5802692487909553E-011
   3.9650900000000466       -66.781846082375225        1.5668725576271452E-011
   3.9651000000000467       -66.782027014849746        1.5622392268710428E-011
   3.9651100000000468       -66.782207948210413        1.5513516397428855E-011
   3.9651200000000468       -66.782388882456530        1.5376958965399961E-011
   3.9651300000000469       -66.782569817588737        1.5370445656988824E-011
   3.9651400000000470       -66.782750753607331        1.5303388186301465E-011
   3.9651500000000470       -66.782931690511475        1.5403604317990965E-011
   3.9651600000000471       -66.783112628301495        1.5358381233454566E-011
   3.9651700000000472       -66.783293566977562        1.5321965918246860E-011
   3.9651800000000472       -66.783474506539406        1.5206502723685844E-011
   3.9651900000000473       -66.783655446986955        1.5089633246626970E-011
   3.9652000000000474       -66.783836388320665        1.5158096999812187E-011
   3.9652100000000474       -66.784017330539967        1.5275188521475986E-011
   3.9652200000000475       -66.784198273645302        1.5442610153589460E-011
   3.9652300000000475       -66.784379217636129        1.5645040818412781E-011
   3.9652400000000476       -66.784560162513330        1.5863458694790704E-011
   3.9652500000000477       -66.784741108276023        1.6102452704558345E-011
   3.9652600000000477       -66.784922054924550        1.6120364302688966E-011
   3.9652700000000478       -66.785103002458669        1.6162182703283179E-011
   3.9652800000000479       -66.785283950878835        1.6138942034634358E-011
   3.9652900000000479       -66.785464900184479        1.6070478281449141E-011
   3.9653000000000480       -66.785645850376156        1.5953830848995192E-011
   3.9653100000000481       -66.785826801453240        1.5842956576269291E-011
   3.9653200000000481       -66.786007753416143        1.5798843714757520E-011
   3.9653300000000482       -66.786188706264724        1.5643190446705073E-011
   3.9653400000000483       -66.786369659999139        1.5488869446282177E-011
   3.9653500000000483       -66.786550614619131        1.5247432945860357E-011
   3.9653600000000484       -66.786731570124815        1.5195178448834668E-011
   3.9653700000000485       -66.786912526516304        1.5059953284435323E-011
   3.9653800000000485       -66.787093483793413        1.5126862725386065E-011
   3.9653900000000486       -66.787274441956086        1.5019023062260810E-011
   3.9654000000000487       -66.787455401004422        1.4921915555040261E-011
   3.9654100000000487       -66.787636360938208        1.4939679123434264E-011
   3.9654200000000488       -66.787817321757800        1.4856116337114145E-011
   3.9654300000000489       -66.787998283463111        1.4752347491745848E-011
   3.9654400000000489       -66.788179246053829        1.4646358200328297E-011
   3.9654500000000490       -66.788360209530069        1.4709122808653774E-011
   3.9654600000000491       -66.788541173891858        1.4797496561413936E-011
   3.9654700000000491       -66.788722139139367        1.4783655781040277E-011
   3.9654800000000492       -66.788903105272652        1.4615568015112029E-011
   3.9654900000000493       -66.789084072291075        1.4583075487924663E-011
   3.9655000000000493       -66.789265040194806        1.4619786862605604E-011
   3.9655100000000494       -66.789446008984314        1.4647986527431083E-011
   3.9655200000000494       -66.789626978659399        1.4815556189281171E-011
   3.9655300000000495       -66.789807949219977        1.4800753215619505E-011
   3.9655400000000496       -66.789988920666204        1.4709566897863624E-011
   3.9655500000000496       -66.790169892997696        1.4850491207122712E-011
   3.9655600000000497       -66.790350866214538        1.4751311283589530E-011
   3.9655700000000498       -66.790531840316675        1.4667526452664486E-011
   3.9655800000000498       -66.790712815304531        1.4758934815025288E-011
   3.9655900000000499       -66.790893791177567        1.4666120170166625E-011
   3.9656000000000500       -66.791074767936038        1.4466131995997481E-011
   3.9656100000000500       -66.791255745580443        1.4394633633211621E-011
   3.9656200000000501       -66.791436724109687        1.4241422855813349E-011
   3.9656300000000502       -66.791617703524636        1.4331202891071371E-011
   3.9656400000000502       -66.791798683824808        1.4433565453941810E-011
   3.9656500000000503       -66.791979665010203        1.4462653297186989E-011
   3.9656600000000504       -66.792160647081232        1.4445555862607762E-011
   3.9656700000000504       -66.792341630037185        1.4504323668044586E-011
   3.9656800000000505       -66.792522613878489        1.4607056305256567E-011
   3.9656900000000506       -66.792703598605627        1.4789799015109868E-011
   3.9657000000000506       -66.792884584217688        1.4797644591150554E-011
   3.9657100000000507       -66.793065570715257        1.4673669686734076E-011
   3.9657200000000508       -66.793246558097820        1.4612903479852928E-011
   3.9657300000000508       -66.793427546365649        1.4529118648927882E-011
   3.9657400000000509       -66.793608535518700        1.4510392887245871E-011
   3.9657500000000510       -66.793789525557571        1.4432011141707335E-011
   3.9657600000000510       -66.793970516481068        1.4437784301435386E-011
   3.9657700000000511       -66.794151508289886        1.4383605417833678E-011
   3.9657800000000512       -66.794332500984098        1.4423499431851875E-011
   3.9657900000000512       -66.794513494563489        1.4462061178240523E-011
   3.9658000000000513       -66.794694489027961        1.4607574409334727E-011
   3.9658100000000513       -66.794875484377428        1.4820071096247982E-011
   3.9658200000000514       -66.795056480612288        1.4803565780615220E-011
   3.9658300000000515       -66.795237477732485        1.4755456116214798E-011
   3.9658400000000515       -66.795418475737534        1.4670265002791893E-011
   3.9658500000000516       -66.795599474627750        1.4536446120890408E-011
   3.9658600000000517       -66.795780474403230        1.4289458505345465E-011
   3.9658700000000517       -66.795961475063336        1.4290642743238399E-011
   3.9658800000000518       -66.796142476609248        1.4194053340096010E-011
   3.9658900000000519       -66.796323479039657        1.4065415498976108E-011
   3.9659000000000519       -66.796504482355559        1.3876233495579982E-011
   3.9659100000000520       -66.796685486556143        1.3778903943754509E-011
   3.9659200000000521       -66.796866491642277        1.3746559446303763E-011
   3.9659300000000521       -66.797047497613008        1.3702668629396916E-011
   3.9659400000000522       -66.797228504468919        1.3796075393202045E-011
   3.9659500000000523       -66.797409512209597        1.3892294722002893E-011
   3.9659600000000523       -66.797590520835826        1.4102644977735205E-011
   3.9659700000000524       -66.797771530347063        1.4200048544428986E-011
   3.9659800000000525       -66.797952540742841        1.4395521811631321E-011
   3.9659900000000525       -66.798133552023771        1.4484783742811183E-011
   3.9660000000000526       -66.798314564189425        1.4590180915282264E-011
   3.9660100000000527       -66.798495577240502        1.4525713964985698E-011
   3.9660200000000527       -66.798676591176047        1.4492111214773710E-011
   3.9660300000000528       -66.798857605996659        1.4565385934398971E-011
   3.9660400000000529       -66.799038621702366        1.4652871508739434E-011
   3.9660500000000529       -66.799219638292868        1.4811115297182671E-011
   3.9660600000000530       -66.799400655768380        1.4631333182061706E-011
   3.9660700000000531       -66.799581674128518        1.4573453555044580E-011
   3.9660800000000531       -66.799762693373864        1.4273249249185938E-011
   3.9660900000000532       -66.799943713503936        1.4012050778925792E-011
   3.9661000000000532       -66.800124734518832        1.3702372569923682E-011
   3.9661100000000533       -66.800305756418908        1.3497499414446187E-011
   3.9661200000000534       -66.800486779203396        1.3485286961175310E-011
   3.9661300000000534       -66.800667802872653        1.3442432352424779E-011
   3.9661400000000535       -66.800848827426890        1.3451536181226706E-011
   3.9661500000000536       -66.801029852865824        1.3628727775956881E-011
   3.9661600000000536       -66.801210879189497        1.3574696922091789E-011
   3.9661700000000537       -66.801391906398024        1.3614516921241679E-011
   3.9661800000000538       -66.801572934491489        1.3668103685896918E-011
   3.9661900000000538       -66.801753963469494        1.3669732012999702E-011
   3.9662000000000539       -66.801934993332395        1.3669287923789852E-011
   3.9662100000000540       -66.802116024079908        1.3659221901699917E-011
   3.9662200000000540       -66.802297055712316        1.3785713311638878E-011
   3.9662300000000541       -66.802478088229179        1.3843222864314461E-011
   3.9662400000000542       -66.802659121630811        1.3927747843922589E-011
   3.9662500000000542       -66.802840155917181        1.3974969329903312E-011
   3.9662600000000543       -66.803021191088447        1.3819982195665640E-011
   3.9662700000000544       -66.803202227143984        1.3805031192267355E-011
   3.9662800000000544       -66.803383264084189        1.3721468405947235E-011
   3.9662900000000545       -66.803564301909219        1.3642346511725615E-011
   3.9663000000000546       -66.803745340619173        1.3559227814615346E-011
   3.9663100000000546       -66.803926380213085        1.3540650082669950E-011
   3.9663200000000547       -66.804107420691992        1.3451980270436556E-011
   3.9663300000000548       -66.804288462055467        1.3416601163385167E-011
   3.9663400000000548       -66.804469504303569        1.3332224213513655E-011
   3.9663500000000549       -66.804650547436069        1.3330151797201021E-011
   3.9663600000000550       -66.804831591453549        1.2996418755998699E-011
   3.9663700000000550       -66.805012636354959        1.2890651509186076E-011
   3.9663800000000551       -66.805193682141152        1.2842171770444111E-011
   3.9663900000000551       -66.805374728811856        1.2878513070783507E-011
   3.9664000000000552       -66.805555776367186        1.2772819838839192E-011
   3.9664100000000553       -66.805736824806829        1.2880807531701066E-011
   3.9664200000000553       -66.805917874131282        1.2953120058038318E-011
   3.9664300000000554       -66.806098924340063        1.2837064744530835E-011
   3.9664400000000555       -66.806279975433185        1.3030169535947303E-011
   3.9664500000000555       -66.806461027410961        1.2839211175711776E-011
   3.9664600000000556       -66.806642080273036        1.2865338424224623E-011
   3.9664700000000557       -66.806823134019737        1.2915816564410912E-011
   3.9664800000000557       -66.807004188650666        1.2868373033825264E-011
   3.9664900000000558       -66.807185244166462        1.2937576935693565E-011
   3.9665000000000559       -66.807366300566187        1.2894574297206418E-011
   3.9665100000000559       -66.807547357850368        1.2944386303577934E-011
   3.9665200000000560       -66.807728416019117        1.2967626972226753E-011
   3.9665300000000561       -66.807909475072151        1.2922181843085431E-011
   3.9665400000000561       -66.808090535009498        1.2780221325670027E-011
   3.9665500000000562       -66.808271595831371        1.2643885938246058E-011
   3.9665600000000563       -66.808452657537259        1.2618350808679679E-011
   3.9665700000000563       -66.808633720127816        1.2555882259827436E-011
   3.9665800000000564       -66.808814783602458        1.2516728394492324E-011
   3.9665900000000565       -66.808995847961455        1.2463067614968773E-011
   3.9666000000000565       -66.809176913204837        1.2499778989649712E-011
   3.9666100000000566       -66.809357979332503        1.2422063377925951E-011
   3.9666200000000567       -66.809539046344412        1.2334873863058723E-011
   3.9666300000000567       -66.809720114240719        1.2229254645982715E-011
   3.9666400000000568       -66.809901183021140        1.2115419778524483E-011
   3.9666500000000569       -66.810082252685660        1.2040442716928132E-011
   3.9666600000000569       -66.810263323234423        1.1996773944626208E-011
   3.9666700000000570       -66.810444394667627        1.2059908627293225E-011
   3.9666800000000570       -66.810625466984888        1.2091957065270739E-011
   3.9666900000000571       -66.810806540186448        1.2002547104354258E-011
   3.9667000000000572       -66.810987614271923        1.2038296285747189E-011
   3.9667100000000572       -66.811168689242052        1.1964133387702228E-011
   3.9667200000000573       -66.811349765095883        1.1975975766631564E-011
   3.9667300000000574       -66.811530841834198        1.1950218592460260E-011
   3.9667400000000574       -66.811711919456499        1.1895151530438852E-011
   3.9667500000000575       -66.811892997962673        1.1905513612002020E-011
   3.9667600000000576       -66.812074077353429        1.1888638222027717E-011
   3.9667700000000576       -66.812255157628073        1.1890192534262193E-011
   3.9667800000000577       -66.812436238786802        1.1833941234347852E-011
   3.9667900000000578       -66.812617320829702        1.1776579711408885E-011
   3.9668000000000578       -66.812798403756574        1.1769696328656210E-011
   3.9668100000000579       -66.812979487567361        1.1811144654908881E-011
   3.9668200000000580       -66.813160572262532        1.1746825734348931E-011
   3.9668300000000580       -66.813341657841434        1.1576961611581282E-011
   3.9668400000000581       -66.813522744304635        1.1484369011327544E-011
   3.9668500000000582       -66.813703831651765        1.1380674180827555E-011
   3.9668600000000582       -66.813884919883023        1.1446695443358598E-011
   3.9668700000000583       -66.814066008998012        1.1482592654488144E-011
   3.9668800000000584       -66.814247098997271        1.1493102765787929E-011
   3.9668900000000584       -66.814428189880161        1.1463866892806133E-011
   3.9669000000000585       -66.814609281647108        1.1505981352873581E-011
   3.9669100000000586       -66.814790374298141        1.1509682096288998E-011
   3.9669200000000586       -66.814971467833089        1.1530998378361801E-011
   3.9669300000000587       -66.815152562252038        1.1551204437409979E-011
   3.9669400000000588       -66.815333657554618        1.1476967524496709E-011
   3.9669500000000588       -66.815514753741112        1.1494138973944246E-011
   3.9669600000000589       -66.815695850811920        1.1629734212685131E-011
   3.9669700000000589       -66.815876948766331        1.1578737968420683E-011
   3.9669800000000590       -66.816058047604685        1.1627069677426031E-011
   3.9669900000000591       -66.816239147326499        1.1682950902998831E-011
   3.9670000000000591       -66.816420247932669        1.1777319860091969E-011
   3.9670100000000592       -66.816601349422498        1.1827872015146568E-011
   3.9670200000000593       -66.816782451796158        1.2052655170199008E-011
   3.9670300000000593       -66.816963555053491        1.2222001188888498E-011
   3.9670400000000594       -66.817144659195122        1.2420361035954860E-011
   3.9670500000000595       -66.817325764220200        1.2444193823550146E-011
   3.9670600000000595       -66.817506870129108        1.2460255049973057E-011
   3.9670700000000596       -66.817687976921505        1.2266188065268580E-011
   3.9670800000000597       -66.817869084597916        1.2257158251334962E-011
   3.9670900000000597       -66.818050193158072        1.2202239219050171E-011
   3.9671000000000598       -66.818231302602243        1.2162049145558740E-011
   3.9671100000000599       -66.818412412929618        1.2113125317606924E-011
   3.9671200000000599       -66.818593524141079        1.2128002306136901E-011
   3.9671300000000600       -66.818774636236157        1.2030154650233271E-011
   3.9671400000000601       -66.818955749215021        1.2000400673173317E-011
   3.9671500000000601       -66.819136863077460        1.2034669557200081E-011
   3.9671600000000602       -66.819317977823474        1.2095953868159389E-011
   3.9671700000000603       -66.819499093453260        1.2111348960767524E-011
   3.9671800000000603       -66.819680209966592        1.2111793049977374E-011
   3.9671900000000604       -66.819861327363682        1.2158052342670089E-011
   3.9672000000000605       -66.820042445644205        1.2312595387697911E-011
   3.9672100000000605       -66.820223564808813        1.2353007505794267E-011
   3.9672200000000606       -66.820404684856626        1.2509993041476264E-011
   3.9672300000000607       -66.820585805787985        1.2622347611568330E-011
   3.9672400000000607       -66.820766927602932        1.2672677722018003E-011
   3.9672500000000608       -66.820948050301851        1.2781923667641118E-011
   3.9672600000000608       -66.821129173883875        1.2793544001965529E-011
   3.9672700000000609       -66.821310298349857        1.2818561027453749E-011
   3.9672800000000610       -66.821491423699143        1.2622125566963405E-011
   3.9672900000000610       -66.821672549932117        1.2590151143854200E-011
   3.9673000000000611       -66.821853677048182        1.2798947087352039E-011
   3.9673100000000612       -66.822034805048077        1.2879919353281366E-011
   3.9673200000000612       -66.822215933931346        1.2989091284036173E-011
   3.9673300000000613       -66.822397063698361        1.2899977382592928E-011
   3.9673400000000614       -66.822578194348807        1.2763716010037266E-011
   3.9673500000000614       -66.822759325882686        1.2570537203752489E-011
   3.9673600000000615       -66.822940458299570        1.2639074971806016E-011
   3.9673700000000616       -66.823121591600113        1.2726634561014786E-011
   3.9673800000000616       -66.823302725784544        1.2875626490919482E-011
   3.9673900000000617       -66.823483860851908        1.2900273442066160E-011
   3.9674000000000618       -66.823664996802648        1.2807532812075806E-011
   3.9674100000000618       -66.823846133636934        1.2885396453536183E-011
   3.9674200000000619       -66.824027271354737        1.2844318201625052E-011
   3.9674300000000620       -66.824208409955816        1.2867632885142180E-011
   3.9674400000000620       -66.824389549440113        1.2793025897887370E-011
   3.9674500000000621       -66.824570689808027        1.2749653185058682E-011
   3.9674600000000622       -66.824751831058919        1.2560841256004096E-011
   3.9674700000000622       -66.824932973193427        1.2532493561442001E-011
   3.9674800000000623       -66.825114116211267        1.2431093191859569E-011
   3.9674900000000624       -66.825295260112441        1.2367514419982703E-011
   3.9675000000000624       -66.825476404896591        1.2322809439524463E-011
   3.9675100000000625       -66.825657550564316        1.2397638471384198E-011
   3.9675200000000626       -66.825838697115060        1.2316296131113328E-011
   3.9675300000000626       -66.826019844549322        1.2308376540204335E-011
   3.9675400000000627       -66.826200992866589        1.2317850443347803E-011
   3.9675500000000627       -66.826382142067416        1.2225035798489140E-011
   3.9675600000000628       -66.826563292151135        1.1981082792544839E-011
   3.9675700000000629       -66.826744443118244        1.2074045467140119E-011
   3.9675800000000629       -66.826925594968486        1.2222519292966657E-011
   3.9675900000000630       -66.827106747702189        1.2196244014717195E-011
   3.9676000000000631       -66.827287901318556        1.2257602340544812E-011
   3.9676100000000631       -66.827469055818469        1.2171004944624050E-011
   3.9676200000000632       -66.827650211201117        1.2213711523637963E-011
   3.9676300000000633       -66.827831367467610        1.2217190222448456E-011
   3.9676400000000633       -66.828012524616611        1.2061092865186159E-011
   3.9676500000000634       -66.828193682649157        1.2141176952695787E-011
   3.9676600000000635       -66.828374841564610        1.2075747809111212E-011
   3.9676700000000635       -66.828556001363211        1.2116233942075875E-011
   3.9676800000000636       -66.828737162044888        1.2153315391098355E-011
   3.9676900000000637       -66.828918323609628        1.2230216839270724E-011
   3.9677000000000637       -66.829099486057629        1.2367958509192553E-011
   3.9677100000000638       -66.829280649388551        1.2483569733490185E-011
   3.9677200000000639       -66.829461813602450        1.2474984008766418E-011
   3.9677300000000639       -66.829642978699624        1.2561433374950562E-011
   3.9677400000000640       -66.829824144679478        1.2669643112417361E-011
   3.9677500000000641       -66.830005311542578        1.2600661255153986E-011
   3.9677600000000641       -66.830186479288528        1.2731519542323136E-011
   3.9677700000000642       -66.830367647917768        1.2658466867302801E-011
   3.9677800000000643       -66.830548817429658        1.2633301812077965E-011
   3.9677900000000643       -66.830729987824569        1.2697398688032990E-011
   3.9678000000000644       -66.830911159102442        1.2734406122187162E-011
   3.9678100000000645       -66.831092331263307        1.2695548316325281E-011
   3.9678200000000645       -66.831273504307333        1.2633449841814581E-011
   3.9678300000000646       -66.831454678233996        1.2658910956512651E-011
   3.9678400000000646       -66.831635853043252        1.2760459355831699E-011
   3.9678500000000647       -66.831817028735884        1.2765862441218209E-011
   3.9678600000000648       -66.831998205311294        1.2774744225415210E-011
   3.9678700000000648       -66.832179382769809        1.2731963631532986E-011
   3.9678800000000649       -66.832360561111059        1.2710573334591876E-011
   3.9678900000000650       -66.832541740334932        1.2655284227965543E-011
   3.9679000000000650       -66.832722920442038        1.2502073450567272E-011
   3.9679100000000651       -66.832904101431708        1.2494671963736437E-011
   3.9679200000000652       -66.833085283304641        1.2610727277243919E-011
   3.9679300000000652       -66.833266466059797        1.2509178877924873E-011
   3.9679400000000653       -66.833447649697888        1.2434645905538369E-011
   3.9679500000000654       -66.833628834218814        1.2479350885996610E-011
   3.9679600000000654       -66.833810019622902        1.2454481890245006E-011
   3.9679700000000655       -66.833991205909413        1.2773856046995510E-011
   3.9679800000000656       -66.834172393078958        1.2776520582254610E-011
