   3.9580000000000002       -66.696064299663846       0.51165433198603305     
   3.9580100000000003       -66.696176122035851       0.51153274789608016     
   3.9580200000000003       -66.696287970071424       0.51141096365722782     
   3.9580300000000004       -66.696399843811378       0.51128897371041260     
   3.9580400000000004       -66.696511743295844       0.51116678617269917     
   3.9580500000000005       -66.696623668565564       0.51104439580798122     
   3.9580600000000006       -66.696735619662007       0.51092180180084090     
   3.9580700000000006       -66.696847596625943       0.51079900333369088     
   3.9580800000000007       -66.696959599498385       0.51067599509582495     
   3.9580900000000008       -66.697071628320757       0.51055278517206359     
   3.9581000000000008       -66.697183683135222       0.51042936830380314     
   3.9581100000000009       -66.697295763983121       0.51030574364718706     
   3.9581200000000010       -66.697407870905906       0.51018191036065874     
   3.9581300000000010       -66.697520003946181       0.51005786309780732     
   3.9581400000000011       -66.697632163145826       0.50993360992779191     
   3.9581500000000012       -66.697744348547346       0.50980914555986623     
   3.9581600000000012       -66.697856560193685       0.50968446912076659     
   3.9581700000000013       -66.697968798127334       0.50955957973936250     
   3.9581800000000014       -66.698081062391125       0.50943447203324399     
   3.9581900000000014       -66.698193353028216       0.50930915406124322     
   3.9582000000000015       -66.698305670081766       0.50918362049310550     
   3.9582100000000016       -66.698418013595273       0.50905787042959905     
   3.9582200000000016       -66.698530383612379       0.50893189850829368     
   3.9582300000000017       -66.698642780176939       0.50880571267726971     
   3.9582400000000018       -66.698755203332752       0.50867930762515234     
   3.9582500000000018       -66.698867653124267       0.50855268242814966     
   3.9582600000000019       -66.698980129595725       0.50842583615871539     
   3.9582700000000020       -66.699092632791562       0.50829876340185731     
   3.9582800000000020       -66.699205162756471       0.50817147211704339     
   3.9582900000000021       -66.699317719535316       0.50804395694027515     
   3.9583000000000022       -66.699430303173131       0.50791621691629718     
   3.9583100000000022       -66.699542913715462       0.50778825108542980     
   3.9583200000000023       -66.699655551207783       0.50766005397229608     
   3.9583300000000023       -66.699768215695329       0.50753163355763309     
   3.9583400000000024       -66.699880907224752       0.50740298441639209     
   3.9583500000000025       -66.699993625841159       0.50727410556230279     
   3.9583600000000025       -66.700106371591261       0.50714499152087578     
   3.9583700000000026       -66.700219144521313       0.50701565018782113     
   3.9583800000000027       -66.700331944677700       0.50688607614246550     
   3.9583900000000027       -66.700444772108156       0.50675626836486021     
   3.9584000000000028       -66.700557626858782       0.50662622583561967     
   3.9584100000000029       -66.700670508977623       0.50649594300569889     
   3.9584200000000029       -66.700783418511065       0.50636542781311011     
   3.9584300000000030       -66.700896355507638       0.50623467476165240     
   3.9584400000000031       -66.701009320015089       0.50610368279652518     
   3.9584500000000031       -66.701122312081409       0.50597244635911742     
   3.9584600000000032       -66.701235331754461       0.50584097332029299     
   3.9584700000000033       -66.701348379082816       0.50570925817270262     
   3.9584800000000033       -66.701461454115787       0.50557729983130018     
   3.9584900000000034       -66.701574556901690       0.50544509271975369     
   3.9585000000000035       -66.701687687489823       0.50531264465073000     
   3.9585100000000035       -66.701800845929498       0.50517995009907801     
   3.9585200000000036       -66.701914032269869       0.50504700795049906     
   3.9585300000000037       -66.702027246561642       0.50491381259941337     
   3.9585400000000037       -66.702140488854354       0.50478037181341895     
   3.9585500000000038       -66.702253759197646       0.50464668004340141     
   3.9585600000000039       -66.702367057642704       0.50451273613763681     
   3.9585700000000039       -66.702480384240204       0.50437853894455342     
   3.9585800000000040       -66.702593739040665       0.50424408275806665     
   3.9585900000000040       -66.702707122095376       0.50410937542028977     
   3.9586000000000041       -66.702820533455949       0.50397441128123099     
   3.9586100000000042       -66.702933973173359       0.50383918914775128     
   3.9586200000000042       -66.703047441299773       0.50370370327910230     
   3.9586300000000043       -66.703160937887418       0.50356796148526384     
   3.9586400000000044       -66.703274462988333       0.50343195807771524     
   3.9586500000000044       -66.703388016655268       0.50329569182750533     
   3.9586600000000045       -66.703501598940875       0.50315915695067825     
   3.9586700000000046       -66.703615209898473       0.50302236123220756     
   3.9586800000000046       -66.703728849580870       0.50288529894168477     
   3.9586900000000047       -66.703842518041796       0.50274796431592783     
   3.9587000000000048       -66.703956215335353       0.50261036500463885     
   3.9587100000000048       -66.704069941515016       0.50247249530042326     
   3.9587200000000049       -66.704183696635369       0.50233435390925441     
   3.9587300000000050       -66.704297480750782       0.50219593501661075     
   3.9587400000000050       -66.704411293916181       0.50205724626095416     
   3.9587500000000051       -66.704525136186732       0.50191828188209242     
   3.9587600000000052       -66.704639007617629       0.50177904054246936     
   3.9587700000000052       -66.704752908264439       0.50163951636585424     
   3.9587800000000053       -66.704866838183008       0.50149971699287277     
   3.9587900000000054       -66.704980797429499       0.50135963659919602     
   3.9588000000000054       -66.705094786059917       0.50121927380730280     
   3.9588100000000055       -66.705208804131559       0.50107862266919745     
   3.9588200000000056       -66.705322851700856       0.50093769083550876     
   3.9588300000000056       -66.705436928825463       0.50079647240976000     
   3.9588400000000057       -66.705551035562138       0.50065496145225741     
   3.9588500000000058       -66.705665171969287       0.50051316549784819     
   3.9588600000000058       -66.705779338104790       0.50037107865919983     
   3.9588700000000059       -66.705893534026956       0.50022869947775772     
   3.9588800000000059       -66.706007759794304       0.50008602193137108     
   3.9588900000000060       -66.706122015465454       0.49994305358157470     
   3.9589000000000061       -66.706236301100361       0.49979978845568024     
   3.9589100000000061       -66.706350616757874       0.49965622052499709     
   3.9589200000000062       -66.706464962498018       0.49951235725049720     
   3.9589300000000063       -66.706579338380976       0.49936819265587068     
   3.9589400000000063       -66.706693744466804       0.49922372520030472     
   3.9589500000000064       -66.706808180816623       0.49907894875697573     
   3.9589600000000065       -66.706922647490984       0.49893387083033708     
   3.9589700000000065       -66.707037144551805       0.49878848534559544     
   3.9589800000000066       -66.707151672059766       0.49864278616254282     
   3.9589900000000067       -66.707266230077849       0.49849678069480002     
   3.9590000000000067       -66.707380818667403       0.49835046285533102     
   3.9590100000000068       -66.707495437891481       0.49820382647845635     
   3.9590200000000069       -66.707610087812782       0.49805687890278977     
   3.9590300000000069       -66.707724768494586       0.49790961401612338     
   3.9590400000000070       -66.707839480000970       0.49776203014040116     
   3.9590500000000071       -66.707954222394733       0.49761412099922014     
   3.9590600000000071       -66.708068995740689       0.49746589399222446     
   3.9590700000000072       -66.708183800103257       0.49731734289108503     
   3.9590800000000073       -66.708298635547877       0.49716846137947840     
   3.9590900000000073       -66.708413502138782       0.49701925679432207     
   3.9591000000000074       -66.708528399941997       0.49686972287207953     
   3.9591100000000075       -66.708643329023730       0.49671985325921258     
   3.9591200000000075       -66.708758289449534       0.49656965522934221     
   3.9591300000000076       -66.708873281286955       0.49641912248182979     
   3.9591400000000077       -66.708988304602002       0.49626824862029500     
   3.9591500000000077       -66.709103359462759       0.49611704085993130     
   3.9591600000000078       -66.709218445936060       0.49596549286098623     
   3.9591700000000078       -66.709333564091168       0.49581359816845078     
   3.9591800000000079       -66.709448713995911       0.49566136395843602     
   3.9591900000000080       -66.709563895718659       0.49550878383325131     
   3.9592000000000080       -66.709679109328746       0.49535585129043064     
   3.9592100000000081       -66.709794354896658       0.49520257345505164     
   3.9592200000000082       -66.709909632491403       0.49504894387850268     
   3.9592300000000082       -66.710024942182827       0.49489495599620664     
   3.9592400000000083       -66.710140284042907       0.49474061689742116     
   3.9592500000000084       -66.710255658142444       0.49458592006734209     
   3.9592600000000084       -66.710371064552547       0.49443085887483090     
   3.9592700000000085       -66.710486503344981       0.49427544038129612     
   3.9592800000000086       -66.710601974592393       0.49411965800446639     
   3.9592900000000086       -66.710717478367584       0.49396350503721503     
   3.9593000000000087       -66.710833014743585       0.49380698851453469     
   3.9593100000000088       -66.710948583793652       0.49365009723007586     
   3.9593200000000088       -66.711064185592093       0.49349283805097444     
   3.9593300000000089       -66.711179820213204       0.49333520434538908     
   3.9593400000000090       -66.711295487731434       0.49317718934242794     
   3.9593500000000090       -66.711411188222712       0.49301879990157887     
   3.9593600000000091       -66.711526921762271       0.49286002930353384     
   3.9593700000000092       -66.711642688426437       0.49270087068510793     
   3.9593800000000092       -66.711758488291579       0.49254133090076996     
   3.9593900000000093       -66.711874321434593       0.49238139858295954     
   3.9594000000000094       -66.711990187933210       0.49222108043062796     
   3.9594100000000094       -66.712106087865493       0.49206036963954297     
   3.9594200000000095       -66.712222021309131       0.49189925925697420     
   3.9594300000000096       -66.712337988343549       0.49173775598433833     
   3.9594400000000096       -66.712453989048313       0.49157585291397526     
   3.9594500000000097       -66.712570023502280       0.49141354298242051     
   3.9594600000000097       -66.712686091786381       0.49125083290016375     
   3.9594700000000098       -66.712802193981560       0.49108771106162447     
   3.9594800000000099       -66.712918330168009       0.49092418404260701     
   3.9594900000000099       -66.713034500428549       0.49076024481523634     
   3.9595000000000100       -66.713150704845319       0.49059588618649913     
   3.9595100000000101       -66.713266943500386       0.49043111475073403     
   3.9595200000000101       -66.713383216477354       0.49026591876478043     
   3.9595300000000102       -66.713499523859767       0.49010030469036470     
   3.9595400000000103       -66.713615865732322       0.48993426536270607     
   3.9595500000000103       -66.713732242179447       0.48976779343839844     
   3.9595600000000104       -66.713848653286547       0.48960089541282509     
   3.9595700000000105       -66.713965099139457       0.48943355936414051     
   3.9595800000000105       -66.714081579824594       0.48926579166210854     
   3.9595900000000106       -66.714198095428898       0.48909758038971357     
   3.9596000000000107       -66.714314646039853       0.48892893180180225     
   3.9596100000000107       -66.714431231745564       0.48875983854376015     
   3.9596200000000108       -66.714547852634340       0.48859029306316498     
   3.9596300000000109       -66.714664508796076       0.48842030165679606     
   3.9596400000000109       -66.714781200319521       0.48824985218182215     
   3.9596500000000110       -66.714897927295624       0.48807895082355585     
   3.9596600000000111       -66.715014689815362       0.48790758541171653     
   3.9596700000000111       -66.715131487969813       0.48773576203405694     
   3.9596800000000112       -66.715248321851689       0.48756346848972604     
   3.9596900000000113       -66.715365191553033       0.48739071076592300     
   3.9597000000000113       -66.715482097167651       0.48721747662935017     
   3.9597100000000114       -66.715599038789122       0.48704377196657417     
   3.9597200000000115       -66.715716016512332       0.48686958907430244     
   3.9597300000000115       -66.715833030432492       0.48669492002808185     
   3.9597400000000116       -66.715950080644760       0.48651977078052955     
   3.9597500000000116       -66.716067167246450       0.48634412877601269     
   3.9597600000000117       -66.716184290334539       0.48616799987042775     
   3.9597700000000118       -66.716301450006611       0.48599137145037807     
   3.9597800000000118       -66.716418646361021       0.48581424928786365     
   3.9597900000000119       -66.716535879497059       0.48563662069663938     
   3.9598000000000120       -66.716653149514713       0.48545849136413066     
   3.9598100000000120       -66.716770456514212       0.48527984852826361     
   3.9598200000000121       -66.716887800596993       0.48510069779705794     
   3.9598300000000122       -66.717005181865076       0.48492102632271322     
   3.9598400000000122       -66.717122600420240       0.48474083963863085     
   3.9598500000000123       -66.717240056366961       0.48456012479774752     
   3.9598600000000124       -66.717357549808852       0.48437888726100181     
   3.9598700000000124       -66.717475080850548       0.48419711398340093     
   3.9598800000000125       -66.717592649597648       0.48401481035012622     
   3.9598900000000126       -66.717710256156934       0.48383196320643895     
   3.9599000000000126       -66.717827900635072       0.48364857786648446     
   3.9599100000000127       -66.717945583140107       0.48346464106011799     
   3.9599200000000128       -66.718063303780383       0.48328015342261882     
   3.9599300000000128       -66.718181062665522       0.48309511539096722     
   3.9599400000000129       -66.718298859905843       0.48290951368509116     
   3.9599500000000130       -66.718416695612675       0.48272335326703525     
   3.9599600000000130       -66.718534569897372       0.48253662071943576     
   3.9599700000000131       -66.718652482872955       0.48234932094619293     
   3.9599800000000132       -66.718770434652967       0.48216144037561798     
   3.9599900000000132       -66.718888425351622       0.48197298385664394     
   3.9600000000000133       -66.719006455084013       0.48178393765662336     
   3.9600100000000134       -66.719124523966983       0.48159430193531022     
   3.9600200000000134       -66.719242632116817       0.48140407668467128     
   3.9600300000000135       -66.719360779651907       0.48121324808838989     
   3.9600400000000135       -66.719478966691312       0.48102182068094462     
   3.9600500000000136       -66.719597193353977       0.48082978046605690     
   3.9600600000000137       -66.719715459761005       0.48063712729598329     
   3.9600700000000137       -66.719833766033943       0.48044386086780566     
   3.9600800000000138       -66.719952112295573       0.48024996705816797     
   3.9600900000000139       -66.720070498669557       0.48005545010348921     
   3.9601000000000139       -66.720188925279658       0.47986029567263616     
   3.9601100000000140       -66.720307392252039       0.47966450330380161     
   3.9601200000000141       -66.720425899713277       0.47946807239360395     
   3.9601300000000141       -66.720544447790601       0.47927098844071031     
   3.9601400000000142       -66.720663036612279       0.47907325076073515     
   3.9601500000000143       -66.720781666308426       0.47887485852767675     
   3.9601600000000143       -66.720900337009681       0.47867579704665736     
   3.9601700000000144       -66.721019048847580       0.47847606540216653     
   3.9601800000000145       -66.721137801955209       0.47827566254649367     
   3.9601900000000145       -66.721256596466063       0.47807457356309380     
   3.9602000000000146       -66.721375432515472       0.47787279729767967     
   3.9602100000000147       -66.721494310239791       0.47767033247951662     
   3.9602200000000147       -66.721613229775713       0.47746716393700278     
   3.9602300000000148       -66.721732191262433       0.47726329027544340     
   3.9602400000000149       -66.721851194839033       0.47705870999595890     
   3.9602500000000149       -66.721970240646868       0.47685340763332440     
   3.9602600000000150       -66.722089328827707       0.47664738155431413     
   3.9602700000000151       -66.722208459525149       0.47644063002053744     
   3.9602800000000151       -66.722327632883406       0.47623313724726657     
   3.9602900000000152       -66.722446849048296       0.47602490134912451     
   3.9603000000000153       -66.722566108167214       0.47581591567205678     
   3.9603100000000153       -66.722685410388436       0.47560617808913869     
   3.9603200000000154       -66.722804755861532       0.47539567244638548     
   3.9603300000000154       -66.722924144738087       0.47518439645617033     
   3.9603400000000155       -66.723043577169818       0.47497234305932018     
   3.9603500000000156       -66.723163053311097       0.47475950973927789     
   3.9603600000000156       -66.723282573316794       0.47454587989700997     
   3.9603700000000157       -66.723402137343513       0.47433145082885364     
   3.9603800000000158       -66.723521745549846       0.47411621503740409     
   3.9603900000000158       -66.723641398095040       0.47390016491427606     
   3.9604000000000159       -66.723761095139821       0.47368329738438386     
   3.9604100000000160       -66.723880836847144       0.47346559527298310     
   3.9604200000000160       -66.724000623380789       0.47324705528798039     
   3.9604300000000161       -66.724120454906725       0.47302766933110457     
   3.9604400000000162       -66.724240331592185       0.47280742918326374     
   3.9604500000000162       -66.724360253605568       0.47258632649314253     
   3.9604600000000163       -66.724480221117659       0.47236435277370870     
   3.9604700000000164       -66.724600234300709       0.47214150404513883     
   3.9604800000000164       -66.724720293328147       0.47191776224128917     
   3.9604900000000165       -66.724840398375818       0.47169312311609385     
   3.9605000000000166       -66.724960549620903       0.47146757762173847     
   3.9605100000000166       -66.725080747242217       0.47124111655765621     
   3.9605200000000167       -66.725200991420920       0.47101373056979123     
   3.9605300000000168       -66.725321282339593       0.47078541014983583     
   3.9605400000000168       -66.725441620182465       0.47055614563206333     
   3.9605500000000169       -66.725562005136510       0.47032592717675453     
   3.9605600000000170       -66.725682437389452       0.47009474478944874     
   3.9605700000000170       -66.725802917132327       0.46986258829522187     
   3.9605800000000171       -66.725923444556244       0.46962944735052026     
   3.9605900000000172       -66.726044019856829       0.46939531142434715     
   3.9606000000000172       -66.726164643229367       0.46916016980926339     
   3.9606100000000173       -66.726285314872939       0.46892401160063019     
   3.9606200000000173       -66.726406034987988       0.46868682570592096     
   3.9606300000000174       -66.726526803776977       0.46844860083624956     
   3.9606400000000175       -66.726647621445451       0.46820932549515293     
   3.9606500000000175       -66.726768488199809       0.46796898797985187     
   3.9606600000000176       -66.726889404250215       0.46772757637082196     
   3.9606700000000177       -66.727010369808127       0.46748507853584381     
   3.9606800000000177       -66.727131385087930       0.46724148211333288     
   3.9606900000000178       -66.727252450306040       0.46699677451118854     
   3.9607000000000179       -66.727373565681773       0.46675094290284286     
   3.9607100000000179       -66.727494731436295       0.46650397421975082     
   3.9607200000000180       -66.727615947794078       0.46625585514144846     
   3.9607300000000181       -66.727737214981886       0.46600656738168866     
   3.9607400000000181       -66.727858533228599       0.46575610649722771     
   3.9607500000000182       -66.727979902766748       0.46550445369985344     
   3.9607600000000183       -66.728101323831254       0.46525159459854581     
   3.9607700000000183       -66.728222796659381       0.46499751452950111     
   3.9607800000000184       -66.728344321491576       0.46474219381163157     
   3.9607900000000185       -66.728465898571727       0.46448562657784859     
   3.9608000000000185       -66.728587528145923       0.46422779257785596     
   3.9608100000000186       -66.728709210463478       0.46396867591999585     
   3.9608200000000187       -66.728830945777347       0.46370825565435725     
   3.9608300000000187       -66.728952734343181       0.46344652464493047     
   3.9608400000000188       -66.729074576419492       0.46318346130721771     
   3.9608500000000189       -66.729196472269109       0.46291904364578212     
   3.9608600000000189       -66.729318422157107       0.46265326345565666     
   3.9608700000000190       -66.729440426353221       0.46238609804820463     
   3.9608800000000191       -66.729562485129435       0.46211752427742403     
   3.9608900000000191       -66.729684598762006       0.46184753280338109     
   3.9609000000000192       -66.729806767531215       0.46157609498145852     
   3.9609100000000192       -66.729928991720072       0.46130320059540447     
   3.9609200000000193       -66.730051271616531       0.46102882016022934     
   3.9609300000000194       -66.730173607511531       0.46075294254704796     
   3.9609400000000194       -66.730295999700630       0.46047553736290142     
   3.9609500000000195       -66.730418448483064       0.46019659252837419     
   3.9609600000000196       -66.730540954162635       0.45991607665366380     
   3.9609700000000196       -66.730663517047645       0.45963397667246936     
   3.9609800000000197       -66.730786137449755       0.45935026011290891     
   3.9609900000000198       -66.730908815686092       0.45906490814146061     
   3.9610000000000198       -66.731031552077866       0.45877790131632806     
   3.9610100000000199       -66.731154346951769       0.45848920547122701     
   3.9610200000000200       -66.731277200638303       0.45819880000461666     
   3.9610300000000200       -66.731400113473597       0.45790666366611493     
   3.9610400000000201       -66.731523085798671       0.45761276038275661     
   3.9610500000000202       -66.731646117959187       0.45731706760722118     
   3.9610600000000202       -66.731769210307405       0.45701955735768407     
   3.9610700000000203       -66.731892363199663       0.45672020092848026     
   3.9610800000000204       -66.732015576998990       0.45641897360533545     
   3.9610900000000204       -66.732138852073192       0.45611583567999792     
   3.9611000000000205       -66.732262188797193       0.45581076085899325     
   3.9611100000000206       -66.732385587550610       0.45550371728881850     
   3.9611200000000206       -66.732509048720118       0.45519467223537452     
   3.9611300000000207       -66.732632572699160       0.45488359207313683     
   3.9611400000000208       -66.732756159886392       0.45457044224090620     
   3.9611500000000208       -66.732879810688345       0.45425518246014812     
   3.9611600000000209       -66.733003525518257       0.45393778567873300     
   3.9611700000000210       -66.733127304796611       0.45361820957911592     
   3.9611800000000210       -66.733251148950544       0.45329641548894589     
   3.9611900000000211       -66.733375058415561       0.45297236359773080     
   3.9612000000000211       -66.733499033634075       0.45264600814461797     
   3.9612100000000212       -66.733623075057722       0.45231731642440348     
   3.9612200000000213       -66.733747183145482       0.45198624019766248     
   3.9612300000000213       -66.733871358365064       0.45165272982241117     
   3.9612400000000214       -66.733995601192788       0.45131674861791971     
   3.9612500000000215       -66.734119912114110       0.45097823933802506     
   3.9612600000000215       -66.734244291623696       0.45063716232456302     
   3.9612700000000216       -66.734368740226628       0.45029345719175917     
   3.9612800000000217       -66.734493258436487       0.44994707627671343     
   3.9612900000000217       -66.734617846778207       0.44959796536081592     
   3.9613000000000218       -66.734742505787182       0.44924607317289289     
   3.9613100000000219       -66.734867236009464       0.44889133223707295     
   3.9613200000000219       -66.734992038002076       0.44853368739441019     
   3.9613300000000220       -66.735116912334917       0.44817307660619338     
   3.9613400000000221       -66.735241859588839       0.44780943564360753     
   3.9613500000000221       -66.735366880357702       0.44744269797266095     
   3.9613600000000222       -66.735491975248706       0.44707278982778065     
   3.9613700000000223       -66.735617144881772       0.44669964924330602     
   3.9613800000000223       -66.735742389891385       0.44632319725930997     
   3.9613900000000224       -66.735867710926854       0.44594335203854280     
   3.9614000000000225       -66.735993108652082       0.44556004312305486     
   3.9614100000000225       -66.736118583746304       0.44517317779968124     
   3.9614200000000226       -66.736244136904915       0.44478267916069369     
   3.9614300000000227       -66.736369768842025       0.44438844762298840     
   3.9614400000000227       -66.736495480287317       0.44399039429149073     
   3.9614500000000228       -66.736621271989435       0.44358842155263850     
   3.9614600000000229       -66.736747144716603       0.44318242762687671     
   3.9614700000000229       -66.736873099256655       0.44277230633068515     
   3.9614800000000230       -66.736999136418063       0.44235794199631528     
   3.9614900000000230       -66.737125257031138       0.44193922837815508     
   3.9615000000000231       -66.737251461949327       0.44151603958839730     
   3.9615100000000232       -66.737377752049383       0.44108824401762076     
   3.9615200000000232       -66.737504128232416       0.44065571374890583     
   3.9615300000000233       -66.737630591427234       0.44021830960938763     
   3.9615400000000234       -66.737757142587853       0.43977588559644537     
   3.9615500000000234       -66.737883782698660       0.43932828837732435     
   3.9615600000000235       -66.738010512773258       0.43887535194922994     
   3.9615700000000236       -66.738137333857466       0.43841691635134583     
   3.9615800000000236       -66.738264247029491       0.43795279330441628     
   3.9615900000000237       -66.738391253403918       0.43748279925228895     
   3.9616000000000238       -66.738518354131614       0.43700673533727946     
   3.9616100000000238       -66.738645550402708       0.43652438654132270     
   3.9616200000000239       -66.738772843448572       0.43603554010326445     
   3.9616300000000240       -66.738900234544886       0.43553995067870660     
