   3.9500000000000002       -66.573540013623727       0.58258111095268172     
   3.9510000000000001       -66.583261001520555       0.57686137320689868     
   3.9520000000000000       -66.593110877074480       0.57076905512769793     
   3.9529999999999998       -66.603098050375252       0.56424248502795715     
   3.9539999999999997       -66.613232367851424       0.55720182101703475     
   3.9549999999999996       -66.623525556498777       0.54954071645278912     
   3.9559999999999995       -66.633991884796544       0.54111241043483471     
   3.9569999999999994       -66.644649197588294       0.53170486978663634     
   3.9579999999999993       -66.655520648835079       0.52099227351942223     
   3.9589999999999992       -66.666637882959904       0.50842799558770591     
   3.9599999999999991       -66.678047729738324       0.49296075930236483     
   3.9609999999999990       -66.689829935575943       0.47199562553065749     
   3.9619999999999989       -66.702178796511475       0.43199824795333203     
   3.9629999999999987       -66.728204577060893        9.3410163641098143E-007
   3.9639999999999986       -66.746294959160224        7.2031956288576282E-007
   3.9649999999999985       -66.764394222403666        5.4541263120692440E-007
   3.9659999999999984       -66.782502355587212        4.0245001634945748E-007
   3.9669999999999983       -66.800619347507848        2.8541704163072740E-007
   3.9679999999999982       -66.818745186964421        1.9850885994247372E-007
   3.9689999999999981       -66.836879862757328        1.3298199800596913E-007
   3.9699999999999980       -66.855023363689327        8.7917839749115004E-008
   3.9709999999999979       -66.873175678563953        5.6105352660059303E-008
   3.9719999999999978       -66.891336796187630        3.4560454572248510E-008
   3.9729999999999976       -66.909506705368514        2.0549637399132809E-008
   3.9739999999999975       -66.927685394917432        1.1794538308980881E-008
   3.9749999999999974       -66.945872853645710        6.5339929763060427E-009
   3.9759999999999973       -66.964069070368339        3.4930016656886664E-009
   3.9769999999999972       -66.982274033902385        1.8014778557784439E-009
   3.9779999999999971       -67.000487733066109        9.3312143197484443E-010
   3.9789999999999970       -67.018710156682914        4.6620514856006900E-010
   3.9799999999999969       -67.036941293576518        2.2358463228992301E-010
   3.9809999999999968       -67.055181132574063        1.0283285334367065E-010
   3.9819999999999967       -67.073429662504211        4.4408402880928101E-011
   3.9829999999999965       -67.091686872199688        1.7692144046084952E-011
   3.9839999999999964       -67.109952750495935        5.6001129659459065E-012
   3.9849999999999963       -67.128227286230796        5.1351515632328904E-013
   3.9859999999999962       -67.146510468244301        2.1653789872289053E-012
   3.9869999999999961       -67.164802285381811        3.4537557998722454E-012
   3.9879999999999960       -67.183102726490276        3.7506294366570119E-012
   3.9889999999999959       -67.201411780418340        3.8066586919664287E-012
   3.9899999999999958       -67.219729436020515        3.2097287790596360E-012
   3.9909999999999957       -67.238055682153458        2.8665218347138457E-012
   3.9919999999999956       -67.256390507677423        2.5476657820415008E-012
   3.9929999999999954       -67.274733901455093        2.4820886087203084E-012
   3.9939999999999953       -67.293085852354650        2.2823224791560883E-012
   3.9949999999999952       -67.311446349245642        1.7259527140822684E-012
   3.9959999999999951       -67.329815381003016        1.2736478538499796E-012
   3.9969999999999950       -67.348192936504049        8.1808633941212372E-013
   3.9979999999999949       -67.366579004630140        8.6715819710055564E-013
   3.9989999999999948       -67.384973574266780        6.0958645538751932E-013
