   3.9580000000000002       -66.720479477608464       0.50611765420299049     
   3.9580100000000003       -66.720592435790280       0.50599248137706809     
   3.9580200000000003       -66.720705420283963       0.50586709855624357     
   3.9580300000000004       -66.720818431131732       0.50574149989996642     
   3.9580400000000004       -66.720931468376349       0.50561569342855883     
   3.9580500000000005       -66.721044532060205       0.50548967387395638     
   3.9580600000000006       -66.721157622225562       0.50536344036560443     
   3.9580700000000006       -66.721270738916317       0.50523699202738270     
   3.9580800000000007       -66.721383882174322       0.50511032350236074     
   3.9580900000000008       -66.721497052043645       0.50498344280654350     
   3.9581000000000008       -66.721610248567572       0.50485634462967843     
   3.9581100000000009       -66.721723471789531       0.50472902807404585     
   3.9581200000000010       -66.721836721752950       0.50460149223622475     
   3.9581300000000010       -66.721949998502097       0.50447373170315857     
   3.9581400000000011       -66.722063302081466       0.50434575450433039     
   3.9581500000000012       -66.722176632534783       0.50421755528129686     
   3.9581600000000012       -66.722289989906784       0.50408913310302439     
   3.9581700000000013       -66.722403374242177       0.50396048703667995     
   3.9581800000000014       -66.722516785585626       0.50383161161290924     
   3.9581900000000014       -66.722630223981795       0.50370251488192963     
   3.9582000000000015       -66.722743689476957       0.50357319142561496     
   3.9582100000000016       -66.722857182115334       0.50344364028528443     
   3.9582200000000016       -66.722970701943723       0.50331385599034539     
   3.9582300000000017       -66.723084249006391       0.50318384651248327     
   3.9582400000000018       -66.723197823350588       0.50305360643263375     
   3.9582500000000018       -66.723311425021990       0.50292313476608341     
   3.9582600000000019       -66.723425054066794       0.50279243051892819     
   3.9582700000000020       -66.723538710531869       0.50266148815370493     
   3.9582800000000020       -66.723652394463784       0.50253031567773820     
   3.9582900000000021       -66.723766105909647       0.50239890760508854     
   3.9583000000000022       -66.723879844916439       0.50226726291303525     
   3.9583100000000022       -66.723993611531597       0.50213537605490854     
   3.9583200000000023       -66.724107405802457       0.50200325497272280     
   3.9583300000000023       -66.724221227777079       0.50187089416974240     
   3.9583400000000024       -66.724335077502928       0.50173829259535296     
   3.9583500000000025       -66.724448955028549       0.50160544468841006     
   3.9583600000000025       -66.724562860402585       0.50147235832939541     
   3.9583700000000026       -66.724676793673012       0.50133902801021313     
   3.9583800000000027       -66.724790754888986       0.50120545264841954     
   3.9583900000000027       -66.724904744099220       0.50107162666036553     
   3.9584000000000028       -66.725018761353184       0.50093755787958538     
   3.9584100000000029       -66.725132806700159       0.50080324077483607     
   3.9584200000000029       -66.725246880189886       0.50066867423326300     
   3.9584300000000030       -66.725360981872271       0.50053385264666594     
   3.9584400000000031       -66.725475111797223       0.50039878380310721     
   3.9584500000000031       -66.725589270015234       0.50026346214538886     
   3.9584600000000032       -66.725703456576483       0.50012788652904072     
   3.9584700000000033       -66.725817671531956       0.49999205580418399     
   3.9584800000000033       -66.725931914932985       0.49985596425134382     
   3.9584900000000034       -66.726046186830118       0.49971961975118884     
   3.9585000000000035       -66.726160487275038       0.49958301663992022     
   3.9585100000000035       -66.726274816319346       0.49944615372863832     
   3.9585200000000036       -66.726389174015296       0.49930902526153931     
   3.9585300000000037       -66.726503560414628       0.49917163909068485     
   3.9585400000000037       -66.726617975569923       0.49903398951338901     
   3.9585500000000038       -66.726732419533604       0.49889607080252901     
   3.9585600000000039       -66.726846892358552       0.49875789066817017     
   3.9585700000000039       -66.726961394097913       0.49861944343673986     
   3.9585800000000040       -66.727075924804922       0.49848072785840408     
   3.9585900000000040       -66.727190484533523       0.49834173815318406     
   3.9586000000000041       -66.727305073337106       0.49820248202538209     
   3.9586100000000042       -66.727419691269645       0.49806295375066267     
   3.9586200000000042       -66.727534338385965       0.49792315203845666     
   3.9586300000000043       -66.727649014740408       0.49778307105051600     
   3.9586400000000044       -66.727763720387244       0.49764271849386738     
   3.9586500000000044       -66.727878455382367       0.49750208858030825     
   3.9586600000000045       -66.727993219780927       0.49736117998318602     
   3.9586700000000046       -66.728108013637922       0.49721998680220353     
   3.9586800000000046       -66.728222837010264       0.49707851674325881     
   3.9586900000000047       -66.728337689953207       0.49693676396195241     
   3.9587000000000048       -66.728452572523594       0.49679472256000518     
   3.9587100000000048       -66.728567484777599       0.49665240013723860     
   3.9587200000000049       -66.728682426772622       0.49650979085258662     
   3.9587300000000050       -66.728797398566073       0.49636689330189626     
   3.9587400000000050       -66.728912400214497       0.49622370151863882     
   3.9587500000000051       -66.729027431776501       0.49608022311941063     
   3.9587600000000052       -66.729142493309894       0.49593645218802335     
   3.9587700000000052       -66.729257584872585       0.49579238275288467     
   3.9587800000000053       -66.729372706523890       0.49564802232968402     
   3.9587900000000054       -66.729487858322273       0.49550336500366998     
   3.9588000000000054       -66.729603040326751       0.49535840929016567     
   3.9588100000000055       -66.729718252597209       0.49521314912843967     
   3.9588200000000056       -66.729833495193020       0.49506759207634016     
   3.9588300000000056       -66.729948768174552       0.49492173212478846     
   3.9588400000000057       -66.730064071601674       0.49477556319926957     
   3.9588500000000058       -66.730179405535679       0.49462909276916350     
   3.9588600000000058       -66.730294770037176       0.49448231481280791     
   3.9588700000000059       -66.730410165167015       0.49433522776486477     
   3.9588800000000059       -66.730525590987412       0.49418782544541134     
   3.9588900000000060       -66.730641047559885       0.49404011537825165     
   3.9589000000000061       -66.730756534946622       0.49389209144169027     
   3.9589100000000061       -66.730872053210618       0.49374374743128624     
   3.9589200000000062       -66.730987602413492       0.49359509079802538     
   3.9589300000000063       -66.731103182619719       0.49344611539366312     
   3.9589400000000063       -66.731218793891941       0.49329681498954975     
   3.9589500000000064       -66.731334436294162       0.49314719696547565     
   3.9589600000000065       -66.731450109890559       0.49299725514697346     
   3.9589700000000065       -66.731565814745295       0.49284698327144233     
   3.9589800000000066       -66.731681550923284       0.49269638865857796     
   3.9589900000000067       -66.731797318490095       0.49254546509707958     
   3.9590000000000067       -66.731913117510373       0.49239420628770875     
   3.9590100000000068       -66.732028948050470       0.49224261949210318     
   3.9590200000000069       -66.732144810176280       0.49209069846421699     
   3.9590300000000069       -66.732260703954125       0.49193843685760097     
   3.9590400000000070       -66.732376629451579       0.49178584188408930     
   3.9590500000000071       -66.732492586734622       0.49163290725514641     
   3.9590600000000071       -66.732608575871907       0.49147962657178429     
   3.9590700000000072       -66.732724596930510       0.49132600700768014     
   3.9590800000000073       -66.732840649979323       0.49117204221757643     
   3.9590900000000073       -66.732956735086503       0.49101772575147695     
   3.9591000000000074       -66.733072852321243       0.49086306474290459     
   3.9591100000000075       -66.733189001753104       0.49070805279386270     
   3.9591200000000075       -66.733305183451463       0.49055268339236963     
   3.9591300000000076       -66.733421397486623       0.49039696363913493     
   3.9591400000000077       -66.733537643929139       0.49024088707332458     
   3.9591500000000077       -66.733653922850166       0.49008444711911897     
   3.9591600000000078       -66.733770234320104       0.48992765085130907     
   3.9591700000000078       -66.733886578411571       0.48977049174110426     
   3.9591800000000079       -66.734002955195834       0.48961296314187819     
   3.9591900000000080       -66.734119364746391       0.48945507210111222     
   3.9592000000000080       -66.734235807135164       0.48929681202569952     
   3.9592100000000081       -66.734352282435566       0.48913817618475514     
   3.9592200000000082       -66.734468790721991       0.48897917161492188     
   3.9592300000000082       -66.734585332067681       0.48881978707585200     
   3.9592400000000083       -66.734701906547699       0.48866002944550319     
   3.9592500000000084       -66.734818514236693       0.48849989206638994     
   3.9592600000000084       -66.734935155210124       0.48833936813717532     
   3.9592700000000085       -66.735051829544275       0.48817846453668728     
   3.9592800000000086       -66.735168537314848       0.48801717451639237     
   3.9592900000000086       -66.735285278598269       0.48785549118042332     
   3.9593000000000087       -66.735402053472399       0.48769342140748945     
   3.9593100000000088       -66.735518862014175       0.48753095377483152     
   3.9593200000000088       -66.735635704301700       0.48736809501675465     
   3.9593300000000089       -66.735752580414086       0.48720483829201316     
   3.9593400000000090       -66.735869490429394       0.48704117660461949     
   3.9593500000000090       -66.735986434427787       0.48687711670148692     
   3.9593600000000091       -66.736103412488148       0.48671264705983791     
   3.9593700000000092       -66.736220424691780       0.48654777429282142     
   3.9593800000000092       -66.736337471119100       0.48638249144545909     
   3.9593900000000093       -66.736454551851594       0.48621679139810020     
   3.9594000000000094       -66.736571666970391       0.48605068079172975     
   3.9594100000000094       -66.736688816558726       0.48588414796225182     
   3.9594200000000095       -66.736806000698522       0.48571719942322783     
   3.9594300000000096       -66.736923219473752       0.48554982808549202     
   3.9594400000000096       -66.737040472967564       0.48538202668527947     
   3.9594500000000097       -66.737157761264626       0.48521380176693535     
   3.9594600000000097       -66.737275084449735       0.48504514150153710     
   3.9594700000000098       -66.737392442608396       0.48487605231235470     
   3.9594800000000099       -66.737509835825776       0.48470652237551781     
   3.9594900000000099       -66.737627264189015       0.48453655800435941     
   3.9595000000000100       -66.737744727784403       0.48436615192856075     
   3.9595100000000101       -66.737862226699974       0.48419529668547295     
   3.9595200000000101       -66.737979761023183       0.48402399863682932     
   3.9595300000000102       -66.738097330843146       0.48385224573108915     
   3.9595400000000103       -66.738214936248738       0.48368004422582755     
   3.9595500000000103       -66.738332577329714       0.48350738205319926     
   3.9595600000000104       -66.738450254175916       0.48333426536887963     
   3.9595700000000105       -66.738567966878563       0.48316068208108415     
   3.9595800000000105       -66.738685715529314       0.48298663824480786     
   3.9595900000000106       -66.738803500219859       0.48281212631447773     
   3.9596000000000107       -66.738921321042611       0.48263713852726015     
   3.9596100000000107       -66.739039178091303       0.48246168100511416     
   3.9596200000000108       -66.739157071459431       0.48228574136126784     
   3.9596300000000109       -66.739275001241523       0.48210932562733388     
   3.9596400000000109       -66.739392967532396       0.48193242136560338     
   3.9596500000000110       -66.739510970428157       0.48175503452062013     
   3.9596600000000111       -66.739629010024586       0.48157715260144635     
   3.9596700000000111       -66.739747086419015       0.48139878146670617     
   3.9596800000000112       -66.739865199709286       0.48121990855972868     
   3.9596900000000113       -66.739983349993295       0.48104053966212823     
   3.9597000000000113       -66.740101537369867       0.48086066214576467     
   3.9597100000000114       -66.740219761938860       0.48068028171372362     
   3.9597200000000115       -66.740338023800362       0.48049938565930339     
   3.9597300000000115       -66.740456323055824       0.48031797961069311     
   3.9597400000000116       -66.740574659806299       0.48013605077454469     
   3.9597500000000116       -66.740693034153935       0.47995360471122944     
   3.9597600000000117       -66.740811446202542       0.47977062852622249     
   3.9597700000000118       -66.740929896055590       0.47958712771385437     
   3.9597800000000118       -66.741048383817699       0.47940308927824488     
   3.9597900000000119       -66.741166909593687       0.47921851864762460     
   3.9598000000000120       -66.741285473489910       0.47903340271487188     
   3.9598100000000120       -66.741404075612962       0.47884774684243797     
   3.9598200000000121       -66.741522716070804       0.47866153780500315     
   3.9598300000000122       -66.741641394970841       0.47847477629116747     
   3.9598400000000122       -66.741760112422782       0.47828746279395329     
   3.9598500000000123       -66.741878868536006       0.47809958407824454     
   3.9598600000000124       -66.741997663421415       0.47791114517554689     
   3.9598700000000124       -66.742116497190352       0.47772213270497593     
   3.9598800000000125       -66.742235369954983       0.47753255165047398     
   3.9598900000000126       -66.742354281828369       0.47734238848117538     
   3.9599000000000126       -66.742473232924596       0.47715164812650346     
   3.9599100000000127       -66.742592223358187       0.47696031689352220     
   3.9599200000000128       -66.742711253244906       0.47676839501918633     
   3.9599300000000128       -66.742830322701025       0.47657588257972155     
   3.9599400000000129       -66.742949431844025       0.47638276579826283     
   3.9599500000000130       -66.743068580792098       0.47618904931073930     
   3.9599600000000130       -66.743187769664033       0.47599471916161057     
   3.9599700000000131       -66.743306998580323       0.47579977529189704     
   3.9599800000000132       -66.743426267661704       0.47560421749793419     
   3.9599900000000132       -66.743545577030048       0.47540803169798823     
   3.9600000000000133       -66.743664926808179       0.47521122225070095     
   3.9600100000000134       -66.743784317119932       0.47501377486478152     
   3.9600200000000134       -66.743903748089735       0.47481568918864009     
   3.9600300000000135       -66.744023219843783       0.47461696472940496     
   3.9600400000000135       -66.744142732508521       0.47441758703321080     
   3.9600500000000136       -66.744262286211622       0.47421755552768441     
   3.9600600000000137       -66.744381881081850       0.47401686951579558     
   3.9600700000000137       -66.744501517248992       0.47381551434854269     
   3.9600800000000138       -66.744621194843788       0.47361348923725943     
   3.9600900000000139       -66.744740913997745       0.47341079327268959     
   3.9601000000000139       -66.744860674844873       0.47320741158158303     
   3.9601100000000140       -66.744980477518254       0.47300334315446380     
   3.9601200000000141       -66.745100322153121       0.47279858687049353     
   3.9601300000000141       -66.745220208886366       0.47259312760476341     
   3.9601400000000142       -66.745340137854313       0.47238696412384540     
   3.9601500000000143       -66.745460109196060       0.47218009508425940     
   3.9601600000000143       -66.745580123051511       0.47197250508029903     
   3.9601700000000144       -66.745700179560970       0.47176419264875130     
   3.9601800000000145       -66.745820278867185       0.47155515154493671     
   3.9601900000000145       -66.745940421112593       0.47134538007136123     
   3.9602000000000146       -66.746060606442256       0.47113486251226117     
   3.9602100000000147       -66.746180835001681       0.47092359702409525     
   3.9602200000000147       -66.746301106938191       0.47071157700518063     
   3.9602300000000148       -66.746421422399550       0.47049880039021685     
   3.9602400000000149       -66.746541781535512       0.47028525108939195     
   3.9602500000000149       -66.746662184497225       0.47007092687107832     
   3.9602600000000150       -66.746782631436716       0.46985582074486093     
   3.9602700000000151       -66.746903122507518       0.46963993026404122     
   3.9602800000000151       -66.747023657864617       0.46942323889549670     
   3.9602900000000152       -66.747144237664756       0.46920574401088433     
   3.9603000000000153       -66.747264862065080       0.46898743819324706     
   3.9603100000000153       -66.747385531225262       0.46876831391478818     
   3.9603200000000154       -66.747506245305971       0.46854836819207751     
   3.9603300000000154       -66.747627004469066       0.46832758391800172     
   3.9603400000000155       -66.747747808878515       0.46810595789706838     
   3.9603500000000156       -66.747868658699304       0.46788348213577063     
   3.9603600000000156       -66.747989554098453       0.46766014850675958     
   3.9603700000000157       -66.748110495243807       0.46743594876240219     
   3.9603800000000158       -66.748231482305670       0.46721087451857918     
   3.9603900000000158       -66.748352515455679       0.46698492193524288     
   3.9604000000000159       -66.748473594866439       0.46675807301777605     
   3.9604100000000160       -66.748594720713584       0.46653032365267300     
   3.9604200000000160       -66.748715893173340       0.46630166492218111     
   3.9604300000000161       -66.748837112423814       0.46607208775752801     
   3.9604400000000162       -66.748958378645284       0.46584158293887712     
   3.9604500000000162       -66.749079692019578       0.46561014109680460     
   3.9604600000000163       -66.749201052730356       0.46537775270422554     
   3.9604700000000164       -66.749322460962972       0.46514440808665275     
   3.9604800000000164       -66.749443916904710       0.46491009739698735     
   3.9604900000000165       -66.749565420745299       0.46467481062661070     
   3.9605000000000166       -66.749686972675690       0.46443853759977194     
   3.9605100000000166       -66.749808572889322       0.46420126796323952     
   3.9605200000000167       -66.749930221580783       0.46396299119213563     
   3.9605300000000168       -66.750051918948017       0.46372369657303186     
   3.9605400000000168       -66.750173665189976       0.46348337321439198     
   3.9605500000000169       -66.750295460508156       0.46324201002527027     
   3.9605600000000170       -66.750417305106069       0.46299959572842675     
   3.9605700000000170       -66.750539199189660       0.46275611883656237     
   3.9605800000000171       -66.750661142966905       0.46251156766966056     
   3.9605900000000172       -66.750783136647811       0.46226593032871599     
   3.9606000000000172       -66.750905180444903       0.46201919470482511     
   3.9606100000000173       -66.751027274573275       0.46177134846036144     
   3.9606200000000173       -66.751149419250083       0.46152237904300525     
   3.9606300000000174       -66.751271614694801       0.46127226894116274     
   3.9606400000000175       -66.751393861130410       0.46102101453349875     
   3.9606500000000175       -66.751516158781072       0.46076859785827939     
   3.9606600000000176       -66.751638507873949       0.46051500538900747     
   3.9606700000000177       -66.751760908639127       0.46026022334279126     
   3.9606800000000177       -66.751883361309382       0.46000423296354248     
   3.9606900000000178       -66.752005866119191       0.45974702931982675     
   3.9607000000000179       -66.752128423307468       0.45948859314306562     
   3.9607100000000179       -66.752251033114760       0.45922890954533219     
   3.9607200000000180       -66.752373695784740       0.45896796335415874     
   3.9607300000000181       -66.752496411564408       0.45870573433304623     
   3.9607400000000181       -66.752619180702865       0.45844221616042385     
   3.9607500000000182       -66.752742003453534       0.45817738801508612     
   3.9607600000000183       -66.752864880071940       0.45791122870893969     
   3.9607700000000183       -66.752987810817075       0.45764373091560451     
   3.9607800000000184       -66.753110795951471       0.45737487281254618     
   3.9607900000000185       -66.753233835740190       0.45710463215552960     
   3.9608000000000185       -66.753356930452895       0.45683300056798792     
   3.9608100000000186       -66.753480080361797       0.45655995036588704     
   3.9608200000000187       -66.753603285742358       0.45628547236558642     
   3.9608300000000187       -66.753726546874972       0.45600953812310102     
   3.9608400000000188       -66.753849864042394       0.45573213760492015     
   3.9608500000000189       -66.753973237531326       0.45545324155851291     
   3.9608600000000189       -66.754096667633149       0.45517283906754513     
   3.9608700000000190       -66.754220154642383       0.45489089997413840     
   3.9608800000000191       -66.754343698857753       0.45460741246847336     
   3.9608900000000191       -66.754467300582206       0.45432234541212829     
   3.9609000000000192       -66.754590960123267       0.45403568605150196     
   3.9609100000000192       -66.754714677791355       0.45374740218698162     
   3.9609200000000193       -66.754838453903346       0.45345747532266828     
   3.9609300000000194       -66.754962288778714       0.45316588638128308     
   3.9609400000000194       -66.755086182742602       0.45287260151829350     
   3.9609500000000195       -66.755210136124106       0.45257760053952856     
   3.9609600000000196       -66.755334149258402       0.45228086262713041     
   3.9609700000000196       -66.755458222484563       0.45198235208594389     
   3.9609800000000197       -66.755582356146817       0.45168204685325164     
   3.9609900000000198       -66.755706550594851       0.45137991943123446     
   3.9610000000000198       -66.755830806183653       0.45107594162693870     
   3.9610100000000199       -66.755955123273765       0.45077008452778006     
   3.9610200000000200       -66.756079502230349       0.45046231848713908     
   3.9610300000000200       -66.756203943426115       0.45015261307210658     
   3.9610400000000201       -66.756328447237550       0.44984093707592626     
   3.9610500000000202       -66.756453014049200       0.44952725843733582     
   3.9610600000000202       -66.756577644250441       0.44921154426261767     
   3.9610700000000203       -66.756702338237588       0.44889376074807080     
   3.9610800000000204       -66.756827096412806       0.44857387317931702     
   3.9610900000000204       -66.756951919186349       0.44825184587404437     
   3.9611000000000205       -66.757076806973870       0.44792764215783037     
   3.9611100000000206       -66.757201760199052       0.44760122432187216     
   3.9611200000000206       -66.757326779292328       0.44727254877273409     
   3.9611300000000207       -66.757451864692044       0.44694158516642940     
   3.9611400000000208       -66.757577016843996       0.44660828766595850     
   3.9611500000000208       -66.757702236202476       0.44627260915811523     
   3.9611600000000209       -66.757827523228570       0.44593451567886216     
   3.9611700000000210       -66.757952878393795       0.44559395277148184     
   3.9611800000000210       -66.758078302176656       0.44525088375769029     
   3.9611900000000211       -66.758203795065128       0.44490525137558307     
   3.9612000000000211       -66.758329357556647       0.44455701124631647     
   3.9612100000000212       -66.758454990158398       0.44420611738679772     
   3.9612200000000213       -66.758580693386392       0.44385250786588454     
   3.9612300000000213       -66.758706467767581       0.44349613338816490     
   3.9612400000000214       -66.758832313839306       0.44313693808258409     
   3.9612500000000215       -66.758958232149396       0.44277486421550605     
   3.9612600000000215       -66.759084223257062       0.44240985209772271     
   3.9612700000000216       -66.759210287733268       0.44204183998827329     
   3.9612800000000217       -66.759336426160644       0.44167076399995658     
   3.9612900000000217       -66.759462639133460       0.44129655799499418     
   3.9613000000000218       -66.759588927260694       0.44091915346795524     
   3.9613100000000219       -66.759715291162820       0.44053847461945711     
   3.9613200000000219       -66.759841731474467       0.44015445743768317     
   3.9613300000000220       -66.759968248845325       0.43976701598743356     
   3.9613400000000221       -66.760094843938859       0.43937608059574851     
   3.9613500000000221       -66.760221517434346       0.43898155938755451     
   3.9613600000000222       -66.760348270026725       0.43858337645806689     
   3.9613700000000223       -66.760475102428359       0.43818143325969566     
   3.9613800000000223       -66.760602015367766       0.43777564213594339     
   3.9613900000000224       -66.760729009591273       0.43736590681804821     
   3.9614000000000225       -66.760856085865399       0.43695212702112135     
   3.9614100000000225       -66.760983244974213       0.43653419339453897     
   3.9614200000000226       -66.761110487723442       0.43611200656792132     
   3.9614300000000227       -66.761237814939463       0.43568544795060243     
   3.9614400000000227       -66.761365227470051       0.43525439382618109     
   3.9614500000000228       -66.761492726187498       0.43481872480041267     
   3.9614600000000229       -66.761620311986874       0.43437831090217688     
   3.9614700000000229       -66.761747985789000       0.43393301603997775     
   3.9614800000000230       -66.761875748541101       0.43348269761988661     
   3.9614900000000230       -66.762003601218183       0.43302720609971429     
   3.9615000000000231       -66.762131544823859       0.43256637963484890     
   3.9615100000000232       -66.762259580393035       0.43210006293896958     
   3.9615200000000232       -66.762387708991881       0.43162807283026389     
   3.9615300000000233       -66.762515931721026       0.43115023147286996     
   3.9615400000000234       -66.762644249715407       0.43066634635130902     
   3.9615500000000234       -66.762772664149125       0.43017620942671270     
   3.9615600000000235       -66.762901176234493       0.42967961582635256     
   3.9615700000000236       -66.763029787226486       0.42917632883938350     
   3.9615800000000236       -66.763158498423138       0.42866611296499735     
   3.9615900000000237       -66.763287311170714       0.42814870842493175     
   3.9616000000000238       -66.763416226864578       0.42762384943172577     
   3.9616100000000238       -66.763545246952276       0.42709124814703614     
   3.9616200000000239       -66.763674372938894       0.42655059800398282     
   3.9616300000000240       -66.763803606388237       0.42600156712614151     
   3.9616400000000240       -66.763932948928726       0.42544381088265742     
   3.9616500000000241       -66.764062402257224       0.42487695519586616     
   3.9616600000000242       -66.764191968142796       0.42430059400644859     
   3.9616700000000242       -66.764321648434574       0.42371430099718088     
   3.9616800000000243       -66.764451445065205       0.42311760696507278     
   3.9616900000000244       -66.764581360058756       0.42251001563735396     
   3.9617000000000244       -66.764711395538100       0.42189097990245444     
   3.9617100000000245       -66.764841553732566       0.42125991166488069     
   3.9617200000000246       -66.764971836987115       0.42061617621657560     
   3.9617300000000246       -66.765102247773754       0.41995907103828078     
   3.9617400000000247       -66.765232788701496       0.41928783284879428     
   3.9617500000000248       -66.765363462529265       0.41860162869009726     
   3.9617600000000248       -66.765494272184370       0.41789952567234390     
   3.9617700000000249       -66.765625220775988       0.41718050781853350     
   3.9617800000000249       -66.765756311615377       0.41644344139603856     
   3.9617900000000250       -66.765887548242191       0.41568706145268380     
   3.9618000000000251       -66.766018934445967       0.41490994483223553     
   3.9618100000000251       -66.766150474302364       0.41411049753338758     
   3.9618200000000252       -66.766282172206971       0.41328689630850984     
   3.9618300000000253       -66.766414032921261       0.41243707572147975     
   3.9618400000000253       -66.766546061624823       0.41155865452752077     
   3.9618500000000254       -66.766678263980992       0.41064886625807162     
   3.9618600000000255       -66.766810646215831       0.40970447349798950     
   3.9618700000000255       -66.766943215218134       0.40872164740116101     
   3.9618800000000256       -66.767075978665318       0.40769581444649128     
   3.9618900000000257       -66.767208945183938       0.40662140558867826     
   3.9619000000000257       -66.767342124565758       0.40549154973769158     
   3.9619100000000258       -66.767475528051335       0.40429760307102119     
   3.9619200000000259       -66.767609168727347       0.40302842909342629     
   3.9619300000000259       -66.767743062092123       0.40166926892350002     
   3.9619400000000260       -66.767877226902058       0.40019981522551040     
   3.9619500000000261       -66.768011686497317       0.39859080162550686     
   3.9619600000000261       -66.768146471044474       0.39679726279954280     
   3.9619700000000262       -66.768281621704133       0.39474333812857437     
   3.9619800000000263       -66.768417199613523       0.39228070995601555     
   3.9619900000000263       -66.768553310940263       0.38902446933557444     
   3.9620000000000264       -66.773663425963136        2.0153079832348673E-006
   3.9620100000000265       -66.773843748063811        1.8918114981965790E-006
   3.9620200000000265       -66.774024071051031        1.7834402837498449E-006
   3.9620300000000266       -66.774204394924709        1.6885014933650429E-006
   3.9620400000000267       -66.774384719684960        1.6055528781292832E-006
   3.9620500000000267       -66.774565045331499        1.5263306240390999E-006
   3.9620600000000268       -66.774745371864668        1.4506862049401548E-006
   3.9620700000000268       -66.774925699284353        1.3784759311796790E-006
   3.9620800000000269       -66.775106027590397        1.3156798528424218E-006
   3.9620900000000270       -66.775286356782985        1.2554837373427812E-006
   3.9621000000000270       -66.775466686862131        1.1977930807945587E-006
   3.9621100000000271       -66.775647017827481        1.1425161949111622E-006
   3.9621200000000272       -66.775827349679560        1.0895641255892485E-006
   3.9621300000000272       -66.776007682418154        1.0388506760013645E-006
   3.9621400000000273       -66.776188016042823        9.9029191706160690E-007
   3.9621500000000274       -66.776368350553895        9.4380695644010382E-007
   3.9621600000000274       -66.776548685951454        9.0366931101056502E-007
   3.9621700000000275       -66.776729022235330        8.6507700499301643E-007
   3.9621800000000276       -66.776909359405650        8.2797821029008867E-007
   3.9621900000000276       -66.777089697462344        7.9232240812743271E-007
   3.9622000000000277       -66.777270036405554        7.5806042065806878E-007
   3.9622100000000278       -66.777450376235009        7.2514459688773536E-007
   3.9622200000000278       -66.777630716950569        6.9352821063795034E-007
   3.9622300000000279       -66.777811058552587        6.6316659763643315E-007
   3.9622400000000280       -66.777991401040879        6.3401558284918258E-007
   3.9622500000000280       -66.778171744415658        6.0603286663093081E-007
   3.9622600000000281       -66.778352088676527        5.7917690147550138E-007
   3.9622700000000282       -66.778532433823756        5.5340747192230333E-007
   3.9622800000000282       -66.778712779857258        5.2868598365840569E-007
   3.9622900000000283       -66.778893126776936        5.0497432139510556E-007
   3.9623000000000284       -66.779073474582759        4.8223610652856996E-007
   3.9623100000000284       -66.779253823274843        4.6043574715900110E-007
   3.9623200000000285       -66.779434172853144        4.3953885449828550E-007
   3.9623300000000286       -66.779614523317804        4.1951186428394277E-007
   3.9623400000000286       -66.779794874668781        4.0032268115256880E-007
   3.9623500000000287       -66.779975226905691        3.8193996794907054E-007
   3.9623600000000287       -66.780155580028975        3.6433326022766721E-007
   3.9623700000000288       -66.780335934038092        3.4747325106110338E-007
   3.9623800000000289       -66.780516288933399        3.3133160333894313E-007
   3.9623900000000289       -66.780696644715306        3.1588082505251691E-007
   3.9624000000000290       -66.780877001382919        3.0109422451592610E-007
   3.9624100000000291       -66.781057358936579        2.8694618762573992E-007
   3.9624200000000291       -66.781237717376527        2.7341170209342164E-007
   3.9624300000000292       -66.781418076702650        2.6187420069471540E-007
   3.9624400000000293       -66.781598436915047        2.4942891263535216E-007
   3.9624500000000293       -66.781778798013107        2.3882385321212968E-007
   3.9624600000000294       -66.781959159997399        2.2738892628086185E-007
   3.9624700000000295       -66.782139522867652        2.1764869521471533E-007
   3.9624800000000295       -66.782319886624094        2.0829109192987971E-007
   3.9624900000000296       -66.782500251266441        1.9930276658660281E-007
   3.9625000000000297       -66.782680616794977        1.9067040894308698E-007
   3.9625100000000297       -66.782860983209190        1.8238152551160644E-007
   3.9625200000000298       -66.783041350509933        1.7442407059438855E-007
   3.9625300000000299       -66.783221718696211        1.6678589169020577E-007
   3.9625400000000299       -66.783402087768778        1.5945568125156720E-007
   3.9625500000000300       -66.783582457726979        1.5242219989867559E-007
   3.9625600000000301       -66.783762828571284        1.4567483686001026E-007
   3.9625700000000301       -66.783943200301451        1.3920295812338188E-007
   3.9625800000000302       -66.784123572917949        1.3299662171561977E-007
   3.9625900000000303       -66.784303946420110        1.2704567257474744E-007
   3.9626000000000303       -66.784484320808161        1.2134081687579604E-007
   3.9626100000000304       -66.784664696081904        1.1587288772929583E-007
   3.9626200000000305       -66.784845072241538        1.1063270692150222E-007
   3.9626300000000305       -66.785025449287332        1.0561206487125219E-007
   3.9626400000000306       -66.785205827218675        1.0080226009456794E-007
   3.9626500000000306       -66.785386206036350        9.6195661732541751E-008
   3.9626600000000307       -66.785566585739630        9.1784299420064982E-008
   3.9626700000000308       -66.785746966328702        8.7560625712986465E-008
   3.9626800000000308       -66.785927347803849        8.3517332309194600E-008
   3.9626900000000309       -66.786107730164346        7.9647594667756990E-008
   3.9627000000000310       -66.786288113410933        7.5944565821236168E-008
   3.9627100000000310       -66.786468497543183        7.2401579398473359E-008
   3.9627200000000311       -66.786648882560939        6.9012242439233276E-008
   3.9627300000000312       -66.786829268465027        6.5770502747734369E-008
   3.9627400000000312       -66.787009655254735        6.2670622987444816E-008
   3.9627500000000313       -66.787190042929964        5.9706857976256814E-008
   3.9627600000000314       -66.787370431491041        5.6873751412093533E-008
   3.9627700000000314       -66.787550820937980        5.4166224764765993E-008
   3.9627800000000315       -66.787731211270483        5.1578928609667209E-008
   3.9627900000000316       -66.787911602488762        4.9107153158682117E-008
   3.9628000000000316       -66.788091994592591        4.6745975608904665E-008
   3.9628100000000317       -66.788272387582367        4.4490886382438553E-008
   3.9628200000000318       -66.788452781457352        4.2337476709638132E-008
   3.9628300000000318       -66.788633176218326        4.0281524486355615E-008
   3.9628400000000319       -66.788813571865020        3.8319015368178576E-008
   3.9628500000000320       -66.788993968397108        3.6445975496827522E-008
   3.9628600000000320       -66.789174365815015        3.4658548697663605E-008
   3.9628700000000321       -66.789354764118556        3.2953345829866976E-008
   3.9628800000000322       -66.789535163307349        3.1326602127161131E-008
   3.9628900000000322       -66.789715563382316        2.9775273358012555E-008
   3.9629000000000323       -66.789895964342520        2.8295889853424683E-008
   3.9629100000000324       -66.790076366187861        2.6885511668813440E-008
   3.9629200000000324       -66.790256768919335        2.5541085764875977E-008
   3.9629300000000325       -66.790437172536187        2.4259608026137396E-008
   3.9629400000000325       -66.790617577038930        2.3038518796406986E-008
   3.9629500000000326       -66.790797982426881        2.1875091441951138E-008
   3.9629600000000327       -66.790978388700324        2.0766838101001401E-008
   3.9629700000000327       -66.791158795859431        1.9711498951598589E-008
   3.9629800000000328       -66.791339203903561        1.8706550678852334E-008
   3.9629900000000329       -66.791519612833596        1.7749826423478037E-008
   3.9630000000000329       -66.791700022649152        1.6839075393330443E-008
   3.9630100000000330       -66.791880433349888        1.5972349221016202E-008
   3.9630200000000331       -66.792060844936373        1.5147572381598213E-008
   3.9630300000000331       -66.792241257408321        1.4362948904296976E-008
   3.9630400000000332       -66.792421670765478        1.3616770155877589E-008
   3.9630500000000333       -66.792602085008085        1.2907136470730052E-008
   3.9630600000000333       -66.792782500136155        1.2232384882793212E-008
   3.9630700000000334       -66.792962916149762        1.1590882253997847E-008
   3.9630800000000335       -66.793143333048519        1.0980975758319763E-008
   3.9630900000000335       -66.793323750832727        1.0401363104151073E-008
   3.9631000000000336       -66.793504169502910        9.8507595414076832E-009
   3.9631100000000337       -66.793684589057492        9.3276506518691349E-009
   3.9631200000000337       -66.793865009497438        8.8306904751552419E-009
   3.9631300000000338       -66.794045430823118        8.3587992083522522E-009
   3.9631400000000339       -66.794225853033979        7.9107238537545754E-009
   3.9631500000000339       -66.794406276130317        7.4853049684501603E-009
   3.9631600000000340       -66.794586700111736        7.0813252298999414E-009
   3.9631700000000341       -66.794767124978648        6.6981210948095322E-009
   3.9631800000000341       -66.794947550730839        6.3343600735047785E-009
   3.9631900000000342       -66.795127977368182        5.9894716593807589E-009
   3.9632000000000343       -66.795308404890790        5.6623822667726626E-009
   3.9632100000000343       -66.795488833298464        5.3521098664077726E-009
   3.9632200000000344       -66.795669262591247        5.0578883303842304E-009
   3.9632300000000344       -66.795849692769565        4.7789697384577794E-009
   3.9632400000000345       -66.796030123833248        4.5146405132830596E-009
   3.9632500000000346       -66.796210555782068        4.2641392639097830E-009
   3.9632600000000346       -66.796390988616068        4.0267316148145937E-009
   3.9632700000000347       -66.796571422335120        3.8018509081657230E-009
   3.9632800000000348       -66.796751856939224        3.5889766714092275E-009
   3.9632900000000348       -66.796932292428750        3.3874241189835175E-009
   3.9633000000000349       -66.797112728803185        3.1964431101982882E-009
   3.9633100000000350       -66.797293166062985        3.0155788236877847E-009
   3.9633200000000350       -66.797473604207525        2.8445142537710430E-009
   3.9633300000000351       -66.797654043237500        2.6825743848490902E-009
   3.9633400000000352       -66.797834483152670        2.5294002448106312E-009
   3.9633500000000352       -66.798014923952607        2.3845433775685856E-009
   3.9633600000000353       -66.798195365637753        2.2474321662950083E-009
   3.9633700000000354       -66.798375808207794        2.1178247304002675E-009
   3.9633800000000354       -66.798556251663129        1.9951118535033174E-009
   3.9633900000000355       -66.798736696003488        1.8793142597672841E-009
   3.9634000000000356       -66.798917141228856        1.7697676657491002E-009
   3.9634100000000356       -66.799097587339290        1.6663549059122336E-009
   3.9634200000000357       -66.799278034334719        1.5686911029414812E-009
   3.9634300000000358       -66.799458482215087        1.4763593310836616E-009
   3.9634400000000358       -66.799638930980350        1.3889836688226371E-009
   3.9634500000000359       -66.799819380630751        1.3063667925194977E-009
   3.9634600000000360       -66.799999831165962        1.2286274220230098E-009
   3.9634700000000360       -66.800180282586297        1.1551029022172088E-009
   3.9634800000000361       -66.800360734891726        1.0857666617643720E-009
   3.9634900000000362       -66.800541188081723        1.0204173062078326E-009
   3.9635000000000362       -66.800721642156773        9.5876528938276806E-010
   3.9635100000000363       -66.800902097116960        9.0038169512733169E-010
   3.9635200000000363       -66.801082552961844        8.4557227886250530E-010
   3.9635300000000364       -66.801263009691553        7.9363167889331032E-010
   3.9635400000000365       -66.801443467306228        7.4470984934293938E-010
   3.9635500000000365       -66.801623925805643        6.9857364337622130E-010
   3.9635600000000366       -66.801804385190280        6.5516377508364110E-010
   3.9635700000000367       -66.801984845459231        6.1430786383690850E-010
   3.9635800000000367       -66.802165306613560        5.7552969797332787E-010
   3.9635900000000368       -66.802345768652586        5.3905946373333791E-010
   3.9636000000000369       -66.802526231576181        5.0480086777326960E-010
   3.9636100000000369       -66.802706695384714        4.7257634842405117E-010
   3.9636200000000370       -66.802887160078001        4.4224683174813134E-010
   3.9636300000000371       -66.803067625655984        4.1374170756114381E-010
   3.9636400000000371       -66.803248092118821        3.8686254200115400E-010
   3.9636500000000372       -66.803428559466610        3.6158017321004837E-010
   3.9636600000000373       -66.803609027698926        3.3768809970524671E-010
   3.9636700000000373       -66.803789496816165        3.1528831397527785E-010
   3.9636800000000374       -66.803969966817817        2.9407158190034960E-010
   3.9636900000000375       -66.804150437704649        2.7423219250977127E-010
   3.9637000000000375       -66.804330909475851        2.5570464264509002E-010
   3.9637100000000376       -66.804511382131651        2.3826000431862820E-010
   3.9637200000000377       -66.804691855672417        2.2187252035621441E-010
   3.9637300000000377       -66.804872330097808        2.0636840384706071E-010
   3.9637400000000378       -66.805052805407939        1.9176267980943371E-010
   3.9637500000000379       -66.805233281602455        1.7808339987842223E-010
   3.9637600000000379       -66.805413758681539        1.6521894963261730E-010
   3.9637700000000380       -66.805594236645518        1.5310760067184978E-010
   3.9637800000000381       -66.805774715494124        1.4179657448210037E-010
   3.9637900000000381       -66.805955195227057        1.3116626303618281E-010
   3.9638000000000382       -66.806135675844970        1.2126048313613561E-010
   3.9638100000000382       -66.806316157347183        1.1200684824075324E-010
   3.9638200000000383       -66.806496639733879        1.0337501225402927E-010
   3.9638300000000384       -66.806677123005471        9.5399170045122147E-011
   3.9638400000000384       -66.806857607161660        8.7895098606812397E-011
   3.9638500000000385       -66.807038092202092        8.0851621693985479E-011
   3.9638600000000386       -66.807218578127063        7.4283838339776295E-011
   3.9638700000000386       -66.807399064936973        6.8028397729828313E-011
   3.9638800000000387       -66.807579552630756        6.2168492576120116E-011
   3.9638900000000388       -66.807760041209320        5.6756155331072478E-011
   3.9639000000000388       -66.807940530672511        5.1739649601737860E-011
   3.9639100000000389       -66.808121021020284        4.6924168254728706E-011
   3.9639200000000390       -66.808301512252257        4.2516730876703455E-011
   3.9639300000000390       -66.808482004368571        3.8335927025438345E-011
   3.9639400000000391       -66.808662497369454        3.4314403170772799E-011
   3.9639500000000392       -66.808842991255034        3.0537424440998016E-011
   3.9639600000000392       -66.809023486024842        2.7089293771117202E-011
   3.9639700000000393       -66.809203981678792        2.3567370277532973E-011
   3.9639800000000394       -66.809384478216984        2.0265937076639300E-011
   3.9639900000000394       -66.809564975640654        1.7191581491715624E-011
   3.9640000000000395       -66.809745473947729        1.4471905155725532E-011
   3.9640100000000396       -66.809925973139229        1.1885751642163692E-011
   3.9640200000000396       -66.810106473215512        9.3840490933416731E-012
   3.9640300000000397       -66.810286974176037        7.0758954251459727E-012
   3.9640400000000398       -66.810467476020520        5.0215387403795830E-012
   3.9640500000000398       -66.810647978749657        3.2071382586688437E-012
   3.9640600000000399       -66.810828482363206        1.4583889651476056E-012
   3.9640700000000400       -66.811008986860514        2.8717768903637385E-014
   3.9640800000000400       -66.811189492242505        1.5739261745769302E-012
   3.9640900000000401       -66.811369998508908        3.0952277777866280E-012
   3.9641000000000401       -66.811550505659440        4.4042547386879960E-012
   3.9641100000000402       -66.811731013693802        5.6243158278827350E-012
   3.9641200000000403       -66.811911522613173        6.7998939812241588E-012
   3.9641300000000403       -66.812092032416146        7.8834716532583116E-012
   3.9641400000000404       -66.812272543103802        8.8506239374434391E-012
   3.9641500000000405       -66.812453054675743        9.7368039556992390E-012
   3.9641600000000405       -66.812633567131385        1.0720165496043895E-011
   3.9641700000000406       -66.812814080471554        1.1773767146413169E-011
   3.9641800000000407       -66.812994594695951        1.2549146906811378E-011
   3.9641900000000407       -66.813175109804234        1.3359017595841275E-011
   3.9642000000000408       -66.813355625796817        1.4005463455646350E-011
   3.9642100000000409       -66.813536142673414        1.4543625563116317E-011
   3.9642200000000409       -66.813716660434693        1.5090225365573435E-011
   3.9642300000000410       -66.813897179079092        1.5599743719008075E-011
   3.9642400000000411       -66.814077698608529        1.6199782256383816E-011
   3.9642500000000411       -66.814258219021454        1.6670812878298118E-011
   3.9642600000000412       -66.814438740319019        1.6890266962832357E-011
   3.9642700000000413       -66.814619262500372        1.7160717291631045E-011
   3.9642800000000413       -66.814799785565668        1.7500371522298035E-011
   3.9642900000000414       -66.814980309515349        1.7930323892301203E-011
   3.9643000000000415       -66.815160834348859        1.8255989312857917E-011
   3.9643100000000415       -66.815341360066455        1.8730720678187634E-011
   3.9643200000000416       -66.815521886668122        1.8964163572832149E-011
   3.9643300000000417       -66.815702414153662        1.9263775759744323E-011
   3.9643400000000417       -66.815882942523217        1.9419132968323538E-011
   3.9643500000000418       -66.816063471777071        1.9488410885060148E-011
   3.9643600000000419       -66.816244001914583        1.9597360771210031E-011
   3.9643700000000419       -66.816424532936054        1.9781287718956264E-011
   3.9643800000000420       -66.816605064841767        1.9953076228299931E-011
   3.9643900000000420       -66.816785597631210        2.0130489867635031E-011
   3.9644000000000421       -66.816966131304554        2.0200507933054723E-011
   3.9644100000000422       -66.817146665861785        2.0130489867635031E-011
   3.9644200000000422       -66.817327201303172        2.0283034511218528E-011
   3.9644300000000423       -66.817507737628006        2.0423588746136072E-011
   3.9644400000000424       -66.817688274837309        2.0608551902038624E-011
   3.9644500000000424       -66.817868812930044        2.0820308440268793E-011
   3.9644600000000425       -66.818049351907121        2.1061374866349070E-011
   3.9644700000000426       -66.818229891767743        2.1291265047314784E-011
   3.9644800000000426       -66.818410432512408        2.1462091363370444E-011
   3.9644900000000427       -66.818590974140847        2.1528186640769793E-011
   3.9645000000000428       -66.818771516652973        2.1667704667531023E-011
   3.9645100000000428       -66.818952060048986        2.1928014959371467E-011
   3.9645200000000429       -66.819132604328672        2.2007951017144478E-011
   3.9645300000000430       -66.819313149492373        2.2162642091908918E-011
   3.9645400000000430       -66.819493695539833        2.2143102166675515E-011
   3.9645500000000431       -66.819674242471095        2.2072121907967812E-011
   3.9645600000000432       -66.819854790285788        2.1960063397348979E-011
   3.9645700000000432       -66.820035338984397        2.1789459125898247E-011
   3.9645800000000433       -66.820215888566892        2.1801227489959274E-011
   3.9645900000000434       -66.820396439033118        2.1895966521393955E-011
   3.9646000000000434       -66.820576990383188        2.1946000572370394E-011
   3.9646100000000435       -66.820757542616818        2.1995516519268676E-011
   3.9646200000000436       -66.820938095733879        2.2057022874832910E-011
   3.9646300000000436       -66.821118649735055        2.1879313176024578E-011
   3.9646400000000437       -66.821299204619436        2.1759705148838293E-011
   3.9646500000000438       -66.821479760387803        2.1773990018421802E-011
   3.9646600000000438       -66.821660317039616        2.1934306223177675E-011
   3.9646700000000439       -66.821840874575358        2.2050583581290084E-011
   3.9646800000000439       -66.822021432994504        2.1914618268207658E-011
   3.9646900000000440       -66.822201992297678        2.1874206150111302E-011
   3.9647000000000441       -66.822382552483958        2.1799895222329724E-011
   3.9647100000000441       -66.822563113554040        2.1707080577471061E-011
   3.9647200000000442       -66.822743675507894        2.1779763178149853E-011
   3.9647300000000443       -66.822924238345323        2.1664596043062072E-011
   3.9647400000000443       -66.823104802065870        2.1775396300919663E-011
   3.9647500000000444       -66.823285366670220        2.1798118865490324E-011
   3.9647600000000445       -66.823465932158328        2.1754746152661635E-011
   3.9647700000000445       -66.823646498529527        2.1824172099134859E-011
   3.9647800000000446       -66.823827065784471        2.1950885553678745E-011
   3.9647900000000447       -66.824007633922847        2.1842009682397172E-011
   3.9648000000000447       -66.824188202945194        2.1781317490384328E-011
   3.9648100000000448       -66.824368772850406        2.1789237081293322E-011
   3.9648200000000449       -66.824549343639262        2.1728470874412171E-011
   3.9648300000000449       -66.824729915311863        2.1709152993783693E-011
   3.9648400000000450       -66.824910487867712        2.1466828314942177E-011
   3.9648500000000451       -66.825091061307049        2.1259290624205580E-011
   3.9648600000000451       -66.825271635629662        2.1157002076203451E-011
   3.9648700000000452       -66.825452210836019        2.1136722002286963E-011
   3.9648800000000453       -66.825632786925667        2.1084763564734505E-011
   3.9648900000000453       -66.825813363898405        2.1020296614437939E-011
   3.9649000000000454       -66.825993941755030        2.0922522973402618E-011
   3.9649100000000455       -66.826174520494732        2.0901428735934740E-011
   3.9649200000000455       -66.826355100117851        2.0715281342139253E-011
   3.9649300000000456       -66.826535680624175        2.0699886249531119E-011
   3.9649400000000457       -66.826716262014145        2.0610624318351256E-011
   3.9649500000000457       -66.826896844287219        2.0562884728292374E-011
   3.9649600000000458       -66.827077427443527        2.0510778261003299E-011
   3.9649700000000458       -66.827258011483579        2.0394352873154276E-011
   3.9649800000000459       -66.827438596406225        2.0253354549026881E-011
   3.9649900000000460       -66.827619182213240        2.0206059048177849E-011
   3.9650000000000460       -66.827799768902793        2.0175712952171427E-011
   3.9650100000000461       -66.827980356475877        2.0202506334499049E-011
   3.9650200000000462       -66.828160944932151        2.0256167114022599E-011
   3.9650300000000462       -66.828341534271502        2.0436763392694957E-011
   3.9650400000000463       -66.828522124493745        2.0418555735091104E-011
   3.9650500000000464       -66.828702715599931        2.0636233462785942E-011
   3.9650600000000464       -66.828883307589052        2.0808392046471152E-011
   3.9650700000000465       -66.829063900461506        2.0978330184107108E-011
   3.9650800000000466       -66.829244494216709        2.1027624086400465E-011
   3.9650900000000466       -66.829425088855430        2.1060782747402602E-011
   3.9651000000000467       -66.829605684377455        2.1062485089373695E-011
   3.9651100000000468       -66.829786280782315        2.1166920068556767E-011
   3.9651200000000468       -66.829966878070408        2.1204519621657408E-011
   3.9651300000000469       -66.830147476241777        2.1170028693025717E-011
   3.9651400000000470       -66.830328075296194        2.1127396128880111E-011
   3.9651500000000470       -66.830508675233773        2.1045683714267700E-011
   3.9651600000000471       -66.830689276054457        2.1088316278413306E-011
   3.9651700000000472       -66.830869877758246        2.1119328508234503E-011
   3.9651800000000472       -66.831050480345212        2.0913937248678849E-011
   3.9651900000000473       -66.831231083815197        2.0798770113591065E-011
   3.9652000000000474       -66.831411688168430        2.0672870822598572E-011
   3.9652100000000474       -66.831592293404313        2.0687229707050392E-011
   3.9652200000000475       -66.831772899523543        2.0660288294986156E-011
   3.9652300000000475       -66.831953506525736        2.0682936844688509E-011
   3.9652400000000476       -66.832134114410451        2.0827265837889779E-011
   3.9652500000000477       -66.832314723178840        2.0878336097022537E-011
   3.9652600000000477       -66.832495332829978        2.0846065614440097E-011
   3.9652700000000478       -66.832675943364038        2.0796401637805200E-011
   3.9652800000000479       -66.832856554781273        2.0678347922853391E-011
   3.9652900000000479       -66.833037167080946        2.0510408186661760E-011
   3.9653000000000480       -66.833217780264420        2.0487611607222789E-011
   3.9653100000000481       -66.833398394329990        2.0490276142481889E-011
   3.9653200000000481       -66.833579009279092        2.0380882167122156E-011
   3.9653300000000482       -66.833759625111000        2.0299391797114669E-011
   3.9653400000000483       -66.833940241825502        2.0256093099154288E-011
   3.9653500000000483       -66.834120859423294        2.0154692729571860E-011
   3.9653600000000484       -66.834301477903622        2.0012658197288147E-011
   3.9653700000000485       -66.834482097266971        1.9716228649713230E-011
   3.9653800000000485       -66.834662717513282        1.9703054003154346E-011
   3.9653900000000486       -66.834843338642671        1.9695726531191820E-011
   3.9654000000000487       -66.835023960654297        1.9723556121675756E-011
   3.9654100000000487       -66.835204583549270        1.9709271252092247E-011
   3.9654200000000488       -66.835385207326965        1.9522457724481985E-011
   3.9654300000000489       -66.835565831987154        1.9438968953030173E-011
   3.9654400000000489       -66.835746457530533        1.9498846981491624E-011
   3.9654500000000490       -66.835927083956264        1.9636588651413451E-011
   3.9654600000000491       -66.836107711265200        1.9624154153537649E-011
   3.9654700000000491       -66.836288339456559        1.9542071664583698E-011
   3.9654800000000492       -66.836468968530838        1.9405218173081568E-011
   3.9654900000000493       -66.836649598487682        1.9326688397806418E-011
   3.9655000000000493       -66.836830229327688        1.9227064385063386E-011
   3.9655100000000494       -66.837010861049890        1.8997766323044136E-011
   3.9655200000000494       -66.837191493655283        1.9038992604691884E-011
   3.9655300000000495       -66.837372127143169        1.8978300412679044E-011
   3.9655400000000496       -66.837552761513663        1.8579138227892145E-011
   3.9655500000000496       -66.837733396767007        1.8302840724497098E-011
   3.9655600000000497       -66.837914032902560        1.8107959576241228E-011
   3.9655700000000498       -66.838094669921517        1.7979247720253017E-011
   3.9655800000000498       -66.838275307822585        1.7873998577518552E-011
   3.9655900000000499       -66.838455946606558        1.7764678617027130E-011
   3.9656000000000500       -66.838636586273296        1.7662168024420073E-011
   3.9656100000000500       -66.838817226821959        1.7754908654410428E-011
   3.9656200000000501       -66.838997868253969        1.7522946057132078E-011
   3.9656300000000502       -66.839178510568331        1.7385944535893334E-011
   3.9656400000000502       -66.839359153765457        1.7218744948384785E-011
   3.9656500000000503       -66.839539797844679        1.7101431382116061E-011
   3.9656600000000504       -66.839720442806694        1.7079226921623558E-011
   3.9656700000000504       -66.839901088651175        1.7032819599194227E-011
   3.9656800000000505       -66.840081735378206        1.6927274396986529E-011
   3.9656900000000506       -66.840262382987859        1.6892709453486532E-011
   3.9657000000000506       -66.840443031479907        1.6739202616615028E-011
   3.9657100000000507       -66.840623680854790        1.6708930535476913E-011
   3.9657200000000508       -66.840804331111840        1.6702491241934087E-011
   3.9657300000000508       -66.840984982251541        1.6733799531228517E-011
   3.9657400000000509       -66.841165634273736        1.6654381577533666E-011
   3.9657500000000510       -66.841346287178183        1.6601534961561509E-011
   3.9657600000000510       -66.841526940965068        1.6510126599200703E-011
   3.9657700000000511       -66.841707595634631        1.6468086154001565E-011
   3.9657800000000512       -66.841888251186461        1.6472082956890215E-011
   3.9657900000000512       -66.842068907620614        1.6510866747883785E-011
   3.9658000000000513       -66.842249564937447        1.6400584594104355E-011
   3.9658100000000513       -66.842430223136390        1.6409318348564739E-011
   3.9658200000000514       -66.842610882217627        1.6256625675244624E-011
   3.9658300000000515       -66.842791542181743        1.6233903110673964E-011
   3.9658400000000515       -66.842972203027799        1.5965895272529451E-011
   3.9658500000000516       -66.843152864756732        1.5798177580942745E-011
   3.9658600000000517       -66.843333527367676        1.5677533345600143E-011
   3.9658700000000517       -66.843514190860560        1.5512406174404230E-011
   3.9658800000000518       -66.843694855235768        1.5467405134472756E-011
   3.9658900000000519       -66.843875520493725        1.5321595843905318E-011
   3.9659000000000519       -66.844056186634049        1.5260237518077702E-011
   3.9659100000000520       -66.844236853656298        1.5163796144671931E-011
   3.9659200000000521       -66.844417521561340        1.5006292504911773E-011
   3.9659300000000521       -66.844598190347767        1.4853007712645194E-011
   3.9659400000000522       -66.844778860017215        1.4808894851133420E-011
   3.9659500000000523       -66.844959530568403        1.4841535408057400E-011
   3.9659600000000523       -66.845140202002227        1.4844199943316500E-011
   3.9659700000000524       -66.845320874318077        1.5056548600493141E-011
   3.9659800000000525       -66.845501547516037        1.5169051200321821E-011
   3.9659900000000525       -66.845682221596206        1.5556889110257544E-011
   3.9660000000000526       -66.845862896558629        1.5724384757239324E-011
   3.9660100000000527       -66.846043572403417        1.6000608245766063E-011
   3.9660200000000527       -66.846224249129932        1.6041612482808887E-011
   3.9660300000000528       -66.846404926738913        1.6128431923334574E-011
   3.9660400000000529       -66.846585605230189        1.6252776902092592E-011
   3.9660500000000529       -66.846766284603532        1.6109188057574404E-011
   3.9660600000000530       -66.846946964858901        1.6042426646360280E-011
   3.9660700000000531       -66.847127645996380        1.5913196686293911E-011
   3.9660800000000531       -66.847308328015970        1.6068553894873123E-011
   3.9660900000000532       -66.847489010917585        1.6106745566920228E-011
   3.9661000000000532       -66.847669694701338        1.6074993188415949E-011
   3.9661100000000533       -66.847850379367074        1.6025551256385977E-011
   3.9661200000000534       -66.848031064915006        1.5870564122148305E-011
   3.9661300000000534       -66.848211751344706        1.5753620630221121E-011
   3.9661400000000535       -66.848392438657001        1.5763538622574440E-011
   3.9661500000000536       -66.848573126850866        1.5942136499802473E-011
   3.9661600000000536       -66.848753815926557        1.5869305869387063E-011
   3.9661700000000537       -66.848934505884671        1.5852874568622610E-011
   3.9661800000000538       -66.849115196724739        1.5864642932683637E-011
   3.9661900000000538       -66.849295888446690        1.5876263267008046E-011
   3.9662000000000539       -66.849476581050553        1.5754730853245746E-011
   3.9662100000000540       -66.849657274536185        1.5722978474741467E-011
   3.9662200000000540       -66.849837968904097        1.5911198284849586E-011
   3.9662300000000541       -66.850018664153680        1.5933920849420247E-011
   3.9662400000000542       -66.850199360285188        1.6101120436928795E-011
   3.9662500000000542       -66.850380057298878        1.6088019805238218E-011
   3.9662600000000543       -66.850560755194508        1.5956717428859218E-011
   3.9662700000000544       -66.850741453971722        1.5827783528266082E-011
   3.9662800000000544       -66.850922153630776        1.5765018919940605E-011
   3.9662900000000545       -66.851102854172012        1.5592490261913856E-011
   3.9663000000000546       -66.851283555595074        1.5413744354949206E-011
   3.9663100000000546       -66.851464257899849        1.5306348781033801E-011
   3.9663200000000547       -66.851644961086762        1.5316414803123735E-011
   3.9663300000000548       -66.851825665155076        1.5244176291654792E-011
   3.9663400000000548       -66.852006370105300        1.5165498486643021E-011
   3.9663500000000549       -66.852187075937138        1.5178377073728672E-011
   3.9663600000000550       -66.852367782651470        1.5077346778487783E-011
   3.9663700000000550       -66.852548490246647        1.4987344698624838E-011
   3.9663800000000551       -66.852729198724148        1.4929317041871098E-011
   3.9663900000000551       -66.852909908083248        1.4861593437368963E-011
   3.9664000000000552       -66.853090618324316        1.4833467787411792E-011
   3.9664100000000553       -66.853271329446841        1.4622229353259779E-011
   3.9664200000000553       -66.853452041450979        1.4621489204576694E-011
   3.9664300000000554       -66.853632754337411        1.4625486007465344E-011
   3.9664400000000555       -66.853813468105201        1.4659384817150567E-011
   3.9664500000000555       -66.853994182754718        1.4526824188010323E-011
   3.9664600000000556       -66.854174898285734        1.4521273072887197E-011
   3.9664700000000557       -66.854355614699074        1.4578634595826163E-011
   3.9664800000000557       -66.854536331993202        1.4755308086478180E-011
   3.9664900000000558       -66.854717050169342        1.4708900764048849E-011
   3.9665000000000559       -66.854897769227094        1.4811855445865756E-011
   3.9665100000000559       -66.855078489166686        1.5060989492591641E-011
   3.9665200000000560       -66.855259209987821        1.5196658746200835E-011
   3.9665300000000561       -66.855439931690242        1.5274152313319671E-011
   3.9665400000000561       -66.855620654274432        1.5398941381287539E-011
   3.9665500000000562       -66.855801377740249        1.5444164465823935E-011
   3.9665600000000563       -66.855982102087580        1.5397979187999528E-011
   3.9665700000000563       -66.856162827316794        1.5455192681201879E-011
   3.9665800000000564       -66.856343553427365        1.5596265020197581E-011
   3.9665900000000565       -66.856524280419350        1.5719795835404209E-011
   3.9666000000000565       -66.856705008292764        1.5889659958171858E-011
   3.9666100000000566       -66.856885737047904        1.6063150809486615E-011
   3.9666200000000567       -66.857066466684259        1.6015559249164351E-011
   3.9666300000000567       -66.857247197202710        1.6012006535485550E-011
   3.9666400000000568       -66.857427928602007        1.5935549176523029E-011
   3.9666500000000569       -66.857608660883017        1.5914084864713612E-011
   3.9666600000000569       -66.857789394045327        1.5930738210082989E-011
   3.9666700000000570       -66.857970128089192        1.5864050813737169E-011
   3.9666800000000570       -66.858150863014743        1.5707731411869947E-011
   3.9666900000000571       -66.858331598821479        1.5582942343902079E-011
   3.9667000000000572       -66.858512335510056        1.5616841153587302E-011
   3.9667100000000572       -66.858693073079394        1.5449271491737211E-011
   3.9667200000000573       -66.858873811530529        1.5400421678653704E-011
   3.9667300000000574       -66.859054550863135        1.5435652755968476E-011
   3.9667400000000574       -66.859235291076871        1.5351349820965272E-011
   3.9667500000000575       -66.859416032171950        1.5047074697349672E-011
   3.9667600000000576       -66.859596774148542        1.4948856967104501E-011
   3.9667700000000576       -66.859777517006336        1.4858780872373245E-011
   3.9667800000000577       -66.859958260745429        1.4853081727513502E-011
   3.9667900000000578       -66.860139005366264        1.4975946408905354E-011
   3.9668000000000578       -66.860319750868058        1.5045224325641964E-011
   3.9668100000000579       -66.860500497251138        1.4938790945014564E-011
   3.9668200000000580       -66.860681244515405        1.4817702620462114E-011
   3.9668300000000580       -66.860861992661441        1.4690693106444996E-011
   3.9668400000000581       -66.861042741688678        1.4608166528281192E-011
   3.9668500000000582       -66.861223491596888        1.4595065896590615E-011
   3.9668600000000582       -66.861404242386129        1.4537186269573491E-011
   3.9668700000000583       -66.861584994056741        1.4459322628113114E-011
   3.9668800000000584       -66.861765746608441        1.4424535640008193E-011
   3.9668900000000584       -66.861946500041554        1.4357034080110983E-011
   3.9669000000000585       -66.862127254355940        1.4417504227518899E-011
   3.9669100000000586       -66.862308009551668        1.4545475934824026E-011
   3.9669200000000586       -66.862488765628200        1.4701055188008166E-011
   3.9669300000000587       -66.862669522585989        1.4719040801007093E-011
   3.9669400000000588       -66.862850280425263        1.4570122885970704E-011
   3.9669500000000588       -66.863031039145312        1.4442003148928961E-011
   3.9669600000000589       -66.863211798746832        1.4324245493450386E-011
   3.9669700000000589       -66.863392559228970        1.4233799324377591E-011
   3.9669800000000590       -66.863573320592721        1.4264885569067095E-011
   3.9669900000000591       -66.863754082837147        1.4341046868556381E-011
   3.9670000000000591       -66.863934845962959        1.4306111850714842E-011
   3.9670100000000592       -66.864115609970085        1.4140688620045694E-011
   3.9670200000000593       -66.864296374857844        1.3851512529564994E-011
   3.9670300000000593       -66.864477140626846        1.3747003535513613E-011
   3.9670400000000594       -66.864657907276467        1.3613998817163520E-011
   3.9670500000000595       -66.864838674807515        1.3549975956076802E-011
   3.9670600000000595       -66.865019443219722        1.3563816736450462E-011
   3.9670700000000596       -66.865200212512676        1.3473814656587516E-011
   3.9670800000000597       -66.865380982686929        1.3385662948432278E-011
   3.9670900000000597       -66.865561753741744        1.3373820569502945E-011
   3.9671000000000598       -66.865742525677916        1.3359165625577893E-011
   3.9671100000000599       -66.865923298494948        1.3412678375364825E-011
   3.9671200000000599       -66.866104072192840        1.3421856219035059E-011
   3.9671300000000600       -66.866284846771734        1.3408163468398016E-011
   3.9671400000000601       -66.866465622231502        1.3370859974770610E-011
   3.9671500000000601       -66.866646398572271        1.3446873244523280E-011
   3.9671600000000602       -66.866827175794157        1.3486101124726702E-011
   3.9671700000000603       -66.867007953896632        1.3424520754294159E-011
   3.9671800000000603       -66.867188732880265        1.3495871087343403E-011
   3.9671900000000604       -66.867369512744403        1.3506825287853038E-011
   3.9672000000000605       -66.867550293489487        1.3511784284029696E-011
   3.9672100000000605       -66.867731075115785        1.3549383837130335E-011
   3.9672200000000606       -66.867911857622843        1.3593496698642108E-011
   3.9672300000000607       -66.868092641010634        1.3721690450552160E-011
   3.9672400000000607       -66.868273425279284        1.3737085543160296E-011
   3.9672500000000608       -66.868454210428709        1.3619475917418336E-011
   3.9672600000000608       -66.868634996458979        1.3603858780205277E-011
   3.9672700000000609       -66.868815783369996        1.3595273055481508E-011
   3.9672800000000610       -66.868996571161958        1.3623768779780221E-011
   3.9672900000000610       -66.869177359834367        1.3541020157011493E-011
   3.9673000000000611       -66.869358149387793        1.3373968599239561E-011
   3.9673100000000612       -66.869538939821979        1.3348433469673182E-011
   3.9673200000000612       -66.869719731136669        1.3309131574601452E-011
   3.9673300000000613       -66.869900523332475        1.3231489977745999E-011
   3.9673400000000614       -66.870081316408388        1.3076428828640019E-011
   3.9673500000000614       -66.870262110365587        1.3026838866873428E-011
   3.9673600000000615       -66.870442905203163        1.2914188237308130E-011
   3.9673700000000616       -66.870623700921669        1.2945866600944100E-011
   3.9673800000000616       -66.870804497520837        1.2875700505787790E-011
   3.9673900000000617       -66.870985295000509        1.2785772440793153E-011
   3.9674000000000618       -66.871166093360827        1.2650695306130425E-011
   3.9674100000000618       -66.871346892601906        1.2711017423801726E-011
   3.9674200000000619       -66.871527692723490        1.2610653262375612E-011
   3.9674300000000620       -66.871708493725521        1.2654099990072609E-011
   3.9674400000000620       -66.871889295608213        1.2630415232213940E-011
   3.9674500000000621       -66.872070098371779        1.2606508429750344E-011
   3.9674600000000622       -66.872250902015850        1.2695548316325281E-011
   3.9674700000000622       -66.872431706540453        1.2794802254726770E-011
   3.9674800000000623       -66.872612511945619        1.2603029730939852E-011
   3.9674900000000624       -66.872793318231430        1.2599699061865977E-011
   3.9675000000000624       -66.872974125397732        1.2700137238160400E-011
   3.9675100000000625       -66.873154933444795        1.2617758689733213E-011
   3.9675200000000626       -66.873335742371978        1.2545076089054419E-011
   3.9675300000000626       -66.873516552179893        1.2504886015562988E-011
   3.9675400000000627       -66.873697362868086        1.2555290140880970E-011
   3.9675500000000627       -66.873878174437166        1.2718714970105793E-011
   3.9675600000000628       -66.874058986886240        1.2578604824398099E-011
   3.9675700000000629       -66.874239800216188        1.2497632558468771E-011
   3.9675800000000629       -66.874420614426157        1.2351231148954867E-011
   3.9675900000000630       -66.874601429516929        1.2327546391096197E-011
   3.9676000000000631       -66.874782245488134        1.2215413865609056E-011
   3.9676100000000631       -66.874963062339518        1.2358262561444159E-011
   3.9676200000000632       -66.875143880071647        1.2336576205029814E-011
   3.9676300000000633       -66.875324698683912        1.2393197579285697E-011
   3.9676400000000633       -66.875505518176524        1.2391125162973063E-011
   3.9676500000000634       -66.875686338549670        1.2414365831621884E-011
   3.9676600000000635       -66.875867159803235        1.2419842931876701E-011
   3.9676700000000635       -66.876047981936892        1.2478832781918451E-011
   3.9676800000000636       -66.876228804951239        1.2595554229240710E-011
   3.9676900000000637       -66.876409628845778        1.2642183596274966E-011
   3.9677000000000637       -66.876590453620892        1.2806644633656106E-011
   3.9677100000000638       -66.876771279275729        1.2834030134930193E-011
   3.9677200000000639       -66.876952105811341        1.2766158500691441E-011
   3.9677300000000639       -66.877132933226960        1.2706798576308151E-011
   3.9677400000000640       -66.877313761522942        1.2582009508340283E-011
   3.9677500000000641       -66.877494590699527        1.2492525532555495E-011
   3.9677600000000641       -66.877675420756105        1.2506144268324229E-011
   3.9677700000000642       -66.877856251692862        1.2652101588628284E-011
   3.9677800000000643       -66.878037083509710        1.2702357684209650E-011
   3.9677900000000643       -66.878217916207035        1.2661427462035135E-011
   3.9678000000000644       -66.878398749784338        1.2569278950991247E-011
   3.9678100000000645       -66.878579584242061        1.2327028287018038E-011
   3.9678200000000645       -66.878760419580331        1.2133405391523411E-011
   3.9678300000000646       -66.878941255798367        1.1960358629418503E-011
   3.9678400000000646       -66.879122092896580        1.1924979522367115E-011
   3.9678500000000647       -66.879302930874758        1.1958730302315720E-011
   3.9678600000000648       -66.879483769733227        1.1994331453972032E-011
   3.9678700000000648       -66.879664609471874        1.2016831973937769E-011
   3.9678800000000649       -66.879845450090741        1.1805593539785756E-011
   3.9678900000000650       -66.880026291589687        1.1562232652787921E-011
   3.9679000000000650       -66.880207133968597        1.1387261504106997E-011
   3.9679100000000651       -66.880387977227855        1.1404284923817917E-011
   3.9679200000000652       -66.880568821367177        1.1422566596290077E-011
   3.9679300000000652       -66.880749666386123        1.1560456295948521E-011
   3.9679400000000653       -66.880930512285701        1.1712038746244010E-011
   3.9679500000000654       -66.881111359065244        1.1719440233074844E-011
   3.9679600000000654       -66.881292206724382        1.1696717668504183E-011
   3.9679700000000655       -66.881473055264138        1.1816917814636932E-011
   3.9679800000000656       -66.881653904683461        1.1828908223302884E-011
