   3.9580000000000002       -66.704195477033323       0.50980218809684763     
   3.9580100000000003       -66.704307680033324       0.50967938389034040     
   3.9580200000000003       -66.704419908918553       0.50955638060935338     
   3.9580300000000004       -66.704532163729084       0.50943317263882970     
   3.9580400000000004       -66.704644444506968       0.50930975915258136     
   3.9580500000000005       -66.704756751293658       0.50918613932317613     
   3.9580600000000006       -66.704869084129996       0.50906230785161621     
   3.9580700000000006       -66.704981443058045       0.50893827277899129     
   3.9580800000000007       -66.705093828119729       0.50881402885468152     
   3.9580900000000008       -66.705206239356897       0.50868957522804559     
   3.9581000000000008       -66.705318676811558       0.50856491104574664     
   3.9581100000000009       -66.705431140526827       0.50844003097017521     
   3.9581200000000010       -66.705543630544838       0.50831494303049019     
   3.9581300000000010       -66.705656146907842       0.50818964194145677     
   3.9581400000000011       -66.705768689659322       0.50806412682372259     
   3.9581500000000012       -66.705881258842183       0.50793839679512720     
   3.9581600000000012       -66.705993854499610       0.50781244647806956     
   3.9581700000000013       -66.706106476674762       0.50768628389691184     
   3.9581800000000014       -66.706219125411877       0.50755990372341375     
   3.9581900000000014       -66.706331800753901       0.50743330505076933     
   3.9582000000000015       -66.706444502745669       0.50730648696453595     
   3.9582100000000016       -66.706557231430182       0.50717944404124904     
   3.9582200000000016       -66.706669986852603       0.50705218430896382     
   3.9582300000000017       -66.706782769057511       0.50692470239226040     
   3.9582400000000018       -66.706895578089117       0.50679699735093586     
   3.9582500000000018       -66.707008413992000       0.50666906376984133     
   3.9582600000000019       -66.707121276811833       0.50654090958330056     
   3.9582700000000020       -66.707234166593835       0.50641252942397774     
   3.9582800000000020       -66.707347083382786       0.50628392232935082     
   3.9582900000000021       -66.707460027225054       0.50615508732628700     
   3.9583000000000022       -66.707572998165574       0.50602601893663202     
   3.9583100000000022       -66.707685996250902       0.50589672512245221     
   3.9583200000000023       -66.707799021527691       0.50576720045172785     
   3.9583300000000023       -66.707912074041445       0.50563744392883880     
   3.9583400000000024       -66.708025153839088       0.50550745006867281     
   3.9583500000000025       -66.708138260967544       0.50537722675669217     
   3.9583600000000025       -66.708251395473283       0.50524676856171069     
   3.9583700000000026       -66.708364557404153       0.50511607445384354     
   3.9583800000000027       -66.708477746807048       0.50498514340306477     
   3.9583900000000027       -66.708590963729520       0.50485396984742770     
   3.9584000000000028       -66.708704208220027       0.50472256171748731     
   3.9584100000000029       -66.708817480325607       0.50459091350697327     
   3.9584200000000029       -66.708930780095258       0.50445902414893884     
   3.9584300000000030       -66.709044107576815       0.50432688806816417     
   3.9584400000000031       -66.709157462819320       0.50419451313436703     
   3.9584500000000031       -66.709270845871302       0.50406189382652644     
   3.9584600000000032       -66.709384256782158       0.50392902904624060     
   3.9584700000000033       -66.709497695600504       0.50379591319884287     
   3.9584800000000033       -66.709611162376973       0.50366255409907879     
   3.9584900000000034       -66.709724657159796       0.50352894620825717     
   3.9585000000000035       -66.709838180000020       0.50339508839425429     
   3.9585100000000035       -66.709951730947381       0.50326097503333289     
   3.9585200000000036       -66.710065310052386       0.50312661390204971     
   3.9585300000000037       -66.710178917365198       0.50299199942873696     
   3.9585400000000037       -66.710292552937318       0.50285713044945901     
   3.9585500000000038       -66.710406216819052       0.50272200131048039     
   3.9585600000000039       -66.710519909062128       0.50258661974836594     
   3.9585700000000039       -66.710633629718288       0.50245098015869705     
   3.9585800000000040       -66.710747378838676       0.50231508134707703     
   3.9585900000000040       -66.710861156475488       0.50217891761490063     
   3.9586000000000041       -66.710974962681163       0.50204249667575784     
   3.9586100000000042       -66.711088797508083       0.50190581288350211     
   3.9586200000000042       -66.711202661008841       0.50176886500770912     
   3.9586300000000043       -66.711316553236358       0.50163164730260634     
   3.9586400000000044       -66.711430474243542       0.50149416746605058     
   3.9586500000000044       -66.711544424084479       0.50135641980255397     
   3.9586600000000045       -66.711658402812404       0.50121840304576459     
   3.9586700000000046       -66.711772410481444       0.50108011139775455     
   3.9586800000000046       -66.711886447145318       0.50094155254421613     
   3.9586900000000047       -66.712000512858836       0.50080272073947663     
   3.9587000000000048       -66.712114607676597       0.50066361467578568     
   3.9587100000000048       -66.712228731653823       0.50052422849620715     
   3.9587200000000049       -66.712342884845427       0.50038456988352664     
   3.9587300000000050       -66.712457067306914       0.50024463303555633     
   3.9587400000000050       -66.712571279093723       0.50010441660134308     
   3.9587500000000051       -66.712685520262667       0.49996391466042867     
   3.9587600000000052       -66.712799790868885       0.49982313490012936     
   3.9587700000000052       -66.712914090969576       0.49968207145126886     
   3.9587800000000053       -66.713028420621640       0.49954071839723829     
   3.9587900000000054       -66.713142779881906       0.49939908331212973     
   3.9588000000000054       -66.713257168807544       0.49925716033471956     
   3.9588100000000055       -66.713371587456663       0.49911494803870821     
   3.9588200000000056       -66.713486035887087       0.49897244043444117     
   3.9588300000000056       -66.713600514156226       0.49882964511491240     
   3.9588400000000057       -66.713715022323342       0.49868655614021901     
   3.9588500000000058       -66.713829560447280       0.49854316751484024     
   3.9588600000000058       -66.713944128586832       0.49839948673004036     
   3.9588700000000059       -66.714058726800772       0.49825550784765205     
   3.9588800000000059       -66.714173355149825       0.49811122935645158     
   3.9588900000000060       -66.714288013693249       0.49796664517144551     
   3.9589000000000061       -66.714402702491412       0.49782176282192520     
   3.9589100000000061       -66.714517421604739       0.49767657627495460     
   3.9589200000000062       -66.714632171094465       0.49753107942937375     
   3.9589300000000063       -66.714746951021368       0.49738527972579272     
   3.9589400000000063       -66.714861761446699       0.49723917111945726     
   3.9589500000000064       -66.714976602432529       0.49709274748971105     
   3.9589600000000065       -66.715091474040847       0.49694601619691153     
   3.9589700000000065       -66.715206376334649       0.49679897117097899     
   3.9589800000000066       -66.715321309375511       0.49665161078119985     
   3.9589900000000067       -66.715436273227425       0.49650392879637661     
   3.9590000000000067       -66.715551267953387       0.49635593263298700     
   3.9590100000000068       -66.715666293616778       0.49620761611626585     
   3.9590200000000069       -66.715781350282171       0.49605897298576079     
   3.9590300000000069       -66.715896438013729       0.49591001058843781     
   3.9590400000000070       -66.716011556876069       0.49576072271889293     
   3.9590500000000071       -66.716126706933665       0.49561110308310624     
   3.9590600000000071       -66.716241888252696       0.49546115896489079     
   3.9590700000000072       -66.716357100898790       0.49531088412237562     
   3.9590800000000073       -66.716472344937728       0.49516027222079489     
   3.9590900000000073       -66.716587620435888       0.49500933048843837     
   3.9591000000000074       -66.716702927460148       0.49485805264210775     
   3.9591100000000075       -66.716818266077581       0.49470643230329708     
   3.9591200000000075       -66.716933636355719       0.49455447664588847     
   3.9591300000000076       -66.717049038362489       0.49440217934076675     
   3.9591400000000077       -66.717164472165990       0.49424953395821808     
   3.9591500000000077       -66.717279937834533       0.49409654762972316     
   3.9591600000000078       -66.717395435437282       0.49394321397414220     
   3.9591700000000078       -66.717510965043815       0.49378952650118912     
   3.9591800000000079       -66.717626526723365       0.49363549230475190     
   3.9591900000000080       -66.717742120546376       0.49348110494466702     
   3.9592000000000080       -66.717857746583277       0.49332635787077272     
   3.9592100000000081       -66.717973404904612       0.49317125814004886     
   3.9592200000000082       -66.718089095581604       0.49301579925383815     
   3.9592300000000082       -66.718204818686445       0.49285997458745889     
   3.9592400000000083       -66.718320574290800       0.49270379117453716     
   3.9592500000000084       -66.718436362467074       0.49254724244290649     
   3.9592600000000084       -66.718552183288139       0.49239032169610425     
   3.9592700000000085       -66.718668036827495       0.49223303594434858     
   3.9592800000000086       -66.718783923158668       0.49207537854066902     
   3.9592900000000086       -66.718899842355484       0.49191734270728787     
   3.9593000000000087       -66.719015794492776       0.49175893543864824     
   3.9593100000000088       -66.719131779645735       0.49160014543611696     
   3.9593200000000088       -66.719247797888926       0.49144097954015953     
   3.9593300000000089       -66.719363849298844       0.49128143103306804     
   3.9593400000000090       -66.719479933951618       0.49112149306353164     
   3.9593500000000090       -66.719596051923816       0.49096117246211479     
   3.9593600000000091       -66.719712203293014       0.49080046242507508     
   3.9593700000000092       -66.719828388135966       0.49063935599855496     
   3.9593800000000092       -66.719944606531257       0.49047786001467886     
   3.9593900000000093       -66.720060858557190       0.49031596298508567     
   3.9594000000000094       -66.720177144293203       0.49015367159766332     
   3.9594100000000094       -66.720293463818123       0.48999097894863058     
   3.9594200000000095       -66.720409817212115       0.48982787797780020     
   3.9594300000000096       -66.720526204555426       0.48966437538510527     
   3.9594400000000096       -66.720642625929258       0.48950045957255933     
   3.9594500000000097       -66.720759081414329       0.48933613710618956     
   3.9594600000000097       -66.720875571093359       0.48917140096266332     
   3.9594700000000098       -66.720992095048302       0.48900624394892850     
   3.9594800000000099       -66.721108653361412       0.48884067265703662     
   3.9594900000000099       -66.721225246116944       0.48867467534150938     
   3.9595000000000100       -66.721341873398273       0.48850825846425044     
   3.9595100000000101       -66.721458535290012       0.48834141486116173     
   3.9595200000000101       -66.721575231876997       0.48817413718818831     
   3.9595300000000102       -66.721691963244297       0.48800643194042354     
   3.9595400000000103       -66.721808729478283       0.48783828719406164     
   3.9595500000000103       -66.721925530665530       0.48766970932146564     
   3.9595600000000104       -66.722042366892708       0.48750068640301386     
   3.9595700000000105       -66.722159238247798       0.48733122469896922     
   3.9595800000000105       -66.722276144818522       0.48716131685131175     
   3.9595900000000106       -66.722393086694069       0.48699095530379899     
   3.9596000000000107       -66.722510063963384       0.48682014636451870     
   3.9596100000000107       -66.722627076716478       0.48664887787741251     
   3.9596200000000108       -66.722744125043690       0.48647715604180153     
   3.9596300000000109       -66.722861209035997       0.48630496867894601     
   3.9596400000000109       -66.722978328784862       0.48613232188688715     
   3.9596500000000110       -66.723095484383038       0.48595920345526461     
   3.9596600000000111       -66.723212675922582       0.48578561938520409     
   3.9596700000000111       -66.723329903497444       0.48561155743136136     
   3.9596800000000112       -66.723447167201584       0.48543702349593948     
   3.9596900000000113       -66.723564467129691       0.48526200987166485     
   3.9597000000000113       -66.723681803376664       0.48508650862756730     
   3.9597100000000114       -66.723799176038838       0.48491052573422294     
   3.9597200000000115       -66.723916585212393       0.48473404862092356     
   3.9597300000000115       -66.724034030994787       0.48455708316870755     
   3.9597400000000116       -66.724151513483918       0.48437961674166857     
   3.9597500000000116       -66.724269032778238       0.48420165513912400     
   3.9597600000000117       -66.724386588977183       0.48402318565421854     
   3.9597700000000118       -66.724504182180439       0.48384421400380490     
   3.9597800000000118       -66.724621812488238       0.48366472740527566     
   3.9597900000000119       -66.724739480002839       0.48348473149241089     
   3.9598000000000120       -66.724857184825041       0.48330421339874463     
   3.9598100000000120       -66.724974927058213       0.48312317868762045     
   3.9598200000000121       -66.725092706805427       0.48294161439192540     
   3.9598300000000122       -66.725210524171288       0.48275952600327660     
   3.9598400000000122       -66.725328379260375       0.48257690044985063     
   3.9598500000000123       -66.725446272178147       0.48239374315762201     
   3.9598600000000124       -66.725564203031055       0.48221004094458914     
   3.9598700000000124       -66.725682171926664       0.48202579455019573     
   3.9598800000000125       -66.725800178972307       0.48184100451695827     
   3.9598900000000126       -66.725918224276882       0.48165565766688040     
   3.9599000000000126       -66.726036307949983       0.48146975907036249     
   3.9599100000000127       -66.726154430101772       0.48128329541876202     
   3.9599200000000128       -66.726272590843237       0.48109627172566766     
   3.9599300000000128       -66.726390790286700       0.48090867453362246     
   3.9599400000000129       -66.726509028544129       0.48072050880543693     
   3.9599500000000130       -66.726627305729593       0.48053176092998567     
   3.9599600000000130       -66.726745621957306       0.48034243118538922     
   3.9599700000000131       -66.726863977343029       0.48015251967263878     
   3.9599800000000132       -66.726982372002311       0.47996201272320627     
   3.9599900000000132       -66.727100806052491       0.47977091497581487     
   3.9600000000000133       -66.727219279611361       0.47957921258194952     
   3.9600100000000134       -66.727337792797499       0.47938690552006752     
   3.9600200000000134       -66.727456345731241       0.47919399360208842     
   3.9600300000000135       -66.727574938532754       0.47900046287562925     
   3.9600400000000135       -66.727693571323641       0.47880631768492127     
   3.9600500000000136       -66.727812244226797       0.47861154387068777     
   3.9600600000000137       -66.727930957365388       0.47841614110258651     
   3.9600700000000137       -66.728049710864056       0.47822010890646860     
   3.9600800000000138       -66.728168504848185       0.47802343297397987     
   3.9600900000000139       -66.728287339444108       0.47782611736698305     
   3.9601000000000139       -66.728406214779440       0.47762814754870497     
   3.9601100000000140       -66.728525130982803       0.47742952287463658     
   3.9601200000000141       -66.728644088183643       0.47723024257141633     
   3.9601300000000141       -66.728763086512345       0.47703029190137508     
   3.9601400000000142       -66.728882126100757       0.47682966999381748     
   3.9601500000000143       -66.729001207081595       0.47662837585735912     
   3.9601600000000143       -66.729120329588397       0.47642639452794011     
   3.9601700000000144       -66.729239493756552       0.47622372490622372     
   3.9601800000000145       -66.729358699722255       0.47602036577323670     
   3.9601900000000145       -66.729477947621902       0.47581630191535140     
   3.9602000000000146       -66.729597237594504       0.47561153199416512     
   3.9602100000000147       -66.729716569779555       0.47540604992434976     
   3.9602200000000147       -66.729835944317401       0.47519985412334226     
   3.9602300000000148       -66.729955361350392       0.47499292909864305     
   3.9602400000000149       -66.730074821021532       0.47478527313594432     
   3.9602500000000149       -66.730194323474961       0.47457688441995921     
   3.9602600000000150       -66.730313868856726       0.47436774712612872     
   3.9602700000000151       -66.730433457313197       0.47415785929061210     
   3.9602800000000151       -66.730553088993304       0.47394721418898250     
   3.9602900000000152       -66.730672764046076       0.47373580962655432     
   3.9603000000000153       -66.730792482622462       0.47352362938923026     
   3.9603100000000153       -66.730912244874730       0.47331067111234421     
   3.9603200000000154       -66.731032050956500       0.47309692766849709     
   3.9603300000000154       -66.731151901022557       0.47288239646989999     
   3.9603400000000155       -66.731271795229404       0.47266706084234505     
   3.9603500000000156       -66.731391733735251       0.47245091800597666     
   3.9603600000000156       -66.731511716698634       0.47223396039441462     
   3.9603700000000157       -66.731631744280463       0.47201618032413339     
   3.9603800000000158       -66.731751816643452       0.47179756998533295     
   3.9603900000000158       -66.731871933950870       0.47157812609007105     
   3.9604000000000159       -66.731992096368131       0.47135783129989967     
   3.9604100000000160       -66.732112304062525       0.47113668209305321     
   3.9604200000000160       -66.732232557202110       0.47091467016815752     
   3.9604300000000161       -66.732352855957203       0.47069178709030807     
   3.9604400000000162       -66.732473200499001       0.47046802429160706     
   3.9604500000000162       -66.732593591001589       0.47024337306118480     
   3.9604600000000163       -66.732714027639972       0.47001782919953977     
   3.9604700000000164       -66.732834510590777       0.46979137440461100     
   3.9604800000000164       -66.732955040032522       0.46956400419509686     
   3.9604900000000165       -66.733075616145939       0.46933570928376805     
   3.9605000000000166       -66.733196239112601       0.46910648022664475     
   3.9605100000000166       -66.733316909117150       0.46887630742089798     
   3.9605200000000167       -66.733437626345250       0.46864518110265846     
   3.9605300000000168       -66.733558390984442       0.46841309134361458     
   3.9605400000000168       -66.733679203224980       0.46818002804738290     
   3.9605500000000169       -66.733800063258187       0.46794598094014206     
   3.9605600000000170       -66.733920971277811       0.46771093957587689     
   3.9605700000000170       -66.734041927479396       0.46747489332732833     
   3.9605800000000171       -66.734162932061039       0.46723783137514391     
   3.9605900000000172       -66.734283985222902       0.46699974271421635     
   3.9606000000000172       -66.734405087166493       0.46676061614882219     
   3.9606100000000173       -66.734526238096137       0.46652044027374862     
   3.9606200000000173       -66.734647438218687       0.46627920348278901     
   3.9606300000000174       -66.734768687742417       0.46603689396285181     
   3.9606400000000175       -66.734889986878500       0.46579349968270273     
   3.9606500000000175       -66.735011335840454       0.46554900839064595     
   3.9606600000000176       -66.735132734843987       0.46530340760524475     
   3.9606700000000177       -66.735254184107205       0.46505668461946564     
   3.9606800000000177       -66.735375683850748       0.46480882177682364     
   3.9606900000000178       -66.735497234297767       0.46455981526846202     
   3.9607000000000179       -66.735618835674472       0.46430964697115451     
   3.9607100000000179       -66.735740488208265       0.46405830318016755     
   3.9607200000000180       -66.735862192131222       0.46380576992540828     
   3.9607300000000181       -66.735983947676502       0.46355203296573549     
   3.9607400000000181       -66.736105755080743       0.46329707306036033     
   3.9607500000000182       -66.736227614583470       0.46304088481364269     
   3.9607600000000183       -66.736349526426537       0.46278344843855351     
   3.9607700000000183       -66.736471490855408       0.46252474852709752     
   3.9607800000000184       -66.736593508118617       0.46226476462902394     
   3.9607900000000185       -66.736715578466587       0.46200349012749542     
   3.9608000000000185       -66.736837702154460       0.46174090396638334     
   3.9608100000000186       -66.736959879439596       0.46147698471664939     
   3.9608200000000187       -66.737082110582847       0.46121172471700861     
   3.9608300000000187       -66.737204395847314       0.46094510188727006     
   3.9608400000000188       -66.737326735501824       0.46067709368956739     
   3.9608500000000189       -66.737449129817335       0.46040769138565629     
   3.9608600000000189       -66.737571579067506       0.46013686701896339     
   3.9608700000000190       -66.737694083531096       0.45986461099525133     
   3.9608800000000191       -66.737816643489566       0.45959089928274283     
   3.9608900000000191       -66.737939259228938       0.45931570729540860     
   3.9609000000000192       -66.738061931038075       0.45903902425674475     
   3.9609100000000192       -66.738184659210489       0.45876081998274554     
   3.9609200000000193       -66.738307444044295       0.45848108276418698     
   3.9609300000000194       -66.738430285840494       0.45819978144627149     
   3.9609400000000194       -66.738553184904632       0.45791689862094959     
   3.9609500000000195       -66.738676141547160       0.45763241628727558     
   3.9609600000000196       -66.738799156082763       0.45734630179153180     
   3.9609700000000196       -66.738922228830191       0.45705854081287917     
   3.9609800000000197       -66.739045360112357       0.45676909951173766     
   3.9609900000000198       -66.739168550258555       0.45647795769963878     
   3.9610000000000198       -66.739291799602455       0.45618508982302669     
   3.9610100000000199       -66.739415108481097       0.45589047442213865     
   3.9610200000000200       -66.739538477238554       0.45559407518482042     
   3.9610300000000200       -66.739661906222949       0.45529586933875099     
   3.9610400000000201       -66.739785395788473       0.45499582866591931     
   3.9610500000000202       -66.739908946294179       0.45469392422080152     
   3.9610600000000202       -66.740032558105341       0.45439012630543790     
   3.9610700000000203       -66.740156231592806       0.45408440918787202     
   3.9610800000000204       -66.740279967133233       0.45377673209107555     
   3.9610900000000204       -66.740403765109207       0.45346706763544509     
   3.9611000000000205       -66.740527625909948       0.45315538283150003     
   3.9611100000000206       -66.740651549930718       0.45284163902105323     
   3.9611200000000206       -66.740775537574024       0.45252581087183602     
   3.9611300000000207       -66.740899589248500       0.45220785782666018     
   3.9611400000000208       -66.741023705370068       0.45188774306087137     
   3.9611500000000208       -66.741147886361787       0.45156542869507005     
   3.9611600000000209       -66.741272132653677       0.45124087576049593     
   3.9611700000000210       -66.741396444683815       0.45091403935235608     
   3.9611800000000210       -66.741520822898082       0.45058488770878241     
   3.9611900000000211       -66.741645267750201       0.45025337354454820     
   3.9612000000000211       -66.741769779702665       0.44991944821618785     
   3.9612100000000212       -66.741894359225526       0.44958307612339943     
   3.9612200000000213       -66.742019006798458       0.44924420112537861     
   3.9612300000000213       -66.742143722909915       0.44890278474201112     
   3.9612400000000214       -66.742268508057776       0.44855876782145465     
   3.9612500000000215       -66.742393362749496       0.44821210400133937     
   3.9612600000000215       -66.742518287502378       0.44786274521105018     
   3.9612700000000216       -66.742643282844867       0.44751062728630542     
   3.9612800000000217       -66.742768349314261       0.44715569861123600     
   3.9612900000000217       -66.742893487460776       0.44679790084812226     
   3.9613000000000218       -66.743018697845244       0.44643717365698504     
   3.9613100000000219       -66.743143981039267       0.44607345459923203     
   3.9613200000000219       -66.743269337628462       0.44570667902186534     
   3.9613300000000220       -66.743394768209583       0.44533677996059579     
   3.9613400000000221       -66.743520273393287       0.44496368800850500     
   3.9613500000000221       -66.743645853802846       0.44458732639527604     
   3.9613600000000222       -66.743771510076499       0.44420763006371700     
   3.9613700000000223       -66.743897242866922       0.44382451192838029     
   3.9613800000000223       -66.744023052841172       0.44343790108124764     
   3.9613900000000224       -66.744148940682791       0.44304770430700507     
   3.9614000000000225       -66.744274907091153       0.44265384423831217     
   3.9614100000000225       -66.744400952783039       0.44225622076944421     
   3.9614200000000226       -66.744527078492325       0.44185474452776780     
   3.9614300000000227       -66.744653284971932       0.44144931738462168     
   3.9614400000000227       -66.744779572993139       0.44103983704614097     
   3.9614500000000228       -66.744905943347746       0.44062619199904624     
   3.9614600000000229       -66.745032396848458       0.44020828045508081     
   3.9614700000000229       -66.745158934329524       0.43978598127539831     
   3.9614800000000230       -66.745285556647872       0.43935916795188862     
   3.9614900000000230       -66.745412264684390       0.43892771802019920     
   3.9615000000000231       -66.745539059344566       0.43849149819106348     
   3.9615100000000232       -66.745665941560063       0.43805036875661801     
   3.9615200000000232       -66.745792912290341       0.43760418316853672     
   3.9615300000000233       -66.745919972522756       0.43715278757709686     
   3.9615400000000234       -66.746047123275204       0.43669601545628650     
   3.9615500000000234       -66.746174365597469       0.43623370632626263     
   3.9615600000000235       -66.746301700571848       0.43576567141629080     
   3.9615700000000236       -66.746429129316851       0.43529172668252186     
   3.9615800000000236       -66.746556652986996       0.43481167282679617     
   3.9615900000000237       -66.746684272776463       0.43432529438601991     
   3.9616000000000238       -66.746811989920161       0.43383237825181720     
   3.9616100000000238       -66.746939805698105       0.43333267869944619     
   3.9616200000000239       -66.747067721434817       0.43282594538402125     
   3.9616300000000240       -66.747195738505198       0.43231192207549962     
   3.9616400000000240       -66.747323858336571       0.43179031619936409     
   3.9616500000000241       -66.747452082410902       0.43126083121432518     
   3.9616600000000242       -66.747580412270537       0.43072314549393792     
   3.9616700000000242       -66.747708849520265       0.43017691034583488     
   3.9616800000000243       -66.747837395833514       0.42962176243287331     
   3.9616900000000244       -66.747966052955789       0.42905730180377072     
   3.9617000000000244       -66.748094822710755       0.42848310856490607     
   3.9617100000000245       -66.748223707006204       0.42789872506367943     
   3.9617200000000246       -66.748352707840638       0.42730364730241610     
   3.9617300000000246       -66.748481827309860       0.42669735490476013     
   3.9617400000000247       -66.748611067616096       0.42607925749420522     
   3.9617500000000248       -66.748740431076541       0.42544872316226873     
   3.9617600000000248       -66.748869920134851       0.42480506219932340     
   3.9617700000000249       -66.748999537371020       0.42414752433213065     
   3.9617800000000249       -66.749129285516574       0.42347527501435794     
   3.9617900000000250       -66.749259167467713       0.42278739452163888     
   3.9618000000000251       -66.749389186304271       0.42208287992880839     
   3.9618100000000251       -66.749519345309466       0.42136059555977790     
   3.9618200000000252       -66.749649647991220       0.42061929365630041     
   3.9618300000000253       -66.749780098112794       0.41985754770986056     
   3.9618400000000253       -66.749910699721539       0.41907377371406174     
   3.9618500000000254       -66.750041457187237       0.41826615638816533     
   3.9618600000000255       -66.750172375247914       0.41743262525571811     
   3.9618700000000255       -66.750303459063687       0.41657078947640236     
   3.9618800000000256       -66.750434714284737       0.41567787609907314     
   3.9618900000000257       -66.750566147129476       0.41475063137953944     
   3.9619000000000257       -66.750697764490567       0.41378518560255789     
   3.9619100000000258       -66.750829574063900       0.41277690717392462     
   3.9619200000000259       -66.750961584517896       0.41172013034988586     
   3.9619300000000259       -66.751093805714987       0.41060784457000743     
   3.9619400000000260       -66.751226249014493       0.40943117694604553     
   3.9619500000000261       -66.751358927691314       0.40817862588543136     
   3.9619600000000261       -66.751491857544266       0.40683479694236374     
   3.9619700000000262       -66.751625057809449       0.40537832801770041     
   3.9619800000000263       -66.751758552626157       0.40377796641217439     
   3.9619900000000263       -66.751892373552423       0.40198473913131710     
   3.9620000000000264       -66.752026564403934       0.39991350409695242     
   3.9620100000000265       -66.752161192204071       0.39738889490871704     
   3.9620200000000265       -66.752296380988639       0.39389691409621669     
   3.9620300000000266       -66.758291978970362        1.7043950788497852E-006
   3.9620400000000267       -66.758472415442995        1.5900956146600957E-006
   3.9620500000000267       -66.758652852803124        1.4910304140247632E-006
   3.9620600000000268       -66.758833291050877        1.3977881399007686E-006
   3.9620700000000268       -66.759013730185742        1.3171452817317686E-006
   3.9620800000000269       -66.759194170208232        1.2408708888559754E-006
   3.9620900000000270       -66.759374611118105        1.1687458641625643E-006
   3.9621000000000270       -66.759555052915715        1.1065907288276833E-006
   3.9621100000000271       -66.759735495600424        1.0475232619840587E-006
   3.9621200000000272       -66.759915939172345        9.9140226998232594E-007
   3.9621300000000272       -66.760096383631975        9.3809284577398933E-007
   3.9621400000000273       -66.760276828978618        8.8746535031880569E-007
   3.9621500000000274       -66.760457275212886        8.3939537394902197E-007
   3.9621600000000274       -66.760637722334536        7.9821237020105684E-007
   3.9621700000000275       -66.760818170343555        7.5890765116604086E-007
   3.9621800000000276       -66.760998619239743        7.2140321479470992E-007
   3.9621900000000276       -66.761179069023285        6.8562378692978620E-007
   3.9622000000000277       -66.761359519694281        6.5149695638311300E-007
   3.9622100000000278       -66.761539971252219        6.1895282329101542E-007
   3.9622200000000278       -66.761720423697767        5.8792410118080340E-007
   3.9622300000000279       -66.761900877030385        5.5834640111385170E-007
   3.9622400000000280       -66.762081331250471        5.3015749805022472E-007
   3.9622500000000280       -66.762261786357456        5.0329746200302361E-007
   3.9622600000000281       -66.762442242351938        4.7770872317146973E-007
   3.9622700000000282       -66.762622699233589        4.5333608926038477E-007
   3.9622800000000282       -66.762803157002466        4.3012627622592464E-007
   3.9622900000000283       -66.762983615658285        4.0802823682758077E-007
   3.9623000000000284       -66.763164075201843        3.8699312880178621E-007
   3.9623100000000284       -66.763344535632015        3.6697366619560984E-007
   3.9623200000000285       -66.763524996949556        3.4792463014336289E-007
   3.9623300000000286       -66.763705459154195        3.2980253720597358E-007
   3.9623400000000286       -66.763885922246402        3.1256572663451720E-007
   3.9623500000000287       -66.764066386225352        2.9617432772965913E-007
   3.9623600000000287       -66.764246851091542        2.8058981323593929E-007
   3.9623700000000288       -66.764427316844589        2.6577555578555234E-007
   3.9623800000000289       -66.764607783485047        2.5169619529326798E-007
   3.9623900000000289       -66.764788251012192        2.3976828344984824E-007
   3.9624000000000290       -66.764968719426633        2.2698163326673182E-007
   3.9624100000000291       -66.765149188728529        2.1615288292586854E-007
   3.9624200000000291       -66.765329658917324        2.0580643915006172E-007
   3.9624300000000292       -66.765510129992990        1.9592271412645820E-007
   3.9624400000000293       -66.765690601955697        1.8648242616770005E-007
   3.9624500000000293       -66.765871074805418        1.7746748529982406E-007
   3.9624600000000294       -66.766051548542137        1.6886024815458237E-007
   3.9624700000000295       -66.766232023165756        1.6064355719732268E-007
   3.9624800000000295       -66.766412498676814        1.5280113004519555E-007
   3.9624900000000296       -66.766592975074317        1.4531737990708393E-007
   3.9625000000000297       -66.766773452359161        1.3817717599747445E-007
   3.9625100000000297       -66.766953930530590        1.3136588594697685E-007
   3.9625200000000298       -66.767134409589232        1.2486945788481307E-007
   3.9625300000000299       -66.767314889534831        1.1867461028695440E-007
   3.9625400000000299       -66.767495370367527        1.1276820388594899E-007
   3.9625500000000300       -66.767675852086882        1.0713797878499538E-007
   3.9625600000000301       -66.767856334693136        1.0177174621558056E-007
   3.9625700000000301       -66.768036818186516        9.6658134311293039E-008
   3.9625800000000302       -66.768217302566356        9.1786020339768015E-008
   3.9625900000000303       -66.768397787833536        8.7144982711488225E-008
   3.9626000000000303       -66.768578273987231        8.2724411617126251E-008
   3.9626100000000304       -66.768758761028238        7.8515001019259970E-008
   3.9626200000000305       -66.768939248955476        7.4507589579534780E-008
   3.9626300000000305       -66.769119737770097        7.0692855939450780E-008
   3.9626400000000306       -66.769300227470765        6.7062219185250641E-008
   3.9626500000000306       -66.769480718058816        6.3607284772615458E-008
   3.9626600000000307       -66.769661209533396        6.0320128003610307E-008
   3.9626700000000308       -66.769841701894990        5.7193177823341067E-008
   3.9626800000000308       -66.770022195143440        5.4219467952402546E-008
   3.9626900000000309       -66.770202689278335        5.1391720804853471E-008
   3.9627000000000310       -66.770383184300343        4.8703541200012523E-008
   3.9627100000000310       -66.770563680208724        4.6148036873342825E-008
   3.9627200000000311       -66.770744177004104        4.3719171542259495E-008
   3.9627300000000312       -66.770924674685944        4.1410926243656832E-008
   3.9627400000000312       -66.771105173254867        3.9217955031626652E-008
   3.9627500000000313       -66.771285672710036        3.7134939937881008E-008
   3.9627600000000314       -66.771466173052090        3.5156841660111127E-008
   3.9627700000000314       -66.771646674280788        3.3278398111254624E-008
   3.9627800000000315       -66.771827176396329        3.1495069959438147E-008
   3.9627900000000316       -66.772007679398328        2.9802175246137114E-008
   3.9628000000000316       -66.772188183287113        2.8195316229921257E-008
   3.9628100000000317       -66.772368688062471        2.6670733029495370E-008
   3.9628200000000318       -66.772549193724444        2.5224183556697238E-008
   3.9628300000000318       -66.772729700273089        2.3852117910413046E-008
   3.9628400000000319       -66.772910207708321        2.2551006173543442E-008
   3.9628500000000320       -66.773090716029913        2.1317186016389655E-008
   3.9628600000000320       -66.773271225238233        2.0147563691471266E-008
   3.9628700000000321       -66.773451735333083        1.9038663978676595E-008
   3.9628800000000322       -66.773632246314534        1.7987700070184094E-008
   3.9628900000000322       -66.773812758182601        1.6991900109175617E-008
   3.9629000000000323       -66.773993270937126        1.6048486909762499E-008
   3.9629100000000324       -66.774173784577755        1.5154740943638483E-008
   3.9629200000000324       -66.774354299104914        1.4308342954905129E-008
   3.9629300000000325       -66.774534814519157        1.3506694429565869E-008
   3.9629400000000325       -66.774715330819660        1.2747783643500080E-008
   3.9629500000000326       -66.774895848006622        1.2029404213483493E-008
   3.9629600000000327       -66.775076366080242        1.1349618948367871E-008
   3.9629700000000327       -66.775256885040037        1.0706282749239904E-008
   3.9629800000000328       -66.775437404886318        1.0097636060635296E-008
   3.9629900000000329       -66.775617925618917        9.5220316076449762E-009
   3.9630000000000329       -66.775798447238017        8.9776122091933530E-009
   3.9630100000000330       -66.775978969743733        8.4629096323377926E-009
   3.9630200000000331       -66.776159493135722        7.9761908189368569E-009
   3.9630300000000331       -66.776340017414128        7.5162342276039827E-009
   3.9630400000000332       -66.776520542578851        7.0815343219029119E-009
   3.9630500000000333       -66.776701068629691        6.6707577979959370E-009
   3.9630600000000333       -66.776881595567474        6.2825750527887676E-009
   3.9630700000000334       -66.777062123391531        5.9160421746658658E-009
   3.9630800000000335       -66.777242652101492        5.5698673821306483E-009
   3.9630900000000335       -66.777423181698083        5.2429661353177908E-009
   3.9631000000000336       -66.777603712180920        4.9342686973356349E-009
   3.9631100000000337       -66.777784243550016        4.6428193882045816E-009
   3.9631200000000337       -66.777964775805529        4.3678805757470700E-009
   3.9631300000000338       -66.778145308947103        4.1083644634435741E-009
   3.9631400000000339       -66.778325842974951        3.8636707907121109E-009
   3.9631500000000339       -66.778506377889258        3.6328038355293302E-009
   3.9631600000000340       -66.778686913689640        3.4150409167210682E-009
   3.9631700000000341       -66.778867450375756        3.2096615735592118E-009
   3.9631800000000341       -66.779047987949085        3.0160511125624603E-009
   3.9631900000000342       -66.779228526408019        2.8334857423336266E-009
   3.9632000000000343       -66.779409065753228        2.6612913354521575E-009
   3.9632100000000343       -66.779589605984540        2.4990974475021708E-009
   3.9632200000000344       -66.779770147102326        2.3463127737007503E-009
   3.9632300000000344       -66.779950689105888        2.2025085459157858E-009
   3.9632400000000345       -66.780131231995995        2.0670475701460114E-009
   3.9632500000000346       -66.780311775771821        1.9393930165515863E-009
   3.9632600000000346       -66.780492320434163        1.8192455690050717E-009
   3.9632700000000347       -66.780672865982496        1.7060905281122511E-009
   3.9632800000000348       -66.780853412416732        1.5995643328399940E-009
   3.9632900000000348       -66.781033959737414        1.4994162948293404E-009
   3.9633000000000349       -66.781214507944256        1.4051317146860736E-009
   3.9633100000000350       -66.781395057036619        1.3165689279522514E-009
   3.9633200000000350       -66.781575607015554        1.2333483863831891E-009
   3.9633300000000351       -66.781756157880679        1.1548884071288512E-009
   3.9633400000000352       -66.781936709631665        1.0810355573672343E-009
   3.9633500000000352       -66.782117262268457        1.0116843659109993E-009
   3.9633600000000353       -66.782297815791182        9.4664609484595985E-010
   3.9633700000000354       -66.782478370200295        8.8547998563133967E-010
   3.9633800000000354       -66.782658925495312        8.2790048890520518E-010
   3.9633900000000355       -66.782839481676149        7.7391559827333367E-010
   3.9634000000000356       -66.783020038743203        7.2328617169622100E-010
   3.9634100000000356       -66.783200596696361        6.7568276899502655E-010
   3.9634200000000357       -66.783381155534755        6.3088667623389938E-010
   3.9634300000000358       -66.783561715259523        5.8898848761164879E-010
   3.9634400000000358       -66.783742275870082        5.4967608242861843E-010
   3.9634500000000359       -66.783922837366958        5.1279972860622059E-010
   3.9634600000000360       -66.784103399749455        4.7821376488362455E-010
   3.9634700000000360       -66.784283963018012        4.4567460832922734E-010
   3.9634800000000361       -66.784464527171977        4.1528417741668971E-010
   3.9634900000000362       -66.784645092212301        3.8678401222587883E-010
   3.9635000000000362       -66.784825658138359        3.5982942551508284E-010
   3.9635100000000363       -66.785006224950720        3.3464246188922669E-010
   3.9635200000000363       -66.785186792648432        3.1109788819113266E-010
   3.9635300000000364       -66.785367361232005        2.8910259371646890E-010
   3.9635400000000365       -66.785547930701796        2.6850373776217867E-010
   3.9635500000000365       -66.785728501057051        2.4925328467872987E-010
   3.9635600000000366       -66.785909072297798        2.3102023997504753E-010
   3.9635700000000367       -66.786089644424578        2.1394153115750214E-010
   3.9635800000000367       -66.786270217437647        1.9783967057189025E-010
   3.9635900000000368       -66.786450791336023        1.8279674070716587E-010
   3.9636000000000369       -66.786631366120119        1.6868143918694992E-010
   3.9636100000000369       -66.786811941790162        1.5557954924361184E-010
   3.9636200000000370       -66.786992518345912        1.4342046069278544E-010
   3.9636300000000371       -66.787173095786912        1.3185267692487437E-010
   3.9636400000000371       -66.787353674114541        1.2126810666757137E-010
   3.9636500000000372       -66.787534253327337        1.1123206059930150E-010
   3.9636600000000373       -66.787714833425525        1.0182750938743841E-010
   3.9636700000000373       -66.787895414409363        9.3110038198081682E-011
   3.9636800000000374       -66.788075996279616        8.4886838299288073E-011
   3.9636900000000375       -66.788256579035220        7.7263750952738519E-011
   3.9637000000000375       -66.788437162676303        7.0134638837278843E-011
   3.9637100000000376       -66.788617747203290        6.3415643107115713E-011
   3.9637200000000377       -66.788798332615670        5.7192398964881854E-011
   3.9637300000000377       -66.788978918913926        5.1274170094946690E-011
   3.9637400000000378       -66.789159506097278        4.6087134109029648E-011
   3.9637500000000379       -66.789340094166334        4.1109190126083682E-011
   3.9637600000000379       -66.789520683121410        3.6588361969810044E-011
   3.9637700000000380       -66.789701272961636        3.2307934105801905E-011
   3.9637800000000381       -66.789881863687526        2.8274493857338712E-011
   3.9637900000000381       -66.790062455299150        2.4316474759681721E-011
   3.9638000000000382       -66.790243047795968        2.0775603459810554E-011
   3.9638100000000382       -66.790423641178563        1.7503110072425443E-011
   3.9638200000000383       -66.790604235446708        1.4565756008740511E-011
   3.9638300000000384       -66.790784830600202        1.1730246403847863E-011
   3.9638400000000384       -66.790965426639502        9.1330646749080789E-012
   3.9638500000000385       -66.791146023563513        6.7522284060335851E-012
   3.9638600000000386       -66.791326621373940        4.5049149595873433E-012
   3.9638700000000386       -66.791507220069064        2.5418186074451419E-012
   3.9638800000000387       -66.791687819650306        5.7361522938966425E-013
   3.9638900000000388       -66.791868420116600        1.0713652187632761E-012
   3.9639000000000388       -66.792049021468557        2.7399564099065779E-012
   3.9639100000000389       -66.792229623705808        4.2802798342715205E-012
   3.9639200000000390       -66.792410226828451        5.5446018147146487E-012
   3.9639300000000390       -66.792590830836488        6.7029345037402282E-012
   3.9639400000000391       -66.792771435729776        7.7489866375420515E-012
   3.9639500000000392       -66.792952041508499        9.0445428924113003E-012
   3.9639600000000392       -66.793132648172758        1.0217826584835166E-011
   3.9639700000000393       -66.793313255721870        1.1307621505807219E-011
   3.9639800000000394       -66.793493864157057        1.2157090149382080E-011
   3.9639900000000394       -66.793674473477125        1.2915520504937680E-011
   3.9640000000000395       -66.793855083682629        1.3624286883858380E-011
   3.9640100000000396       -66.794035694773456        1.4260148617495361E-011
   3.9640200000000396       -66.794216306749220        1.5033307931844320E-011
   3.9640300000000397       -66.794396919610662        1.5780636057153668E-011
   3.9640400000000398       -66.794577533357653        1.6615967860881636E-011
   3.9640500000000398       -66.794758147989697        1.7118454801826981E-011
   3.9640600000000399       -66.794938763506522        1.7411701710064637E-011
   3.9640700000000400       -66.795119379908783        1.7725006647613856E-011
   3.9640800000000400       -66.795299997196565        1.7973030471315116E-011
   3.9640900000000401       -66.795480615369513        1.8497573843016351E-011
   3.9641000000000401       -66.795661234427612        1.8865945842586978E-011
   3.9641100000000402       -66.795841854370607        1.9325134085571943E-011
   3.9641200000000403       -66.796022475199166        1.9666860732551566E-011
   3.9641300000000403       -66.796203096912905        2.0007403141638253E-011
   3.9641400000000404       -66.796383719511482        2.0297023321328805E-011
   3.9641500000000405       -66.796564342995410        2.0364746925830939E-011
   3.9641600000000405       -66.796744967364646        2.0501378372728141E-011
   3.9641700000000406       -66.796925592618592        2.0695815431774161E-011
   3.9641800000000407       -66.797106218757904        2.0806393645026826E-011
   3.9641900000000407       -66.797286845782409        2.0869232268220610E-011
   3.9642000000000408       -66.797467473691825        2.1014967543919738E-011
   3.9642100000000409       -66.797648102486633        2.1037690108490399E-011
   3.9642200000000409       -66.797828732166266        2.1083653341709880E-011
   3.9642300000000410       -66.798009362731023        2.1110520738905809E-011
   3.9642400000000411       -66.798189994180788        2.1164847652244134E-011
   3.9642500000000411       -66.798370626515748        2.1199856684953982E-011
   3.9642600000000412       -66.798551259735675        2.1292005195997870E-011
   3.9642700000000413       -66.798731893840667        2.1313765567280523E-011
   3.9642800000000413       -66.798912528830343        2.1276684118258043E-011
   3.9642900000000414       -66.799093164705468        2.1163589399482891E-011
   3.9643000000000415       -66.799273801465020        2.1085651743154205E-011
   3.9643100000000415       -66.799454439109653        2.1090980813672406E-011
   3.9643200000000416       -66.799635077639650        2.1158852447911158E-011
   3.9643300000000417       -66.799815717054329        2.1183869473399380E-011
   3.9643400000000417       -66.799996357354161        2.1120216686654203E-011
   3.9643500000000418       -66.800176998538461        2.1206814082574965E-011
   3.9643600000000419       -66.800357640608183        2.1414277758443252E-011
   3.9643700000000419       -66.800538283563171        2.1325755975946475E-011
   3.9643800000000420       -66.800718927402485        2.1431967311968947E-011
   3.9643900000000420       -66.800899572126411        2.1244339620807295E-011
   3.9644000000000421       -66.801080217735830        2.1171360960655267E-011
   3.9644100000000422       -66.801260864229803        2.1126433935592104E-011
   3.9644200000000422       -66.801441511608814        2.1104155460231293E-011
   3.9644300000000423       -66.801622159872394        2.1185349770765544E-011
   3.9644400000000424       -66.801802809021325        2.1081728955133865E-011
   3.9644500000000424       -66.801983459054455        2.0989950518431517E-011
   3.9644600000000425       -66.802164109972409        2.0982697061337301E-011
   3.9644700000000426       -66.802344761775615        2.0938066095747370E-011
   3.9644800000000426       -66.802525414463460        2.1150340738055700E-011
   3.9644900000000427       -66.802706068036002        2.1168548395659552E-011
   3.9645000000000428       -66.802886722493469        2.1209108543492523E-011
   3.9645100000000428       -66.803067377835092        2.1144789622932574E-011
   3.9645200000000429       -66.803248034062065        2.1326348094892939E-011
   3.9645300000000430       -66.803428691173323        2.1337302295402576E-011
   3.9645400000000430       -66.803609349169875        2.1382229320465740E-011
   3.9645500000000431       -66.803790008050811        2.1522265451305127E-011
   3.9645600000000432       -66.803970667816657        2.1600499167107046E-011
   3.9645700000000432       -66.804151328466887        2.1712409647989261E-011
   3.9645800000000433       -66.804331990002083        2.1857478789873614E-011
   3.9645900000000434       -66.804512652421721        2.1827058678998885E-011
   3.9646000000000434       -66.804693315726070        2.1745346264386473E-011
   3.9646100000000435       -66.804873979915058        2.1593911843827602E-011
   3.9646200000000436       -66.805054644988275        2.1640911285203401E-011
   3.9646300000000436       -66.805235310946713        2.1484813927941104E-011
   3.9646400000000437       -66.805415977789650        2.1439294783931473E-011
   3.9646500000000438       -66.805596645516829        2.1265211813670248E-011
   3.9646600000000438       -66.805777314129244        2.1211773078751623E-011
   3.9646700000000439       -66.805957983625916        2.1044203416901535E-011
   3.9646800000000439       -66.806138654007526        2.1000756689204536E-011
   3.9646900000000440       -66.806319325273066        2.0898838215543947E-011
   3.9647000000000441       -66.806499997423458        2.0864273272043949E-011
   3.9647100000000441       -66.806680670458078        2.0800324425825540E-011
   3.9647200000000442       -66.806861344377566        2.0915935650123174E-011
   3.9647300000000443       -66.807042019181196        2.0874487323870501E-011
   3.9647400000000443       -66.807222694869807        2.0817273830668153E-011
   3.9647500000000444       -66.807403371442703        2.0662878815376946E-011
   3.9647600000000445       -66.807584048899997        2.0602260638232412E-011
   3.9647700000000445       -66.807764727241974        2.0507447591929424E-011
   3.9647800000000446       -66.807945406468235        2.0513516811130710E-011
   3.9647900000000447       -66.808126086578966        2.0513146736789167E-011
   3.9648000000000447       -66.808306767574294        2.0711062494645677E-011
   3.9648100000000448       -66.808487449453935        2.0722386769496854E-011
   3.9648200000000449       -66.808668132217804        2.0713579000168163E-011
   3.9648300000000449       -66.808848815866256        2.0459189897792385E-011
   3.9648400000000450       -66.809029500399106        2.0347797520988326E-011
   3.9648500000000451       -66.809210185816085        2.0297837484880194E-011
   3.9648600000000451       -66.809390872117604        2.0491312350638207E-011
   3.9648700000000452       -66.809571559303450        2.0400052018014019E-011
   3.9648800000000453       -66.809752247373694        2.0205170869758149E-011
   3.9648900000000453       -66.809932936328423        2.0054106523540820E-011
   3.9649000000000454       -66.810113626167620        1.9899859537986231E-011
   3.9649100000000455       -66.810294316890861        1.9774922440281746E-011
   3.9649200000000455       -66.810475008498457        1.9577302741898468E-011
   3.9649300000000456       -66.810655700990168        1.9648134970869553E-011
   3.9649400000000457       -66.810836394366376        1.9617640845126516E-011
   3.9649500000000457       -66.811017088626897        1.9587368763988405E-011
   3.9649600000000458       -66.811197783771533        1.9438228804347091E-011
   3.9649700000000458       -66.811378479800538        1.9222993567306428E-011
   3.9649800000000459       -66.811559176713800        1.9150310966627632E-011
   3.9649900000000460       -66.811739874511176        1.8983629483197244E-011
   3.9650000000000460       -66.811920573192296        1.8954985729161915E-011
   3.9650100000000461       -66.812101272758554        1.8919014503164060E-011
   3.9650200000000462       -66.812281973208357        1.8776461866802190E-011
   3.9650300000000462       -66.812462674542232        1.8910872867650141E-011
   3.9650400000000463       -66.812643376760846        1.8924121529077336E-011
   3.9650500000000464       -66.812824079863276        1.8843223278016314E-011
   3.9650600000000464       -66.813004783850104        1.8673285140380358E-011
   3.9650700000000465       -66.813185488721032        1.8538578080059171E-011
   3.9650800000000466       -66.813366194475620        1.8432144699431774E-011
   3.9650900000000466       -66.813546901114975        1.8427481762728348E-011
   3.9651000000000467       -66.813727608637819        1.8561152614893217E-011
   3.9651100000000468       -66.813908317045474        1.8467153732141622E-011
   3.9651200000000468       -66.814089026336532        1.8362940797563471E-011
   3.9651300000000469       -66.814269736512017        1.8286261393996028E-011
   3.9651400000000470       -66.814450447571559        1.8226235335797963E-011
   3.9651500000000470       -66.814631159514931        1.8012406381255157E-011
   3.9651600000000471       -66.814811872342474        1.7881474079217696E-011
   3.9651700000000472       -66.814992586054046        1.7983910656956443E-011
   3.9651800000000472       -66.815173300649889        1.7948309505300131E-011
   3.9651900000000473       -66.815354016129376        1.7969773817109551E-011
   3.9652000000000474       -66.815534732492935        1.7912264264433968E-011
   3.9652100000000474       -66.815715449740580        1.7823002333254106E-011
   3.9652200000000475       -66.815896167872026        1.7708353302244479E-011
   3.9652300000000475       -66.816076886887501        1.7896129023142748E-011
   3.9652400000000476       -66.816257606787005        1.8062810506573140E-011
   3.9652500000000477       -66.816438327570452        1.8246293365109523E-011
   3.9652600000000477       -66.816619049237872        1.8270570241914658E-011
   3.9652700000000478       -66.816799771788951        1.8351320463239063E-011
   3.9652800000000479       -66.816980495224158        1.8393434923306511E-011
   3.9652900000000479       -66.817161219543024        1.8339626114046343E-011
   3.9653000000000480       -66.817341944746275        1.8285817304786178E-011
   3.9653100000000481       -66.817522670833227        1.8348211838770112E-011
   3.9653200000000481       -66.817703397803612        1.8508972132735835E-011
   3.9653300000000482       -66.817884125658338        1.8426667599176955E-011
   3.9653400000000483       -66.818064854396823        1.8352726745736920E-011
   3.9653500000000483       -66.818245584018854        1.8134012809885764E-011
   3.9653600000000484       -66.818426314525027        1.8036609243191986E-011
   3.9653700000000485       -66.818607045914803        1.8074430840897548E-011
   3.9653800000000485       -66.818787778188494        1.8165173069443579E-011
   3.9653900000000486       -66.818968511345815        1.8073616677346156E-011
   3.9654000000000487       -66.819149245386967        1.8044898908442519E-011
   3.9654100000000487       -66.819329980311878        1.8068805710906115E-011
   3.9654200000000488       -66.819510716120533        1.8012184336650232E-011
   3.9654300000000489       -66.819691452813245        1.7814490623398644E-011
   3.9654400000000489       -66.819872190389233        1.7700211666730563E-011
   3.9654500000000490       -66.820052928849506        1.7573868286528221E-011
   3.9654600000000491       -66.820233668193111        1.7545964681175974E-011
   3.9654700000000491       -66.820414408419936        1.7667719139543198E-011
   3.9654800000000492       -66.820595149531002        1.7727005049058182E-011
   3.9654900000000493       -66.820775891525955        1.7806571032489653E-011
   3.9655000000000493       -66.820956634404226        1.7653212225354764E-011
   3.9655100000000494       -66.821137378166284        1.7668015199016434E-011
   3.9655200000000494       -66.821318122811988        1.7529089291201672E-011
   3.9655300000000495       -66.821498868341621        1.7531531781855847E-011
   3.9655400000000496       -66.821679614754075        1.7451077620004678E-011
   3.9655500000000496       -66.821860362050415        1.7404152193497186E-011
   3.9655600000000497       -66.822041110230828        1.7321255540991842E-011
   3.9655700000000498       -66.822221859294203        1.7149244987043250E-011
   3.9655800000000498       -66.822402609241365        1.7083223724512209E-011
   3.9655900000000499       -66.822583360072230        1.7032745584325919E-011
   3.9656000000000500       -66.822764111786256        1.6990187035048621E-011
   3.9656100000000500       -66.822944864384780        1.6947776515507940E-011
   3.9656200000000501       -66.823125617866125        1.6851705216443708E-011
   3.9656300000000502       -66.823306372231215        1.6686504030379485E-011
   3.9656400000000502       -66.823487127479851        1.6495397640407344E-011
   3.9656500000000503       -66.823667883611691        1.6468678272948029E-011
   3.9656600000000504       -66.823848640627062        1.6384597382549753E-011
   3.9656700000000504       -66.824029398525923        1.6403175114495145E-011
   3.9656800000000505       -66.824210157308528        1.6376603776772452E-011
   3.9656900000000506       -66.824390916974480        1.6396291731742469E-011
   3.9657000000000506       -66.824571677523579        1.6425675634460884E-011
   3.9657100000000507       -66.824752438956210        1.6281568685864538E-011
   3.9657200000000508       -66.824933201272373        1.6000756275502681E-011
   3.9657300000000508       -66.825113964471981        1.5714910854095859E-011
   3.9657400000000509       -66.825294728555136        1.5547415207114074E-011
   3.9657500000000510       -66.825475493521211        1.5321965918246860E-011
   3.9657600000000510       -66.825656259371414        1.5360823724108741E-011
   3.9657700000000511       -66.825837026104381        1.5209463318418177E-011
   3.9657800000000512       -66.826017793720823        1.5231001645095905E-011
   3.9657900000000512       -66.826198562220753        1.5221971831162289E-011
   3.9658000000000513       -66.826379331603832        1.5236404730482416E-011
   3.9658100000000513       -66.826560101870825        1.5387691121304670E-011
   3.9658200000000514       -66.826740873020199        1.5450529744498454E-011
   3.9658300000000515       -66.826921645053602        1.5349943538467414E-011
   3.9658400000000515       -66.827102417970266        1.5279185324364637E-011
   3.9658500000000516       -66.827283191769808        1.5186518709242591E-011
   3.9658600000000517       -66.827463966452797        1.5167126813745806E-011
   3.9658700000000517       -66.827644742019118        1.5140259416549878E-011
   3.9658800000000518       -66.827825518468529        1.5071055514681575E-011
   3.9658900000000519       -66.828006295801131        1.5015322318845392E-011
   3.9659000000000519       -66.828187074017109        1.5013545962005992E-011
   3.9659100000000520       -66.828367853116319        1.5023685998964236E-011
   3.9659200000000521       -66.828548633098237        1.5141517669311117E-011
   3.9659300000000521       -66.828729413963927        1.5164462278486706E-011
   3.9659400000000522       -66.828910195712496        1.5429731566503808E-011
   3.9659500000000523       -66.829090978344624        1.5552300188422425E-011
   3.9659600000000523       -66.829271761859601        1.5656809182473808E-011
   3.9659700000000524       -66.829452546257485        1.5889215868962008E-011
   3.9659800000000525       -66.829633331538943        1.6004457018918099E-011
   3.9659900000000525       -66.829814117703421        1.6017557650608676E-011
   3.9660000000000526       -66.829994904750848        1.6339078238540122E-011
   3.9660100000000527       -66.830175692681621        1.6640836856633239E-011
   3.9660200000000527       -66.830356481495585        1.6639578603871996E-011
   3.9660300000000528       -66.830537271192568        1.6677030127236019E-011
   3.9660400000000529       -66.830718061772032        1.6721513063089333E-011
   3.9660500000000529       -66.830898853235183        1.6648756447542230E-011
   3.9660600000000530       -66.831079645581156        1.6672219160795976E-011
   3.9660700000000531       -66.831260438809849        1.6518860353661086E-011
   3.9660800000000531       -66.831441232922202        1.6520562695632179E-011
   3.9660900000000532       -66.831622027917390        1.6364317308633265E-011
   3.9661000000000532       -66.831802823795513        1.6281346641259613E-011
   3.9661100000000533       -66.831983620556713        1.6227611846867756E-011
   3.9661200000000534       -66.832164418200549        1.6250186381701799E-011
   3.9661300000000534       -66.832345216727859        1.6228426010419145E-011
   3.9661400000000535       -66.832526016137535        1.6161294524863479E-011
   3.9661500000000536       -66.832706816430502        1.6287267830724279E-011
   3.9661600000000536       -66.832887617606431        1.6336339688412711E-011
   3.9661700000000537       -66.833068419665565        1.6412278943297071E-011
   3.9661800000000538       -66.833249222606980        1.6358692178641832E-011
   3.9661900000000538       -66.833430026431714        1.6340188461564747E-011
   3.9662000000000539       -66.833610831139410        1.6315393480681450E-011
   3.9662100000000540       -66.833791636729757        1.6358766193510139E-011
   3.9662200000000540       -66.833972443202995        1.6397327939898787E-011
   3.9662300000000541       -66.834153250558941        1.6257291809059400E-011
   3.9662400000000542       -66.834334058797921        1.6055527278050857E-011
   3.9662500000000542       -66.834514867920021        1.5925187094959863E-011
   3.9662600000000543       -66.834695677924145        1.5803580666329253E-011
   3.9662700000000544       -66.834876488811858        1.5831262227076575E-011
   3.9662800000000544       -66.835057300582207        1.5658659554181515E-011
   3.9662900000000545       -66.835238113235135        1.5541049928439559E-011
   3.9663000000000546       -66.835418926771254        1.5439353499383895E-011
   3.9663100000000546       -66.835599741189526        1.5492792234302517E-011
   3.9663200000000547       -66.835780556491116        1.5616545094114070E-011
   3.9663300000000548       -66.835961372675442        1.5717649404223266E-011
   3.9663400000000548       -66.836142189741850        1.5622836357920278E-011
   3.9663500000000549       -66.836323007691931        1.5614324648064819E-011
   3.9663600000000550       -66.836503826523952        1.5634456692244687E-011
   3.9663700000000550       -66.836684646239277        1.5625278848574453E-011
   3.9663800000000551       -66.836865466836912        1.5560663868541269E-011
   3.9663900000000551       -66.837046288317339        1.5607219220707218E-011
   3.9664000000000552       -66.837227110680445        1.5564586656561612E-011
   3.9664100000000553       -66.837407933926016        1.5534018515950265E-011
   3.9664200000000553       -66.837588758054480        1.5582128180350690E-011
   3.9664300000000554       -66.837769583065466        1.5556296991311076E-011
   3.9664400000000555       -66.837950408958818        1.5472808219859264E-011
   3.9664500000000555       -66.838131235735318        1.5277334952656929E-011
   3.9664600000000556       -66.838312063394071        1.5175120419523107E-011
   3.9664700000000557       -66.838492891935914        1.5185482501086273E-011
   3.9664800000000557       -66.838673721360323        1.5184372278061648E-011
   3.9664900000000558       -66.838854551666614        1.5047814846032754E-011
   3.9665000000000559       -66.839035382855911        1.4966694550366810E-011
   3.9665100000000559       -66.839216214927674        1.4841017303979243E-011
   3.9665200000000560       -66.839397047882230        1.4765152063963189E-011
   3.9665300000000561       -66.839577881718867        1.4632665449691256E-011
   3.9665400000000561       -66.839758716438098        1.4598840654874341E-011
   3.9665500000000562       -66.839939552040221        1.4641695263624872E-011
   3.9665600000000563       -66.840120388524554        1.4718226637455700E-011
   3.9665700000000563       -66.840301225891324        1.4708308645102381E-011
   3.9665800000000564       -66.840482064140588        1.4581151101348649E-011
   3.9665900000000565       -66.840662903272573        1.4527638351561715E-011
   3.9666000000000565       -66.840843743286982        1.4637698460736221E-011
   3.9666100000000566       -66.841024584183458        1.4656868311628084E-011
   3.9666200000000567       -66.841205425962769        1.4565237904662354E-011
   3.9666300000000567       -66.841386268624092        1.4531043035503899E-011
   3.9666400000000568       -66.841567112167823        1.4566274112818672E-011
   3.9666500000000569       -66.841747956594276        1.4645099947567058E-011
   3.9666600000000569       -66.841928801903109        1.4759156859630213E-011
   3.9666700000000570       -66.842109648094308        1.4872029533800440E-011
   3.9666800000000570       -66.842290495167830        1.4839907080954617E-011
   3.9666900000000571       -66.842471343123847        1.4869735072882879E-011
   3.9667000000000572       -66.842652191962060        1.4850269162517787E-011
   3.9667100000000572       -66.842833041682510        1.4545031845614176E-011
   3.9667200000000573       -66.843013892285370        1.4554283704152720E-011
   3.9667300000000574       -66.843194743770553        1.4568494558867922E-011
   3.9667400000000574       -66.843375596137946        1.4671597270421444E-011
   3.9667500000000575       -66.843556449387762        1.4636884297184832E-011
   3.9667600000000576       -66.843737303519745        1.4533781585631308E-011
   3.9667700000000576       -66.843918158534166        1.4485153817152726E-011
   3.9667800000000577       -66.844099014430540        1.4232911145957891E-011
   3.9667900000000578       -66.844279871209736        1.4035143417837995E-011
   3.9668000000000578       -66.844460728870160        1.3811248441205256E-011
   3.9668100000000579       -66.844641587413577        1.3711698443330533E-011
   3.9668200000000580       -66.844822446839444        1.3731090338827320E-011
   3.9668300000000580       -66.845003307146641        1.3676763425488995E-011
   3.9668400000000581       -66.845184168336289        1.3382480309095021E-011
   3.9668500000000582       -66.845365030408232        1.3177089049539367E-011
   3.9668600000000582       -66.845545893362498        1.2956006637902343E-011
   3.9668700000000583       -66.845726757198776        1.2917962995591855E-011
   3.9668800000000584       -66.845907621917490        1.2885840542746033E-011
   3.9668900000000584       -66.846088487517662        1.2747728798482664E-011
   3.9669000000000585       -66.846269354000540        1.2665128205450552E-011
   3.9669100000000586       -66.846450221365529        1.2734998241133629E-011
   3.9669200000000586       -66.846631089612302        1.2740401326520138E-011
   3.9669300000000587       -66.846811958741498        1.2741511549544763E-011
   3.9669400000000588       -66.846992828752647        1.2777630805279236E-011
   3.9669500000000588       -66.847173699646035        1.2822483815474092E-011
   3.9669600000000589       -66.847354571421022        1.2913300058888430E-011
   3.9669700000000589       -66.847535444078488        1.3099447452683913E-011
   3.9669800000000590       -66.847716317617682        1.3228307338408740E-011
   3.9669900000000591       -66.847897192039113        1.3256877077575760E-011
   3.9670000000000591       -66.848078067342286        1.3352282242825217E-011
   3.9670100000000592       -66.848258943527739        1.3531472238999717E-011
   3.9670200000000593       -66.848439820595217        1.3745671267884063E-011
   3.9670300000000593       -66.848620698544480        1.3973118958195604E-011
   3.9670400000000594       -66.848801577375909        1.4262961182491077E-011
   3.9670500000000595       -66.848982457088738        1.4401961105174147E-011
   3.9670600000000595       -66.849163337684359        1.4618602624712668E-011
   3.9670700000000596       -66.849344219161267        1.4568568573736229E-011
   3.9670800000000597       -66.849525101520385        1.4581225116216956E-011
   3.9670900000000597       -66.849705984761258        1.4541257087330450E-011
   3.9671000000000598       -66.849886868883942        1.4649836899138791E-011
   3.9671100000000599       -66.850067753888752        1.4554283704152720E-011
   3.9671200000000599       -66.850248639775259        1.4626300171016737E-011
   3.9671300000000600       -66.850429526543834        1.4508394485801546E-011
   3.9671400000000601       -66.850610414194591        1.4516240061842231E-011
   3.9671500000000601       -66.850791302726776        1.4561463146378628E-011
   3.9671600000000602       -66.850972192140844        1.4576414149776913E-011
   3.9671700000000603       -66.851153082436753        1.4573897644254430E-011
   3.9671800000000603       -66.851333973614246        1.4395521811631321E-011
   3.9671900000000604       -66.851514865673920        1.4252599100927910E-011
   3.9672000000000605       -66.851695758615094        1.4137802040181668E-011
   3.9672100000000605       -66.851876652438193        1.4169702448422564E-011
   3.9672200000000606       -66.852057547143104        1.4081254680794094E-011
   3.9672300000000607       -66.852238442729842        1.4011162600506092E-011
   3.9672400000000607       -66.852419339198136        1.3808213831604613E-011
   3.9672500000000608       -66.852600236548255        1.3703038703738457E-011
   3.9672600000000608       -66.852781134779960        1.3667511566950452E-011
   3.9672700000000609       -66.852962033893832        1.3790376248342303E-011
   3.9672800000000610       -66.853142933888691        1.3659147886831610E-011
   3.9672900000000610       -66.853323834765604        1.3616663352422620E-011
   3.9673000000000611       -66.853504736524371        1.3444282724132487E-011
   3.9673100000000612       -66.853685639164979        1.3419413728380883E-011
   3.9673200000000612       -66.853866542686745        1.3369083617931210E-011
   3.9673300000000613       -66.854047447090110        1.3229491576301674E-011
   3.9673400000000614       -66.854228352375557        1.3217353137899105E-011
   3.9673500000000614       -66.854409258542447        1.3042233959481564E-011
   3.9673600000000615       -66.854590165591148        1.3107367043592907E-011
   3.9673700000000616       -66.854771073521306        1.3173018231782407E-011
   3.9673800000000616       -66.854951982332992        1.3210395740278122E-011
   3.9673900000000617       -66.855132892025964        1.3107070984119673E-011
   3.9674000000000618       -66.855313802600776        1.3214762617508313E-011
   3.9674100000000618       -66.855494714057428        1.3179679569930158E-011
   3.9674200000000619       -66.855675626395310        1.3301656072902309E-011
   3.9674300000000620       -66.855856539614649        1.3375300866869111E-011
   3.9674400000000620       -66.856037453716070        1.3514004730078947E-011
   3.9674500000000621       -66.856218368698507        1.3479439786578951E-011
   3.9674600000000622       -66.856399284562542        1.3471372165933341E-011
   3.9674700000000622       -66.856580201308233        1.3422966442059684E-011
   3.9674800000000623       -66.856761118935097        1.3632502534240606E-011
   3.9674900000000624       -66.856942037443417        1.3840854388528593E-011
   3.9675000000000624       -66.857122956833464        1.4082068844345486E-011
   3.9675100000000625       -66.857303877104840        1.4292271070341181E-011
   3.9675200000000626       -66.857484798257545        1.4301152854538183E-011
   3.9675300000000626       -66.857665720291962        1.4503065415283345E-011
   3.9675400000000627       -66.857846643207779        1.4524307682487839E-011
   3.9675500000000627       -66.858027567005053        1.4466576085207331E-011
   3.9675600000000628       -66.858208491683243        1.4297748170596000E-011
   3.9675700000000629       -66.858389417243231        1.4288200252584223E-011
   3.9675800000000629       -66.858570343684463        1.4058754160828357E-011
   3.9675900000000630       -66.858751271007009        1.4072002822255550E-011
   3.9676000000000631       -66.858932199211182        1.3736715468818753E-011
   3.9676100000000631       -66.859113128296144        1.3697709633220256E-011
   3.9676200000000632       -66.859294058263060        1.3572624505779155E-011
   3.9676300000000633       -66.859474989111078        1.3513486626000789E-011
   3.9676400000000633       -66.859655920840154        1.3391732167633563E-011
   3.9676500000000634       -66.859836853450901        1.3137787154467636E-011
   3.9676600000000635       -66.860017786942848        1.2912041806127187E-011
   3.9676700000000635       -66.860198721315527        1.2664017982425927E-011
   3.9676800000000636       -66.860379656570146        1.2548850847338144E-011
   3.9676900000000637       -66.860560592705568        1.2262857396194704E-011
   3.9677000000000637       -66.860741529722731        1.2045253683368173E-011
   3.9677100000000638       -66.860922467620782        1.2006321862637984E-011
   3.9677200000000639       -66.861103406400360        1.1925053537235423E-011
   3.9677300000000639       -66.861284346060870        1.1785609525342503E-011
   3.9677400000000640       -66.861465286602510        1.1765403466294325E-011
   3.9677500000000641       -66.861646228025506        1.1764219228401393E-011
   3.9677600000000641       -66.861827170329676        1.1705821497306109E-011
   3.9677700000000642       -66.862008113514761        1.1618039863492413E-011
   3.9677800000000643       -66.862189057581389        1.1527519679551309E-011
   3.9677900000000643       -66.862370002528820        1.1414276931039543E-011
   3.9678000000000644       -66.862550948357537        1.1452616632823265E-011
   3.9678100000000645       -66.862731895067299        1.1404062879212992E-011
   3.9678200000000645       -66.862912842658233        1.1439293956527763E-011
   3.9678300000000646       -66.863093791130439        1.1418791838006351E-011
   3.9678400000000646       -66.863274740483575        1.1362910612433552E-011
   3.9678500000000647       -66.863455690717643        1.1460314179127332E-011
   3.9678600000000648       -66.863636641833224        1.1433742841404637E-011
   3.9678700000000648       -66.863817593829253        1.1454763064004206E-011
   3.9678800000000649       -66.863998546706497        1.1565119232651947E-011
   3.9678900000000650       -66.864179500464957        1.1511088378786857E-011
   3.9679000000000650       -66.864360455104389        1.1640244323984916E-011
   3.9679100000000651       -66.864541410624952        1.1724177184646578E-011
   3.9679200000000652       -66.864722367026559        1.1732984953975270E-011
   3.9679300000000652       -66.864903324308841        1.1691980716932449E-011
   3.9679400000000653       -66.865084282472452        1.1763405064850000E-011
   3.9679500000000654       -66.865265241516681        1.1994183424235416E-011
   3.9679600000000654       -66.865446201442012        1.2126373979034119E-011
   3.9679700000000655       -66.865627162247918        1.2180700892372442E-011
   3.9679800000000656       -66.865808123935508        1.2342719439099406E-011
