   3.9680000000000000       -66.818745186964520       0.75542747873372462     
   3.9679899999999999       -66.818563884811397       0.75542379705736040     
   3.9679799999999998       -66.818382583541890       0.75542011518290775     
   3.9679699999999998       -66.818201283156128       0.75541643325947183     
   3.9679599999999997       -66.818019983654310       0.75541275128921315     
   3.9679499999999996       -66.817838685035952       0.75540906927242801     
   3.9679399999999996       -66.817657387300926       0.75540538720906225     
   3.9679299999999995       -66.817476090449802       0.75540170509901883     
   3.9679199999999994       -66.817294794482365       0.75539802294232972     
   3.9679099999999994       -66.817113499398943       0.75539434073882250     
   3.9678999999999993       -66.816932205198896       0.75539065848878684     
   3.9678899999999993       -66.816750911882806       0.75538697619203432     
   3.9678799999999992       -66.816569619450348       0.75538329384870728     
   3.9678699999999991       -66.816388327901819       0.75537961145856947     
   3.9678599999999991       -66.816207037236822       0.75537592902190609     
   3.9678499999999990       -66.816025747455839       0.75537224653851032     
   3.9678399999999989       -66.815844458558743       0.75536856400839980     
   3.9678299999999989       -66.815663170544966       0.75536488143180824     
   3.9678199999999988       -66.815481883415458       0.75536119880842134     
   3.9678099999999987       -66.815300597169966       0.75535751613827351     
   3.9677999999999987       -66.815119311808019       0.75535383342153806     
   3.9677899999999986       -66.814938027329958       0.75535015065817579     
   3.9677799999999985       -66.814756743735757       0.75534646784815651     
   3.9677699999999985       -66.814575461025157       0.75534278499160479     
   3.9677599999999984       -66.814394179198814       0.75533910208824129     
   3.9677499999999983       -66.814212898256386       0.75533541913819369     
   3.9677399999999983       -66.814031618198030       0.75533173614137483     
   3.9677299999999982       -66.813850339023219       0.75532805309805739     
   3.9677199999999981       -66.813669060732309       0.75532437000820385     
   3.9677099999999981       -66.813487783325598       0.75532068687146869     
   3.9676999999999980       -66.813306506802817       0.75531700368808641     
   3.9676899999999979       -66.813125231163838       0.75531332045817867     
   3.9676799999999979       -66.812943956409242       0.75530963718141697     
   3.9676699999999978       -66.812762682537837       0.75530595385833232     
   3.9676599999999977       -66.812581409551299       0.75530227048817666     
   3.9676499999999977       -66.812400137448236       0.75529858707164033     
   3.9676399999999976       -66.812218866229344       0.75529490360831941     
   3.9676299999999975       -66.812037595894395       0.75529122009841310     
   3.9676199999999975       -66.811856326443632       0.75528753654178449     
   3.9676099999999974       -66.811675057877224       0.75528385293829248     
   3.9675999999999974       -66.811493790194319       0.75528016928851294     
   3.9675899999999973       -66.811312523395770       0.75527648559182248     
   3.9675799999999972       -66.811131257481463       0.75527280184851675     
   3.9675699999999972       -66.810949992451299       0.75526911805845109     
   3.9675599999999971       -66.810768728305149       0.75526543422181314     
   3.9675499999999970       -66.810587465042715       0.75526175033866094     
   3.9675399999999970       -66.810406202664993       0.75525806640862436     
   3.9675299999999969       -66.810224941170901       0.75525438243209075     
   3.9675199999999968       -66.810043680561108       0.75525069840889014     
   3.9675099999999968       -66.809862420835501       0.75524701433896946     
   3.9674999999999967       -66.809681161994206       0.75524333022240553     
   3.9674899999999966       -66.809499904037025       0.75523964605911609     
   3.9674799999999966       -66.809318646964186       0.75523596184917474     
   3.9674699999999965       -66.809137390775589       0.75523227759249434     
   3.9674599999999964       -66.808956135470936       0.75522859328933023     
   3.9674499999999964       -66.808774881050809       0.75522490893936789     
   3.9674399999999963       -66.808593627514625       0.75522122454290941     
   3.9674299999999962       -66.808412374863295       0.75521754009942532     
   3.9674199999999962       -66.808231123095709       0.75521385560953835     
   3.9674099999999961       -66.808049872212493       0.75521017107303301     
   3.9673999999999960       -66.807868622213348       0.75520648648986988     
   3.9673899999999960       -66.807687373098872       0.75520280185990218     
   3.9673799999999959       -66.807506124868638       0.75519911718334976     
   3.9673699999999958       -66.807324877522689       0.75519543246010434     
   3.9673599999999958       -66.807143631060882       0.75519174769031716     
   3.9673499999999957       -66.806962385483899       0.75518806287360662     
   3.9673399999999956       -66.806781140791017       0.75518437801032157     
   3.9673299999999956       -66.806599896982434       0.75518069310045544     
   3.9673199999999955       -66.806418654058234       0.75517700814392918     
   3.9673099999999955       -66.806237412018675       0.75517332314059837     
   3.9672999999999954       -66.806056170863414       0.75516963809065596     
   3.9672899999999953       -66.805874930592239       0.75516595299423628     
   3.9672799999999953       -66.805693691206102       0.75516226785087148     
   3.9672699999999952       -66.805512452704107       0.75515858266087343     
   3.9672599999999951       -66.805331215086525       0.75515489742436059     
   3.9672499999999951       -66.805149978353157       0.75515121214121794     
   3.9672399999999950       -66.804968742504741       0.75514752681118658     
   3.9672299999999949       -66.804787507540240       0.75514384143477109     
   3.9672199999999949       -66.804606273460678       0.75514015601151085     
   3.9672099999999948       -66.804425040265727       0.75513647054152011     
   3.9671999999999947       -66.804243807954904       0.75513278502503522     
   3.9671899999999947       -66.804062576528736       0.75512909946179951     
   3.9671799999999946       -66.803881345987278       0.75512541385184584     
   3.9671699999999945       -66.803700116329779       0.75512172819550205     
   3.9671599999999945       -66.803518887557246       0.75511804249230474     
   3.9671499999999944       -66.803337659669708       0.75511435674226535     
   3.9671399999999943       -66.803156432666015       0.75511067094587592     
   3.9671299999999943       -66.802975206547501       0.75510698510255125     
   3.9671199999999942       -66.802793981313314       0.75510329921267927     
   3.9671099999999941       -66.802612756963939       0.75509961327604469     
   3.9670999999999941       -66.802431533499004       0.75509592729291830     
   3.9670899999999940       -66.802250310918751       0.75509224126298802     
   3.9670799999999939       -66.802069089223508       0.75508855518629237     
   3.9670699999999939       -66.801887868412535       0.75508486906307193     
   3.9670599999999938       -66.801706648486288       0.75508118289321191     
   3.9670499999999937       -66.801525429444695       0.75507749667667090     
   3.9670399999999937       -66.801344211288026       0.75507381041330612     
   3.9670299999999936       -66.801162994015854       0.75507012410342478     
   3.9670199999999936       -66.800981777628266       0.75506643774698989     
   3.9670099999999935       -66.800800562125772       0.75506275134362377     
   3.9669999999999934       -66.800619347507876       0.75505906489369468     
   3.9669899999999934       -66.800438133774932       0.75505537839700321     
   3.9669799999999933       -66.800256920926145       0.75505169185394927     
   3.9669699999999932       -66.800075708962424       0.75504800526405236     
   3.9669599999999932       -66.799894497883571       0.75504431862743260     
   3.9669499999999931       -66.799713287689698       0.75504063194410609     
   3.9669399999999930       -66.799532078380338       0.75503694521428721     
   3.9669299999999930       -66.799350869956072       0.75503325843759805     
   3.9669199999999929       -66.799169662416404       0.75502957161437800     
   3.9669099999999928       -66.798988455761503       0.75502588474451715     
   3.9668999999999928       -66.798807249991540       0.75502219782790758     
   3.9668899999999927       -66.798626045106587       0.75501851086460514     
   3.9668799999999926       -66.798444841106800       0.75501482385451857     
   3.9668699999999926       -66.798263637991511       0.75501113679795628     
   3.9668599999999925       -66.798082435760961       0.75500744969474332     
   3.9668499999999924       -66.797901234415789       0.75500376254469292     
   3.9668399999999924       -66.797720033955031       0.75500007534817659     
   3.9668299999999923       -66.797538834379338       0.75499638810494363     
   3.9668199999999922       -66.797357635688840       0.75499270081497993     
   3.9668099999999922       -66.797176437883209       0.75498901347827252     
   3.9667999999999921       -66.796995240962474       0.75498532609498381     
   3.9667899999999920       -66.796814044926535       0.75498163866511925     
   3.9667799999999920       -66.796632849775676       0.75497795118850863     
   3.9667699999999919       -66.796451655509713       0.75497426366533638     
   3.9667599999999918       -66.796270462129073       0.75497057609527929     
   3.9667499999999918       -66.796089269633484       0.75496688847860949     
   3.9667399999999917       -66.795908078022649       0.75496320081535373     
   3.9667299999999917       -66.795726887297022       0.75495951310535714     
   3.9667199999999916       -66.795545697456689       0.75495582534855465     
   3.9667099999999915       -66.795364508500910       0.75495213754537394     
   3.9666999999999915       -66.795183320430453       0.75494844969544006     
   3.9666899999999914       -66.795002133245220       0.75494476179863235     
   3.9666799999999913       -66.794820946945038       0.75494107385528919     
   3.9666699999999913       -66.794639761529581       0.75493738586542569     
   3.9666599999999912       -66.794458576999858       0.75493369782863973     
   3.9666499999999911       -66.794277393354747       0.75493000974538493     
   3.9666399999999911       -66.794096210595001       0.75492632161538087     
   3.9666299999999910       -66.793915028720477       0.75492263343867005     
   3.9666199999999909       -66.793733847731176       0.75491894521523573     
   3.9666099999999909       -66.793552667626912       0.75491525694522854     
   3.9665999999999908       -66.793371488407786       0.75491156862855746     
   3.9665899999999907       -66.793190310074039       0.75490788026514588     
   3.9665799999999907       -66.793009132625670       0.75490419185497126     
   3.9665699999999906       -66.792827956062183       0.75490050339831172     
   3.9665599999999905       -66.792646780383961       0.75489681489491278     
   3.9665499999999905       -66.792465605590849       0.75489312634497852     
   3.9665399999999904       -66.792284431683285       0.75488943774822947     
   3.9665299999999903       -66.792103258660859       0.75488574910481188     
   3.9665199999999903       -66.791922086523584       0.75488206041485728     
   3.9665099999999902       -66.791740915272044       0.75487837167797578     
   3.9664999999999901       -66.791559744905541       0.75487468289458626     
   3.9664899999999901       -66.791378575424233       0.75487099406448899     
   3.9664799999999900       -66.791197406828275       0.75486730518775291     
   3.9664699999999899       -66.791016239117809       0.75486361626430831     
   3.9664599999999899       -66.790835072292808       0.75485992729411555     
   3.9664499999999898       -66.790653906353143       0.75485623827726311     
   3.9664399999999898       -66.790472741298544       0.75485254921387923     
   3.9664299999999897       -66.790291577129338       0.75484886010383423     
   3.9664199999999896       -66.790110413845753       0.75484517094698134     
   3.9664099999999896       -66.789929251447347       0.75484148174356969     
   3.9663999999999895       -66.789748089934179       0.75483779249354388     
   3.9663899999999894       -66.789566929306588       0.75483410319685751     
   3.9663799999999894       -66.789385769564717       0.75483041385326322     
   3.9663699999999893       -66.789204610708111       0.75482672446315513     
   3.9663599999999892       -66.789023452737069       0.75482303502634085     
   3.9663499999999892       -66.788842295651534       0.75481934554275243     
   3.9663399999999891       -66.788661139451250       0.75481565601263967     
   3.9663299999999890       -66.788479984136416       0.75481196643585891     
   3.9663199999999890       -66.788298829707244       0.75480827681234575     
   3.9663099999999889       -66.788117676163651       0.75480458714217813     
   3.9662999999999888       -66.787936523505678       0.75480089742524026     
   3.9662899999999888       -66.787755371732970       0.75479720766175662     
   3.9662799999999887       -66.787574220846125       0.75479351785145055     
   3.9662699999999886       -66.787393070844473       0.75478982799466199     
   3.9662599999999886       -66.787211921728385       0.75478613809119410     
   3.9662499999999885       -66.787030773497975       0.75478244814097406     
   3.9662399999999884       -66.786849626153383       0.75477875814402873     
   3.9662299999999884       -66.786668479694086       0.75477506810053185     
   3.9662199999999883       -66.786487334120707       0.75477137801025329     
   3.9662099999999882       -66.786306189432892       0.75476768787327408     
   3.9661999999999882       -66.786125045630428       0.75476399768981561     
   3.9661899999999881       -66.785943902714052       0.75476030745938860     
   3.9661799999999880       -66.785762760683156       0.75475661718244735     
   3.9661699999999880       -66.785581619537894       0.75475292685881057     
   3.9661599999999879       -66.785400479278167       0.75474923648862513     
   3.9661499999999879       -66.785219339904188       0.75474554607171218     
   3.9661399999999878       -66.785038201416313       0.75474185560792695     
   3.9661299999999877       -66.784857063813789       0.75473816509762370     
   3.9661199999999877       -66.784675927096913       0.75473447454071918     
   3.9661099999999876       -66.784494791265999       0.75473078393698900     
   3.9660999999999875       -66.784313656320492       0.75472709328683651     
   3.9660899999999875       -66.784132522261288       0.75472340258971304     
   3.9660799999999874       -66.783951389087520       0.75471971184603437     
   3.9660699999999873       -66.783770256799727       0.75471602105558577     
   3.9660599999999873       -66.783589125397469       0.75471233021865303     
   3.9660499999999872       -66.783407994881017       0.75470863933498844     
   3.9660399999999871       -66.783226865250256       0.75470494840469848     
   3.9660299999999871       -66.783045736505741       0.75470125742758032     
   3.9660199999999870       -66.782864608646960       0.75469756640385155     
   3.9660099999999869       -66.782683481673999       0.75469387533340715     
   3.9659999999999869       -66.782502355587027       0.75469018421627887     
   3.9659899999999868       -66.782321230385492       0.75468649305262259     
   3.9659799999999867       -66.782140106070145       0.75468280184222936     
   3.9659699999999867       -66.781958982640845       0.75467911058498149     
   3.9659599999999866       -66.781777860097151       0.75467541928128423     
   3.9659499999999865       -66.781596738439589       0.75467172793082937     
   3.9659399999999865       -66.781415617667960       0.75466803653363757     
   3.9659299999999864       -66.781234497782222       0.75466434508985270     
   3.9659199999999863       -66.781053378782573       0.75466065359922740     
   3.9659099999999863       -66.780872260668644       0.75465696206209765     
   3.9658999999999862       -66.780691143440862       0.75465327047822617     
   3.9658899999999861       -66.780510027098714       0.75464957884781392     
   3.9658799999999861       -66.780328911643096       0.75464588717054915     
   3.9658699999999860       -66.780147797073013       0.75464219544675382     
   3.9658599999999860       -66.779966683389048       0.75463850367627350     
   3.9658499999999859       -66.779785570591315       0.75463481185897852     
   3.9658399999999858       -66.779604458679373       0.75463111999518351     
   3.9658299999999858       -66.779423347653776       0.75462742808453498     
   3.9658199999999857       -66.779242237514012       0.75462373612729028     
   3.9658099999999856       -66.779061128260679       0.75462004412327344     
   3.9657999999999856       -66.778880019893009       0.75461635207277011     
   3.9657899999999855       -66.778698912411542       0.75461265997549054     
   3.9657799999999854       -66.778517805816463       0.75460896783139830     
   3.9657699999999854       -66.778336700106905       0.75460527564097690     
   3.9657599999999853       -66.778155595284204       0.75460158340351036     
   3.9657499999999852       -66.777974491347194       0.75459789111955267     
   3.9657399999999852       -66.777793388296644       0.75459419878881429     
   3.9657299999999851       -66.777612286131884       0.75459050641153691     
   3.9657199999999850       -66.777431184853228       0.75458681398759764     
   3.9657099999999850       -66.777250084461059       0.75458312151690710     
   3.9656999999999849       -66.777068984955065       0.75457942899954256     
   3.9656899999999848       -66.776887886335103       0.75457573643553266     
   3.9656799999999848       -66.776706788601601       0.75457204382478027     
   3.9656699999999847       -66.776525691754003       0.75456835116748155     
   3.9656599999999846       -66.776344595792921       0.75456465846344833     
   3.9656499999999846       -66.776163500718141       0.75456096571259224     
   3.9656399999999845       -66.775982406529437       0.75455727291522001     
   3.9656299999999844       -66.775801313227163       0.75455358007110263     
   3.9656199999999844       -66.775620220810978       0.75454988718036242     
   3.9656099999999843       -66.775439129281182       0.75454619424293601     
   3.9655999999999842       -66.775258038637745       0.75454250125879241     
   3.9655899999999842       -66.775076948880624       0.75453880822796593     
   3.9655799999999841       -66.774895860009906       0.75453511515041172     
   3.9655699999999841       -66.774714772025433       0.75453142202629475     
   3.9655599999999840       -66.774533684927277       0.75452772885544839     
   3.9655499999999839       -66.774352598715751       0.75452403563786830     
   3.9655399999999839       -66.774171513390286       0.75452034237370691     
   3.9655299999999838       -66.773990428951549       0.75451664906270988     
   3.9655199999999837       -66.773809345398675       0.75451295570524290     
   3.9655099999999837       -66.773628262732700       0.75450926230099735     
   3.9654999999999836       -66.773447180952815       0.75450556885014297     
   3.9654899999999835       -66.773266100059303       0.75450187535264712     
   3.9654799999999835       -66.773085020052434       0.75449818180837236     
   3.9654699999999834       -66.772903940932551       0.75449448821720289     
   3.9654599999999833       -66.772722862698501       0.75449079457967516     
   3.9654499999999833       -66.772541785351123       0.75448710089532833     
   3.9654399999999832       -66.772360708890318       0.75448340716424867     
   3.9654299999999831       -66.772179633315716       0.75447971338664066     
   3.9654199999999831       -66.771998558627701       0.75447601956229671     
   3.9654099999999830       -66.771817484826343       0.75447232569120048     
   3.9653999999999829       -66.771636411911388       0.75446863177354828     
   3.9653899999999829       -66.771455339882948       0.75446493780922819     
   3.9653799999999828       -66.771274268741351       0.75446124379805701     
   3.9653699999999827       -66.771093198486099       0.75445754974039791     
   3.9653599999999827       -66.770912129117420       0.75445385563592626     
   3.9653499999999826       -66.770731060635299       0.75445016148492983     
   3.9653399999999825       -66.770549993040049       0.75444646728703624     
   3.9653299999999825       -66.770368926331443       0.75444277304251106     
   3.9653199999999824       -66.770187860509026       0.75443907875146932     
   3.9653099999999823       -66.770006795573224       0.75443538441373692     
   3.9652999999999823       -66.769825731524378       0.75443169002919197     
   3.9652899999999822       -66.769644668362446       0.75442799559782614     
   3.9652799999999822       -66.769463606086603       0.75442430112012115     
   3.9652699999999821       -66.769282544697774       0.75442060659554577     
   3.9652599999999820       -66.769101484195573       0.75441691202434236     
   3.9652499999999820       -66.768920424580102       0.75441321740634493     
   3.9652399999999819       -66.768739365851104       0.75440952274189355     
   3.9652299999999818       -66.768558308009204       0.75440582803055223     
   3.9652199999999818       -66.768377251053721       0.75440213327263927     
   3.9652099999999817       -66.768196194985279       0.75439843846801857     
   3.9651999999999816       -66.768015139803424       0.75439474361670189     
   3.9651899999999816       -66.767834085508284       0.75439104871874585     
   3.9651799999999815       -66.767653032100128       0.75438735377402233     
   3.9651699999999814       -66.767471979578616       0.75438365878269364     
   3.9651599999999814       -66.767290927944032       0.75437996374465222     
   3.9651499999999813       -66.767109877196191       0.75437626865987462     
   3.9651399999999812       -66.766928827335249       0.75437257352849896     
   3.9651299999999812       -66.766747778360752       0.75436887835054200     
   3.9651199999999811       -66.766566730273510       0.75436518312576473     
   3.9651099999999810       -66.766385683073082       0.75436148785427726     
   3.9650999999999810       -66.766204636759340       0.75435779253619195     
   3.9650899999999809       -66.766023591332683       0.75435409717135382     
   3.9650799999999808       -66.765842546792896       0.75435040175984580     
   3.9650699999999808       -66.765661503139995       0.75434670630168821     
   3.9650599999999807       -66.765480460374079       0.75434301079682464     
   3.9650499999999806       -66.765299418494706       0.75433931524539199     
   3.9650399999999806       -66.765118377502532       0.75433561964725049     
   3.9650299999999805       -66.764937337397143       0.75433192400238569     
   3.9650199999999804       -66.764756298179066       0.75432822831073609     
   3.9650099999999804       -66.764575259848044       0.75432453257236676     
   3.9649999999999803       -66.764394222403311       0.75432083678769912     
   3.9649899999999803       -66.764213185846188       0.75431714095595936     
   3.9649799999999802       -66.764032150175723       0.75431344507775577     
   3.9649699999999801       -66.763851115392626       0.75430974915270455     
   3.9649599999999801       -66.763670081496457       0.75430605318099853     
   3.9649499999999800       -66.763489048487259       0.75430235716264804     
   3.9649399999999799       -66.763308016365045       0.75429866109763133     
   3.9649299999999799       -66.763126985130000       0.75429496498589765     
   3.9649199999999798       -66.762945954781728       0.75429126882759823     
   3.9649099999999797       -66.762764925320838       0.75428757262253521     
   3.9648999999999797       -66.762583896747017       0.75428387637074445     
   3.9648899999999796       -66.762402869060338       0.75428018007231523     
   3.9648799999999795       -66.762221842260601       0.75427648372726797     
   3.9648699999999795       -66.762040816348232       0.75427278733539727     
   3.9648599999999794       -66.761859791322749       0.75426909089696748     
   3.9648499999999793       -66.761678767184208       0.75426539441195972     
   3.9648399999999793       -66.761497743933290       0.75426169788005459     
   3.9648299999999792       -66.761316721569528       0.75425800130143417     
   3.9648199999999791       -66.761135700092751       0.75425430467631749     
   3.9648099999999791       -66.760954679503357       0.75425060800433730     
   3.9647999999999790       -66.760773659801018       0.75424691128577204     
   3.9647899999999789       -66.760592640985990       0.75424321452053056     
   3.9647799999999789       -66.760411623057919       0.75423951770870856     
   3.9647699999999788       -66.760230606017487       0.75423582084995422     
   3.9647599999999787       -66.760049589864138       0.75423212394466466     
   3.9647499999999787       -66.759868574597988       0.75422842699268233     
   3.9647399999999786       -66.759687560218993       0.75422472999412538     
   3.9647299999999785       -66.759506546727664       0.75422103294858445     
   3.9647199999999785       -66.759325534123292       0.75421733585665385     
   3.9647099999999784       -66.759144522406402       0.75421363871791736     
   3.9646999999999784       -66.758963511576965       0.75420994153240228     
   3.9646899999999783       -66.758782501634386       0.75420624430049188     
   3.9646799999999782       -66.758601492579601       0.75420254702164147     
   3.9646699999999782       -66.758420484411928       0.75419884969621520     
   3.9646599999999781       -66.758239477131994       0.75419515232394196     
   3.9646499999999780       -66.758058470738916       0.75419145490520423     
   3.9646399999999780       -66.757877465233463       0.75418775743969146     
   3.9646299999999779       -66.757696460615222       0.75418405992756565     
   3.9646199999999778       -66.757515456884832       0.75418036236857999     
   3.9646099999999778       -66.757334454041626       0.75417666476300760     
   3.9645999999999777       -66.757153452085717       0.75417296711073634     
   3.9645899999999776       -66.756972451017475       0.75416926941180795     
   3.9645799999999776       -66.756791450836644       0.75416557166616505     
   3.9645699999999775       -66.756610451543224       0.75416187387383093     
   3.9645599999999774       -66.756429453137372       0.75415817603478896     
   3.9645499999999774       -66.756248455618831       0.75415447814915237     
   3.9645399999999773       -66.756067458987559       0.75415078021692417     
   3.9645299999999772       -66.755886463244195       0.75414708223783811     
   3.9645199999999772       -66.755705468388086       0.75414338421217597     
   3.9645099999999771       -66.755524474419772       0.75413968613969462     
   3.9644999999999770       -66.755343481338784       0.75413598802067039     
   3.9644899999999770       -66.755162489145476       0.75413228985483383     
   3.9644799999999769       -66.754981497839751       0.75412859164237389     
   3.9644699999999768       -66.754800507421663       0.75412489338318922     
   3.9644599999999768       -66.754619517890845       0.75412119507748276     
   3.9644499999999767       -66.754438529248134       0.75411749672480599     
   3.9644399999999766       -66.754257541492635       0.75411379832565706     
   3.9644299999999766       -66.754076554624945       0.75411009987972388     
   3.9644199999999765       -66.753895568644708       0.75410640138715790     
   3.9644099999999765       -66.753714583552210       0.75410270284797098     
   3.9643999999999764       -66.753533599347421       0.75409900426195453     
   3.9643899999999763       -66.753352616030298       0.75409530562930494     
   3.9643799999999763       -66.753171633600829       0.75409160694996080     
   3.9643699999999762       -66.752990652058884       0.75408790822404159     
   3.9643599999999761       -66.752809671404890       0.75408420945127685     
   3.9643499999999761       -66.752628691638577       0.75408051063189607     
   3.9643399999999760       -66.752447712759690       0.75407681176590613     
   3.9643299999999759       -66.752266734769023       0.75407311285302014     
   3.9643199999999759       -66.752085757665881       0.75406941389357218     
   3.9643099999999758       -66.751904781450492       0.75406571488742602     
   3.9642999999999757       -66.751723806122641       0.75406201583473231     
   3.9642899999999757       -66.751542831682812       0.75405831673514812     
   3.9642799999999756       -66.751361858130579       0.75405461758903902     
   3.9642699999999755       -66.751180885466241       0.75405091839617233     
   3.9642599999999755       -66.750999913689952       0.75404721915656248     
   3.9642499999999754       -66.750818942801146       0.75404351987037865     
   3.9642399999999753       -66.750637972800163       0.75403982053750507     
   3.9642299999999753       -66.750457003687401       0.75403612115783736     
   3.9642199999999752       -66.750276035462278       0.75403242173148899     
   3.9642099999999751       -66.750095068125020       0.75402872225850526     
   3.9641999999999751       -66.749914101675671       0.75402502273880823     
   3.9641899999999750       -66.749733136114216       0.75402132317240900     
   3.9641799999999749       -66.749552171440300       0.75401762355950208     
   3.9641699999999749       -66.749371207654775       0.75401392389974842     
   3.9641599999999748       -66.749190244757145       0.75401022419323460     
   3.9641499999999747       -66.749009282747181       0.75400652444025218     
   3.9641399999999747       -66.748828321625325       0.75400282464043256     
   3.9641299999999746       -66.748647361391548       0.75399912479388098     
   3.9641199999999746       -66.748466402045523       0.75399542490075788     
   3.9641099999999745       -66.748285443587605       0.75399172496091349     
   3.9640999999999744       -66.748104486017638       0.75398802497433104     
   3.9640899999999744       -66.747923529335679       0.75398432494108147     
   3.9640799999999743       -66.747742573541757       0.75398062486114348     
   3.9640699999999742       -66.747561618635984       0.75397692473446465     
   3.9640599999999742       -66.747380664617879       0.75397322456123173     
   3.9640499999999741       -66.747199711488278       0.75396952434115827     
   3.9640399999999740       -66.747018759246515       0.75396582407447921     
   3.9640299999999740       -66.746837807892291       0.75396212376130467     
   3.9640199999999739       -66.746656857426842       0.75395842340121233     
   3.9640099999999738       -66.746475907849273       0.75395472299447697     
   3.9639999999999738       -66.746294959159854       0.75395102254104440     
   3.9639899999999737       -66.746114011358571       0.75394732204086257     
   3.9639799999999736       -66.745933064445225       0.75394362149422711     
   3.9639699999999736       -66.745752118420015       0.75393992090075646     
   3.9639599999999735       -66.745571173283182       0.75393622026055418     
   3.9639499999999734       -66.745390229034527       0.75393251957359453     
   3.9639399999999734       -66.745209285673965       0.75392881884005503     
   3.9639299999999733       -66.745028343201312       0.75392511805994022     
   3.9639199999999732       -66.744847401617164       0.75392141723295725     
   3.9639099999999732       -66.744666460921437       0.75391771635922866     
   3.9638999999999731       -66.744485521113376       0.75391401543902115     
   3.9638899999999730       -66.744304582193820       0.75391031447200219     
   3.9638799999999730       -66.744123644162642       0.75390661345824672     
   3.9638699999999729       -66.743942707019286       0.75390291239797891     
   3.9638599999999728       -66.743761770764593       0.75389921129090032     
   3.9638499999999728       -66.743580835398092       0.75389551013712219     
   3.9638399999999727       -66.743399900919883       0.75389180893667429     
   3.9638299999999727       -66.743218967329796       0.75388810768957304     
   3.9638199999999726       -66.743038034628171       0.75388440639572363     
   3.9638099999999725       -66.742857102814838       0.75388070505519733     
   3.9637999999999725       -66.742676171889826       0.75387700366798072     
   3.9637899999999724       -66.742495241853078       0.75387330223412530     
   3.9637799999999723       -66.742314312704764       0.75386960075353471     
   3.9637699999999723       -66.742133384444756       0.75386589922630431     
   3.9637599999999722       -66.741952457072998       0.75386219765239149     
   3.9637499999999721       -66.741771530589958       0.75385849603162169     
   3.9637399999999721       -66.741590604995281       0.75385479436420988     
   3.9637299999999720       -66.741409680288740       0.75385109265022121     
   3.9637199999999719       -66.741228756470690       0.75384739088956687     
   3.9637099999999719       -66.741047833541330       0.75384368908203259     
   3.9636999999999718       -66.740866911500333       0.75383998722790790     
   3.9636899999999717       -66.740685990347558       0.75383628532716174     
   3.9636799999999717       -66.740505070083444       0.75383258337967129     
   3.9636699999999716       -66.740324150707423       0.75382888138556992     
   3.9636599999999715       -66.740143232220092       0.75382517934476045     
   3.9636499999999715       -66.739962314621522       0.75382147725712711     
   3.9636399999999714       -66.739781397911216       0.75381777512289749     
   3.9636299999999713       -66.739600482089173       0.75381407294209446     
   3.9636199999999713       -66.739419567156148       0.75381037071440726     
   3.9636099999999712       -66.739238653111371       0.75380666844013822     
   3.9635999999999711       -66.739057739955271       0.75380296611914066     
   3.9635899999999711       -66.738876827687491       0.75379926375151063     
   3.9635799999999710       -66.738695916308671       0.75379556133705583     
   3.9635699999999709       -66.738515005818101       0.75379185887604050     
   3.9635599999999709       -66.738334096216590       0.75378815636820373     
   3.9635499999999708       -66.738153187503315       0.75378445381375958     
   3.9635399999999708       -66.737972279678672       0.75378075121265697     
   3.9635299999999707       -66.737791372742777       0.75377704856477823     
   3.9635199999999706       -66.737610466695543       0.75377334587020350     
   3.9635099999999706       -66.737429561536842       0.75376964312901873     
   3.9634999999999705       -66.737248657266832       0.75376594034113287     
   3.9634899999999704       -66.737067753885611       0.75376223750644333     
   3.9634799999999704       -66.736886851393081       0.75375853462510778     
   3.9634699999999703       -66.736705949789126       0.75375483169716073     
   3.9634599999999702       -66.736525049073833       0.75375112872248551     
   3.9634499999999702       -66.736344149247387       0.75374742570112463     
   3.9634399999999701       -66.736163250309204       0.75374372263322631     
   3.9634299999999700       -66.735982352260123       0.75374001951852765     
   3.9634199999999700       -66.735801455099818       0.75373631635707328     
   3.9634099999999699       -66.735620558828487       0.75373261314886852     
   3.9633999999999698       -66.735439663445717       0.75372890989403729     
   3.9633899999999698       -66.735258768951837       0.75372520659247144     
   3.9633799999999697       -66.735077875346761       0.75372150324424136     
   3.9633699999999696       -66.734896982630261       0.75371779984939913     
   3.9633599999999696       -66.734716090802650       0.75371409640785547     
   3.9633499999999695       -66.734535199863970       0.75371039291954756     
   3.9633399999999694       -66.734354309813881       0.75370668938469343     
   3.9633299999999694       -66.734173420653093       0.75370298580293971     
   3.9633199999999693       -66.733992532381038       0.75369928217450821     
   3.9633099999999692       -66.733811644997672       0.75369557849952251     
   3.9632999999999692       -66.733630758503551       0.75369187477768762     
   3.9632899999999691       -66.733449872897751       0.75368817100942331     
   3.9632799999999690       -66.733268988181550       0.75368446719411386     
   3.9632699999999690       -66.733088104353655       0.75368076333236023     
   3.9632599999999689       -66.732907221415061       0.75367705942381813     
   3.9632499999999689       -66.732726339365541       0.75367335546846359     
   3.9632399999999688       -66.732545458204527       0.75366965146672993     
   3.9632299999999687       -66.732364577932628       0.75366594741813786     
   3.9632199999999687       -66.732183698549775       0.75366224332280563     
   3.9632099999999686       -66.732002820055854       0.75365853918085612     
   3.9631999999999685       -66.731821942451518       0.75365483499197061     
   3.9631899999999685       -66.731641065735388       0.75365113075668255     
   3.9631799999999684       -66.731460189908461       0.75364742647469518     
   3.9631699999999683       -66.731279314970536       0.75364372214596687     
   3.9631599999999683       -66.731098440921755       0.75364001777054768     
   3.9631499999999682       -66.730917567762035       0.75363631334839287     
   3.9631399999999681       -66.730736695491359       0.75363260887959715     
   3.9631299999999681       -66.730555824109686       0.75362890436412389     
   3.9631199999999680       -66.730374953617286       0.75362519980190379     
   3.9631099999999679       -66.730194084014045       0.75362149519286425     
   3.9630999999999679       -66.730013215299550       0.75361779053740940     
   3.9630899999999678       -66.729832347474741       0.75361408583490352     
   3.9630799999999677       -66.729651480538308       0.75361038108611511     
   3.9630699999999677       -66.729470614491674       0.75360667629031941     
   3.9630599999999676       -66.729289749333688       0.75360297144803690     
   3.9630499999999675       -66.729108885065472       0.75359926655885978     
   3.9630399999999675       -66.728928021685817       0.75359556162319874     
   3.9630299999999674       -66.728747159195791       0.75359185664067618     
   3.9630199999999673       -66.728566297594881       0.75358815161149895     
   3.9630099999999673       -66.728385436883201       0.75358444653560286     
   3.9629999999999672       -66.728204577060694       0.75358074141308673     
   3.9629899999999672       -66.728023718127389       0.75357703624385264     
   3.9629799999999671       -66.727842860082916       0.75357333102807023     
   3.9629699999999670       -66.727662002928398       0.75356962576533471     
   3.9629599999999670       -66.727481146663123       0.75356592045590898     
   3.9629499999999669       -66.727300291286838       0.75356221509989918     
   3.9629399999999668       -66.727119436799882       0.75355850969714921     
   3.9629299999999668       -66.726938583202070       0.75355480424783783     
   3.9629199999999667       -66.726757730493816       0.75355109875169524     
   3.9629099999999666       -66.726576878674962       0.75354739320886044     
   3.9628999999999666       -66.726396027745110       0.75354368761946100     
   3.9628899999999665       -66.726215177704645       0.75353998198332361     
   3.9628799999999664       -66.726034328553766       0.75353627630044173     
   3.9628699999999664       -66.725853480292031       0.75353257057092338     
   3.9628599999999663       -66.725672632919753       0.75352886479465131     
   3.9628499999999662       -66.725491786437033       0.75352515897166084     
   3.9628399999999662       -66.725310940843642       0.75352145310198637     
   3.9628299999999661       -66.725130096139523       0.75351774718566977     
   3.9628199999999660       -66.724949252325146       0.75351404122252275     
   3.9628099999999660       -66.724768409399914       0.75351033521283439     
   3.9627999999999659       -66.724587567363969       0.75350662915648614     
   3.9627899999999658       -66.724406726217907       0.75350292305324640     
   3.9627799999999658       -66.724225885960976       0.75349921690350607     
   3.9627699999999657       -66.724045046593915       0.75349551070688514     
   3.9627599999999656       -66.723864208115899       0.75349180446377240     
   3.9627499999999656       -66.723683370527638       0.75348809817382068     
   3.9627399999999655       -66.723502533829048       0.75348439183712390     
   3.9627299999999654       -66.723321698019703       0.75348068545387525     
   3.9627199999999654       -66.723140863100042       0.75347697902385302     
   3.9627099999999653       -66.722960029069881       0.75347327254711149     
   3.9626999999999653       -66.722779195929363       0.75346956602367354     
   3.9626899999999652       -66.722598363678344       0.75346585945358269     
   3.9626799999999651       -66.722417532316854       0.75346215283679685     
   3.9626699999999651       -66.722236701845006       0.75345844617330293     
   3.9626599999999650       -66.722055872262800       0.75345473946311092     
   3.9626499999999649       -66.721875043570009       0.75345103270636604     
   3.9626399999999649       -66.721694215766803       0.75344732590283636     
   3.9626299999999648       -66.721513388853438       0.75344361905255675     
   3.9626199999999647       -66.721332562829801       0.75343991215553485     
   3.9626099999999647       -66.721151737695635       0.75343620521195220     
   3.9625999999999646       -66.720970913451410       0.75343249822148672     
   3.9625899999999645       -66.720790090096656       0.75342879118448647     
   3.9625799999999645       -66.720609267631644       0.75342508410071429     
   3.9625699999999644       -66.720428446056331       0.75342137697025224     
   3.9625599999999643       -66.720247625370618       0.75341766979321889     
   3.9625499999999643       -66.720066805574746       0.75341396256934468     
   3.9625399999999642       -66.719885986668672       0.75341025529877081     
   3.9625299999999641       -66.719705168652183       0.75340654798160311     
   3.9625199999999641       -66.719524351525621       0.75340284061765839     
   3.9625099999999640       -66.719343535288800       0.75339913320701790     
   3.9624999999999639       -66.719162719941750       0.75339542574970786     
   3.9624899999999639       -66.718981905484796       0.75339171824552986     
   3.9624799999999638       -66.718801091917243       0.75338801069484429     
   3.9624699999999637       -66.718620279239389       0.75338430309752857     
   3.9624599999999637       -66.718439467451574       0.75338059545340863     
   3.9624499999999636       -66.718258656553758       0.75337688776257339     
   3.9624399999999635       -66.718077846545441       0.75337318002511600     
   3.9624299999999635       -66.717897037427349       0.75336947224087536     
   3.9624199999999634       -66.717716229198686       0.75336576441008785     
   3.9624099999999634       -66.717535421860461       0.75336205653239841     
   3.9623999999999633       -66.717354615411580       0.75335834860819773     
   3.9623899999999632       -66.717173809852838       0.75335464063721147     
   3.9623799999999632       -66.716993005184136       0.75335093261950137     
   3.9623699999999631       -66.716812201405588       0.75334722455497916     
   3.9623599999999630       -66.716631398516640       0.75334351644388731     
   3.9623499999999630       -66.716450596517689       0.75333980828612324     
   3.9623399999999629       -66.716269795408579       0.75333610008168950     
   3.9623299999999628       -66.716088995189665       0.75333239183049183     
   3.9623199999999628       -66.715908195860777       0.75332868353252980     
   3.9623099999999627       -66.715727397421617       0.75332497518803365     
   3.9622999999999626       -66.715546599872567       0.75332126679677047     
   3.9622899999999626       -66.715365803213473       0.75331755835879910     
   3.9622799999999625       -66.715185007444560       0.75331384987418060     
   3.9622699999999624       -66.715004212565617       0.75331014134277530     
   3.9622599999999624       -66.714823418576799       0.75330643276469533     
   3.9622499999999623       -66.714642625477921       0.75330272413994415     
   3.9622399999999622       -66.714461833269169       0.75329901546850453     
   3.9622299999999622       -66.714281041950855       0.75329530675012790     
   3.9622199999999621       -66.714100251522069       0.75329159798539480     
   3.9622099999999620       -66.713919461983693       0.75328788917380241     
   3.9621999999999620       -66.713738673335413       0.75328418031553701     
   3.9621899999999619       -66.713557885577245       0.75328047141054821     
   3.9621799999999618       -66.713377098709216       0.75327676245890229     
   3.9621699999999618       -66.713196312731327       0.75327305346053619     
   3.9621599999999617       -66.713015527643776       0.75326934441540028     
   3.9621499999999616       -66.712834743446024       0.75326563532374979     
   3.9621399999999616       -66.712653960138795       0.75326192618523413     
   3.9621299999999615       -66.712473177721535       0.75325821700013418     
   3.9621199999999615       -66.712292396194755       0.75325450776819924     
   3.9621099999999614       -66.712111615557916       0.75325079848967791     
   3.9620999999999613       -66.711930835811472       0.75324708916442484     
   3.9620899999999613       -66.711750056955111       0.75324337979254308     
   3.9620799999999612       -66.711569278989202       0.75323967037380191     
   3.9620699999999611       -66.711388501913518       0.75323596090843969     
   3.9620599999999611       -66.711207725727661       0.75323225139655314     
   3.9620499999999610       -66.711026950432796       0.75322854183773025     
   3.9620399999999609       -66.710846176027900       0.75322483223227321     
   3.9620299999999609       -66.710665402513399       0.75322112258009277     
   3.9620199999999608       -66.710484629889081       0.75321741288126898     
   3.9620099999999607       -66.710303858155257       0.75321370313568847     
   3.9619999999999607       -66.710123087311672       0.75320999334347871     
   3.9619899999999606       -66.709942317358326       0.75320628350457308     
   3.9619799999999605       -66.709761548295475       0.75320257361894127     
   3.9619699999999605       -66.709580780123275       0.75319886368644695     
   3.9619599999999604       -66.709400012840845       0.75319515370758505     
   3.9619499999999603       -66.709219246449592       0.75319144368167323     
   3.9619399999999603       -66.709038480948024       0.75318773360932889     
   3.9619299999999602       -66.708857716337377       0.75318402349014202     
   3.9619199999999601       -66.708676952616841       0.75318031332430968     
   3.9619099999999601       -66.708496189787056       0.75317660311165591     
   3.9618999999999600       -66.708315427847452       0.75317289285249578     
   3.9618899999999599       -66.708134666798429       0.75316918254653531     
   3.9618799999999599       -66.707953906639943       0.75316547219383134     
   3.9618699999999598       -66.707773147372038       0.75316176179446115     
   3.9618599999999597       -66.707592388994243       0.75315805134848890     
   3.9618499999999597       -66.707411631507256       0.75315434085570432     
   3.9618399999999596       -66.707230874910849       0.75315063031623941     
   3.9618299999999596       -66.707050119204794       0.75314691973007852     
   3.9618199999999595       -66.706869364389547       0.75314320909717170     
   3.9618099999999594       -66.706688610464255       0.75313949841777583     
   3.9617999999999594       -66.706507857430353       0.75313578769132528     
   3.9617899999999593       -66.706327105286533       0.75313207691841411     
   3.9617799999999592       -66.706146354033294       0.75312836609879019     
   3.9617699999999592       -66.705965603670762       0.75312465523241368     
   3.9617599999999591       -66.705784854198740       0.75312094431940169     
   3.9617499999999590       -66.705604105617653       0.75311723335956504     
   3.9617399999999590       -66.705423357926847       0.75311352235312878     
   3.9617299999999589       -66.705242611126934       0.75310981129994803     
   3.9617199999999588       -66.705061865217502       0.75310610020009416     
   3.9617099999999588       -66.704881120198664       0.75310238905362226     
   3.9616999999999587       -66.704700376070790       0.75309867786028717     
   3.9616899999999586       -66.704519632833566       0.75309496662028808     
   3.9616799999999586       -66.704338890486866       0.75309125533360710     
   3.9616699999999585       -66.704158149030960       0.75308754400023714     
   3.9616599999999584       -66.703977408465633       0.75308383262025436     
   3.9616499999999584       -66.703796668791412       0.75308012119339718     
   3.9616399999999583       -66.703615930007459       0.75307640972004064     
   3.9616299999999582       -66.703435192114711       0.75307269819977130     
   3.9616199999999582       -66.703254455112486       0.75306898663289579     
   3.9616099999999581       -66.703073719001154       0.75306527501927556     
   3.9615999999999580       -66.702892983780671       0.75306156335896413     
   3.9615899999999580       -66.702712249450983       0.75305785165189121     
   3.9615799999999579       -66.702531516011859       0.75305413989831582     
   3.9615699999999578       -66.702350783463601       0.75305042809796474     
   3.9615599999999578       -66.702170051806348       0.75304671625081621     
   3.9615499999999577       -66.701989321039989       0.75304300435701521     
   3.9615399999999577       -66.701808591164436       0.75303929241650136     
   3.9615299999999576       -66.701627862179478       0.75303558042942720     
   3.9615199999999575       -66.701447134085669       0.75303186839548342     
   3.9615099999999575       -66.701266406882667       0.75302815631492803     
   3.9614999999999574       -66.701085680570827       0.75302444418752057     
   3.9614899999999573       -66.700904955149355       0.75302073201364539     
   3.9614799999999573       -66.700724230619201       0.75301701979290281     
   3.9614699999999572       -66.700543506980068       0.75301330752544249     
   3.9614599999999571       -66.700362784231757       0.75300959521130062     
   3.9614499999999571       -66.700182062374594       0.75300588285040682     
   3.9614399999999570       -66.700001341408182       0.75300217044290030     
   3.9614299999999569       -66.699820621332591       0.75299845798876197     
   3.9614199999999569       -66.699639902148192       0.75299474548781864     
   3.9614099999999568       -66.699459183854685       0.75299103294021263     
   3.9613999999999567       -66.699278466452654       0.75298732034574023     
   3.9613899999999567       -66.699097749941302       0.75298360770471062     
   3.9613799999999566       -66.698917034321198       0.75297989501688478     
   3.9613699999999565       -66.698736319591802       0.75297618228248464     
   3.9613599999999565       -66.698555605753398       0.75297246950144359     
   3.9613499999999564       -66.698374892806555       0.75296875667346319     
   3.9613399999999563       -66.698194180750235       0.75296504379902840     
   3.9613299999999563       -66.698013469585462       0.75296133087768113     
   3.9613199999999562       -66.697832759311751       0.75295761790963545     
   3.9613099999999561       -66.697652049928877       0.75295390489509895     
   3.9612999999999561       -66.697471341437222       0.75295019183372969     
   3.9612899999999560       -66.697290633836786       0.75294647872562459     
   3.9612799999999559       -66.697109927127698       0.75294276557076223     
   3.9612699999999559       -66.696929221309347       0.75293905236935299     
   3.9612599999999558       -66.696748516382442       0.75293533912121868     
   3.9612499999999558       -66.696567812346473       0.75293162582635098     
   3.9612399999999557       -66.696387109202121       0.75292791248466073     
   3.9612299999999556       -66.696206406948690       0.75292419909637232     
   3.9612199999999556       -66.696025705586251       0.75292048566156267     
   3.9612099999999555       -66.695845005115558       0.75291677217970232     
   3.9611999999999554       -66.695664305535956       0.75291305865126867     
   3.9611899999999554       -66.695483606847716       0.75290934507606588     
   3.9611799999999553       -66.695302909050213       0.75290563145443290     
   3.9611699999999552       -66.695122212144369       0.75290191778588456     
   3.9611599999999552       -66.694941516129745       0.75289820407063113     
   3.9611499999999551       -66.694760821006469       0.75289449030867728     
   3.9611399999999550       -66.694580126774540       0.75289077650002423     
   3.9611299999999550       -66.694399433433844       0.75288706264468297     
   3.9611199999999549       -66.694218740984212       0.75288334874276452     
   3.9611099999999548       -66.694038049426439       0.75287963479393627     
   3.9610999999999548       -66.693857358759857       0.75287592079842447     
   3.9610899999999547       -66.693676668984494       0.75287220675627131     
   3.9610799999999546       -66.693495980100678       0.75286849266736955     
   3.9610699999999546       -66.693315292107968       0.75286477853187883     
   3.9610599999999545       -66.693134605007245       0.75286106434943945     
   3.9610499999999544       -66.692953918797471       0.75285735012048782     
   3.9610399999999544       -66.692773233479286       0.75285363584473586     
   3.9610299999999543       -66.692592549052222       0.75284992152245644     
   3.9610199999999542       -66.692411865516874       0.75284620715328687     
   3.9610099999999542       -66.692231182872803       0.75284249273750914     
   3.9609999999999541       -66.692050501120349       0.75283877827503909     
   3.9609899999999540       -66.691869820259143       0.75283506376587583     
   3.9609799999999540       -66.691689140289881       0.75283134920981443     
   3.9609699999999539       -66.691508461211995       0.75282763460717084     
   3.9609599999999539       -66.691327783025343       0.75282391995785547     
   3.9609499999999538       -66.691147105730295       0.75282020526186078     
   3.9609399999999537       -66.690966429326750       0.75281649051917576     
   3.9609299999999537       -66.690785753814723       0.75281277572980188     
   3.9609199999999536       -66.690605079194199       0.75280906089368071     
   3.9609099999999535       -66.690424405465492       0.75280534601078009     
   3.9608999999999535       -66.690243732628133       0.75280163108127873     
   3.9608899999999534       -66.690063060682462       0.75279791610501967     
   3.9608799999999533       -66.689882389628650       0.75279420108195172     
   3.9608699999999533       -66.689701719465987       0.75279048601237297     
   3.9608599999999532       -66.689521050195523       0.75278677089582635     
   3.9608499999999531       -66.689340381816280       0.75278305573272475     
   3.9608399999999531       -66.689159714328738       0.75277934052292872     
   3.9608299999999530       -66.688979047732886       0.75277562526646424     
   3.9608199999999529       -66.688798382028679       0.75277190996322052     
   3.9608099999999529       -66.688617717216061       0.75276819461334865     
   3.9607999999999528       -66.688437053295232       0.75276447921678213     
   3.9607899999999527       -66.688256390266048       0.75276076377343459     
   3.9607799999999527       -66.688075728128837       0.75275704828327672     
   3.9607699999999526       -66.687895066882874       0.75275333274667922     
   3.9607599999999525       -66.687714406529082       0.75274961716315092     
   3.9607499999999525       -66.687533747066880       0.75274590153301035     
   3.9607399999999524       -66.687353088496593       0.75274218585605845     
   3.9607299999999523       -66.687172430817753       0.75273847013255857     
   3.9607199999999523       -66.686991774030901       0.75273475436222437     
   3.9607099999999522       -66.686811118135779       0.75273103854529289     
   3.9606999999999521       -66.686630463132445       0.75272732268153331     
   3.9606899999999521       -66.686449809020857       0.75272360677121597     
   3.9606799999999520       -66.686269155801000       0.75271989081417823     
   3.9606699999999520       -66.686088503473115       0.75271617481035558     
   3.9606599999999519       -66.685907852037062       0.75271245875991522     
   3.9606499999999518       -66.685727201492980       0.75270874266263099     
   3.9606399999999518       -66.685546551840588       0.75270502651876348     
   3.9606299999999517       -66.685365903080537       0.75270131032794552     
   3.9606199999999516       -66.685185255211849       0.75269759409070203     
   3.9606099999999516       -66.685004608235289       0.75269387780659958     
   3.9605999999999515       -66.684823962150745       0.75269016147578460     
   3.9605899999999514       -66.684643316957647       0.75268644509844707     
   3.9605799999999514       -66.684462672657062       0.75268272867416763     
   3.9605699999999513       -66.684282029248024       0.75267901220338196     
   3.9605599999999512       -66.684101386731257       0.75267529568574787     
   3.9605499999999512       -66.683920745106249       0.75267157912146387     
   3.9605399999999511       -66.683740104373413       0.75266786251037709     
   3.9605299999999510       -66.683559464532209       0.75266414585273889     
   3.9605199999999510       -66.683378825583318       0.75266042914831421     
   3.9605099999999509       -66.683198187526202       0.75265671239723053     
   3.9604999999999508       -66.683017550361470       0.75265299559932741     
   3.9604899999999508       -66.682836914088398       0.75264927875485244     
   3.9604799999999507       -66.682656278707611       0.75264556186359421     
   3.9604699999999506       -66.682475644218968       0.75264184492551400     
   3.9604599999999506       -66.682295010622127       0.75263812794091389     
   3.9604499999999505       -66.682114377917202       0.75263441090966487     
   3.9604399999999504       -66.681933746104832       0.75263069383153791     
   3.9604299999999504       -66.681753115184563       0.75262697670663792     
   3.9604199999999503       -66.681572485156252       0.75262325953516251     
   3.9604099999999502       -66.681391856019900       0.75261954231701900     
   3.9603999999999502       -66.681211227775748       0.75261582505213820     
   3.9603899999999501       -66.681030600424009       0.75261210774040899     
   3.9603799999999501       -66.680849973964172       0.75260839038213512     
   3.9603699999999500       -66.680669348396705       0.75260467297700018     
   3.9603599999999499       -66.680488723721353       0.75260095552528694     
   3.9603499999999499       -66.680308099938074       0.75259723802686507     
   3.9603399999999498       -66.680127477047094       0.75259352048171069     
   3.9603299999999497       -66.679946855048158       0.75258980288986832     
   3.9603199999999497       -66.679766233941706       0.75258608525124082     
   3.9603099999999496       -66.679585613727255       0.75258236756599606     
   3.9602999999999495       -66.679404994405317       0.75257864983395473     
   3.9602899999999495       -66.679224375975451       0.75257493205523707     
   3.9602799999999494       -66.679043758437871       0.75257121422989881     
   3.9602699999999493       -66.678863141792661       0.75256749635772280     
   3.9602599999999493       -66.678682526039566       0.75256377843894573     
   3.9602499999999492       -66.678501911179296       0.75256006047322088     
   3.9602399999999491       -66.678321297210886       0.75255634246099046     
   3.9602299999999491       -66.678140684134888       0.75255262440202264     
   3.9602199999999490       -66.677960071951205       0.75254890629638915     
   3.9602099999999489       -66.677779460659963       0.75254518814397831     
   3.9601999999999489       -66.677598850261020       0.75254146994485049     
   3.9601899999999488       -66.677418240754335       0.75253775169909243     
   3.9601799999999487       -66.677237632140333       0.75253403340651415     
   3.9601699999999487       -66.677057024418360       0.75253031506738788     
   3.9601599999999486       -66.676876417589057       0.75252659668142441     
   3.9601499999999485       -66.676695811651982       0.75252287824881581     
   3.9601399999999485       -66.676515206607633       0.75251915976935102     
   3.9601299999999484       -66.676334602455398       0.75251544124335290     
   3.9601199999999483       -66.676153999195606       0.75251172267063982     
   3.9601099999999483       -66.675973396828311       0.75250800405121854     
   3.9600999999999482       -66.675792795353800       0.75250428538495928     
   3.9600899999999482       -66.675612194771347       0.75250056667215937     
   3.9600799999999481       -66.675431595081662       0.75249684791251792     
   3.9600699999999480       -66.675250996284689       0.75249312910610111     
   3.9600599999999480       -66.675070398379873       0.75248941025311800     
   3.9600499999999479       -66.674889801367698       0.75248569135337851     
   3.9600399999999478       -66.674709205248192       0.75248197240687098     
   3.9600299999999478       -66.674528610020943       0.75247825341378272     
   3.9600199999999477       -66.674348015686419       0.75247453437392275     
   3.9600099999999476       -66.674167422244494       0.75247081528733728     
   3.9599999999999476       -66.673986829695082       0.75246709615409113     
   3.9599899999999475       -66.673806238038424       0.75246337697405641     
   3.9599799999999474       -66.673625647274108       0.75245965774739387     
   3.9599699999999474       -66.673445057402617       0.75245593847399983     
   3.9599599999999473       -66.673264468423866       0.75245221915382932     
   3.9599499999999472       -66.673083880337572       0.75244849978698680     
   3.9599399999999472       -66.672903293144273       0.75244478037325890     
   3.9599299999999471       -66.672722706843359       0.75244106091303287     
   3.9599199999999470       -66.672542121434930       0.75243734140606244     
   3.9599099999999470       -66.672361536919581       0.75243362185232210     
   3.9598999999999469       -66.672180953296461       0.75242990225204931     
   3.9598899999999468       -66.672000370566465       0.75242618260487326     
   3.9598799999999468       -66.671819788729053       0.75242246291106329     
   3.9598699999999467       -66.671639207784139       0.75241874317064628     
   3.9598599999999466       -66.671458627732136       0.75241502338340605     
   3.9598499999999466       -66.671278048573100       0.75241130354938901     
   3.9598399999999465       -66.671097470306606       0.75240758366868910     
   3.9598299999999464       -66.670916892932880       0.75240386374138046     
   3.9598199999999464       -66.670736316451979       0.75240014376735720     
   3.9598099999999463       -66.670555740863890       0.75239642374650406     
   3.9597999999999463       -66.670375166168526       0.75239270367902289     
   3.9597899999999462       -66.670194592366116       0.75238898356483164     
   3.9597799999999461       -66.670014019456261       0.75238526340397371     
   3.9597699999999461       -66.669833447439558       0.75238154319629924     
   3.9597599999999460       -66.669652876315567       0.75237782294198308     
   3.9597499999999459       -66.669472306084714       0.75237410264086957     
   3.9597399999999459       -66.669291736746629       0.75237038229309272     
   3.9597299999999458       -66.669111168301143       0.75236666189867796     
   3.9597199999999457       -66.668930600748922       0.75236294145734162     
   3.9597099999999457       -66.668750034089669       0.75235922096934382     
   3.9596999999999456       -66.668569468323057       0.75235550043481325     
   3.9596899999999455       -66.668388903449255       0.75235177985358315     
   3.9596799999999455       -66.668208339468563       0.75234805922552805     
   3.9596699999999454       -66.668027776380868       0.75234433855069727     
   3.9596599999999453       -66.667847214186054       0.75234061782933725     
   3.9596499999999453       -66.667666652884364       0.75233689706110563     
   3.9596399999999452       -66.667486092475443       0.75233317624628793     
   3.9596299999999451       -66.667305532959645       0.75232945538472029     
   3.9596199999999451       -66.667124974337099       0.75232573447628137     
   3.9596099999999450       -66.666944416607649       0.75232201352108286     
   3.9595999999999449       -66.666763859770697       0.75231829251945337     
   3.9595899999999449       -66.666583303827196       0.75231457147090086     
   3.9595799999999448       -66.666402748776775       0.75231085037564671     
   3.9595699999999447       -66.666222194618911       0.75230712923393261     
   3.9595599999999447       -66.666041641354511       0.75230340804531648     
   3.9595499999999446       -66.665861088982922       0.75229968681011439     
   3.9595399999999445       -66.665680537504628       0.75229596552816824     
   3.9595299999999445       -66.665499986919585       0.75229224419937157     
   3.9595199999999444       -66.665319437227566       0.75228852282394854     
   3.9595099999999444       -66.665138888428729       0.75228480140176435     
   3.9594999999999443       -66.664958340522659       0.75228107993304683     
   3.9594899999999442       -66.664777793510211       0.75227735841738375     
   3.9594799999999442       -66.664597247390944       0.75227363685506965     
   3.9594699999999441       -66.664416702164516       0.75226991524612774     
   3.9594599999999440       -66.664236157831709       0.75226619359030655     
   3.9594499999999440       -66.664055614391714       0.75226247188795725     
   3.9594399999999439       -66.663875071845297       0.75225875013872923     
   3.9594299999999438       -66.663694530191847       0.75225502834288582     
   3.9594199999999438       -66.663513989431749       0.75225130650033412     
   3.9594099999999437       -66.663333449564831       0.75224758461100472     
   3.9593999999999436       -66.663152910590952       0.75224386267516119     
   3.9593899999999436       -66.662972372510808       0.75224014069232015     
   3.9593799999999435       -66.662791835323887       0.75223641866282165     
   3.9593699999999434       -66.662611299030118       0.75223269658666014     
   3.9593599999999434       -66.662430763629459       0.75222897446389847     
   3.9593499999999433       -66.662250229122321       0.75222525229427795     
   3.9593399999999432       -66.662069695508080       0.75222153007819503     
   3.9593299999999432       -66.661889162787730       0.75221780781510983     
   3.9593199999999431       -66.661708630960433       0.75221408550541435     
   3.9593099999999430       -66.661528100026374       0.75221036314913514     
   3.9592999999999430       -66.661347569986077       0.75220664074598342     
   3.9592899999999429       -66.661167040838961       0.75220291829612485     
   3.9592799999999428       -66.660986512585538       0.75219919579948069     
   3.9592699999999428       -66.660805985224997       0.75219547325631853     
   3.9592599999999427       -66.660625458758247       0.75219175066631394     
   3.9592499999999426       -66.660444933184863       0.75218802802957219     
   3.9592399999999426       -66.660264408505014       0.75218430534608061     
   3.9592299999999425       -66.660083884718418       0.75218058261601872     
   3.9592199999999425       -66.659903361825513       0.75217685983907823     
   3.9592099999999424       -66.659722839825903       0.75217313701555000     
   3.9591999999999423       -66.659542318719659       0.75216941414536009     
   3.9591899999999423       -66.659361798507263       0.75216569122823396     
   3.9591799999999422       -66.659181279188132       0.75216196826453752     
   3.9591699999999421       -66.659000760762268       0.75215824525428099     
   3.9591599999999421       -66.658820243230295       0.75215452219709278     
   3.9591499999999420       -66.658639726591915       0.75215079909316274     
   3.9591399999999419       -66.658459210846644       0.75214707594274410     
   3.9591299999999419       -66.658278695995449       0.75214335274536614     
   3.9591199999999418       -66.658098182037563       0.75213962950138946     
   3.9591099999999417       -66.657917668973326       0.75213590621071391     
   3.9590999999999417       -66.657737156802568       0.75213218287332240     
   3.9590899999999416       -66.657556645525261       0.75212845948930573     
   3.9590799999999415       -66.657376135142101       0.75212473605835217     
   3.9590699999999415       -66.657195625652093       0.75212101258089092     
   3.9590599999999414       -66.657015117055835       0.75211728905663155     
   3.9590499999999413       -66.656834609353453       0.75211356548560415     
   3.9590399999999413       -66.656654102544408       0.75210984186799579     
   3.9590299999999412       -66.656473596629382       0.75210611820349671     
   3.9590199999999411       -66.656293091607665       0.75210239449245708     
   3.9590099999999411       -66.656112587480123       0.75209867073450087     
   3.9589999999999410       -66.655932084246089       0.75209494692989087     
   3.9589899999999409       -66.655751581905619       0.75209122307867027     
   3.9589799999999409       -66.655571080458856       0.75208749918075724     
   3.9589699999999408       -66.655390579905998       0.75208377523600023     
   3.9589599999999407       -66.655210080246860       0.75208005124459909     
   3.9589499999999407       -66.655029581481543       0.75207632720644402     
   3.9589399999999406       -66.654849083609605       0.75207260312172319     
   3.9589299999999406       -66.654668586632113       0.75206887898999331     
   3.9589199999999405       -66.654488090548000       0.75206515481174252     
   3.9589099999999404       -66.654307595357636       0.75206143058679620     
   3.9588999999999404       -66.654127101061135       0.75205770631511959     
   3.9588899999999403       -66.653946607658739       0.75205398199662443     
   3.9588799999999402       -66.653766115150049       0.75205025763144084     
   3.9588699999999402       -66.653585623535150       0.75204653321957859     
   3.9588599999999401       -66.653405132814044       0.75204280876103768     
   3.9588499999999400       -66.653224642987098       0.75203908425572330     
   3.9588399999999400       -66.653044154053788       0.75203535970373592     
   3.9588299999999399       -66.652863666014625       0.75203163510494508     
   3.9588199999999398       -66.652683178868983       0.75202791045956119     
   3.9588099999999398       -66.652502692617560       0.75202418576738583     
   3.9587999999999397       -66.652322207259559       0.75202046102865949     
   3.9587899999999396       -66.652141722796003       0.75201673624303911     
   3.9587799999999396       -66.651961239226679       0.75201301141057486     
   3.9587699999999395       -66.651780756551020       0.75200928653151589     
   3.9587599999999394       -66.651600274769194       0.75200556160581433     
   3.9587499999999394       -66.651419793881516       0.75200183663330300     
   3.9587399999999393       -66.651239313887601       0.75199811161420760     
   3.9587299999999392       -66.651058834788003       0.75199438654825157     
   3.9587199999999392       -66.650878356582041       0.75199066143576587     
   3.9587099999999391       -66.650697879270297       0.75198693627647695     
   3.9586999999999390       -66.650517402852714       0.75198321107038046     
   3.9586899999999390       -66.650336927329164       0.75197948581759821     
   3.9586799999999389       -66.650156452699122       0.75197576051841841     
   3.9586699999999388       -66.649975978963937       0.75197203517210065     
   3.9586599999999388       -66.649795506122501       0.75196830977922691     
   3.9586499999999387       -66.649615034175071       0.75196458433969315     
   3.9586399999999387       -66.649434563122142       0.75196085885320063     
   3.9586299999999386       -66.649254092963218       0.75195713332011493     
   3.9586199999999385       -66.649073623698115       0.75195340774044606     
   3.9586099999999385       -66.648893155327158       0.75194968211403646     
   3.9585999999999384       -66.648712687851045       0.75194595644065743     
   3.9585899999999383       -66.648532221268468       0.75194223072080202     
   3.9585799999999383       -66.648351755579938       0.75193850495427739     
   3.9585699999999382       -66.648171290786024       0.75193477914086226     
   3.9585599999999381       -66.647990826886286       0.75193105328070819     
   3.9585499999999381       -66.647810363880538       0.75192732737400403     
   3.9585399999999380       -66.647629901769093       0.75192360142048098     
   3.9585299999999379       -66.647449440551711       0.75191987542036098     
   3.9585199999999379       -66.647268980228944       0.75191614937333207     
   3.9585099999999378       -66.647088520800310       0.75191242327967034     
   3.9584999999999377       -66.646908062265950       0.75190869713926889     
   3.9584899999999377       -66.646727604625639       0.75190497095222364     
   3.9584799999999376       -66.646547147879801       0.75190124471844255     
   3.9584699999999375       -66.646366692028295       0.75189751843789088     
   3.9584599999999375       -66.646186237071021       0.75189379211063345     
   3.9584499999999374       -66.646005783008050       0.75189006573673189     
   3.9584399999999373       -66.645825329839568       0.75188633931597215     
   3.9584299999999373       -66.645644877565104       0.75188261284869295     
   3.9584199999999372       -66.645464426185555       0.75187888633448718     
   3.9584099999999371       -66.645283975699797       0.75187515977373465     
   3.9583999999999371       -66.645103526108684       0.75187143316616167     
   3.9583899999999370       -66.644923077412017       0.75186770651190882     
   3.9583799999999369       -66.644742629609766       0.75186397981090736     
   3.9583699999999369       -66.644562182702018       0.75186025306309068     
   3.9583599999999368       -66.644381736688445       0.75185652626877320     
   3.9583499999999368       -66.644201291569019       0.75185279942774785     
   3.9583399999999367       -66.644020847344621       0.75184907253982469     
   3.9583299999999366       -66.643840404014639       0.75184534560515370     
   3.9583199999999366       -66.643659961578777       0.75184161862392906     
   3.9583099999999365       -66.643479520037488       0.75183789159600189     
   3.9582999999999364       -66.643299079390999       0.75183416452117635     
   3.9582899999999364       -66.643118639638729       0.75183043739975697     
   3.9582799999999363       -66.642938200781117       0.75182671023154268     
   3.9582699999999362       -66.642757762817823       0.75182298301672468     
   3.9582599999999362       -66.642577325749116       0.75181925575517050     
   3.9582499999999361       -66.642396889574997       0.75181552844686050     
   3.9582399999999360       -66.642216454295522       0.75181180109181722     
   3.9582299999999360       -66.642036019910648       0.75180807369003688     
   3.9582199999999359       -66.641855586420164       0.75180434624157255     
   3.9582099999999358       -66.641675153824380       0.75180061874638493     
   3.9581999999999358       -66.641494722123312       0.75179689120448379     
   3.9581899999999357       -66.641314291316903       0.75179316361572779     
   3.9581799999999356       -66.641133861405081       0.75178943598034953     
   3.9581699999999356       -66.640953432387818       0.75178570829829650     
   3.9581599999999355       -66.640773004265085       0.75178198056954093     
   3.9581499999999354       -66.640592577036898       0.75177825279413713     
   3.9581399999999354       -66.640412150703511       0.75177452497192077     
   3.9581299999999353       -66.640231725264726       0.75177079710306449     
   3.9581199999999352       -66.640051300720629       0.75176706918748615     
   3.9581099999999352       -66.639870877071743       0.75176334122498878     
   3.9580999999999351       -66.639690454317332       0.75175961321585272     
   3.9580899999999350       -66.639510032457594       0.75175588515996850     
   3.9580799999999350       -66.639329611492229       0.75175215705761333     
   3.9580699999999349       -66.639149191421964       0.75174842890832272     
   3.9580599999999349       -66.638968772246386       0.75174470071240274     
   3.9580499999999348       -66.638788353965694       0.75174097246965987     
   3.9580399999999347       -66.638607936579760       0.75173724418019583     
   3.9580299999999347       -66.638427520088598       0.75173351584411374     
   3.9580199999999346       -66.638247104492223       0.75172978746124874     
