   3.9609999999999999       -66.813893261597869       0.43433813247408587     
   3.9610099999999999       -66.814020833802488       0.43400360400628180     
   3.9610200000000000       -66.814148472536004       0.43366689784552187     
   3.9610300000000001       -66.814276178210875       0.43332798705344033     
   3.9610400000000001       -66.814403951247954       0.43298683046976022     
   3.9610500000000002       -66.814531792073424       0.43264338593123908     
   3.9610600000000002       -66.814659701121187       0.43229762469561223     
   3.9610700000000003       -66.814787678831905       0.43194949776115449     
   3.9610800000000004       -66.814915725654686       0.43159897420179999     
   3.9610900000000004       -66.815043842045114       0.43124600278789532     
   3.9611000000000005       -66.815172028467131       0.43089055029054363     
   3.9611100000000006       -66.815300285392297       0.43053256304137627     
   3.9611200000000006       -66.815428613301549       0.43017200533537220     
   3.9611300000000007       -66.815557012682973       0.42980882084141253     
   3.9611400000000008       -66.815685484033992       0.42944296634386475     
   3.9611500000000008       -66.815814027861620       0.42907439234691308     
   3.9611600000000009       -66.815942644681527       0.42870304783402058     
   3.9611700000000010       -66.816071335019004       0.42832888022767152     
   3.9611800000000010       -66.816200099409400       0.42795183532145192     
   3.9611900000000011       -66.816328938398016       0.42757185718622787     
   3.9612000000000012       -66.816457852540879       0.42718888812314576     
   3.9612100000000012       -66.816586842405641       0.42680286854606037     
   3.9612200000000013       -66.816715908569464       0.42641373694562740     
   3.9612300000000014       -66.816845051622167       0.42602142491555828     
   3.9612400000000014       -66.816974272165552       0.42562587641985150     
   3.9612500000000015       -66.817103570813174       0.42522701872024138     
   3.9612600000000016       -66.817232948191858       0.42482477666796942     
   3.9612700000000016       -66.817362404941548       0.42441908239438786     
   3.9612800000000017       -66.817491941715986       0.42400986542298186     
   3.9612900000000018       -66.817621559182840       0.42359703805424137     
   3.9613000000000018       -66.817751258024174       0.42318052428142439     
   3.9613100000000019       -66.817881038937756       0.42276024026485520     
   3.9613200000000020       -66.818010902637042       0.42233609900878122     
   3.9613300000000020       -66.818140849852199       0.42190801021271618     
   3.9613400000000021       -66.818270881328900       0.42147588011401194     
   3.9613500000000021       -66.818400997832441       0.42103960637259591     
   3.9613600000000022       -66.818531200144847       0.42059909735753570     
   3.9613700000000023       -66.818661489068120       0.42015423793372425     
   3.9613800000000023       -66.818791865423819       0.41970492803260490     
   3.9613900000000024       -66.818922330054249       0.41925104357043991     
   3.9614000000000025       -66.819052883822863       0.41879247021345689     
   3.9614100000000025       -66.819183527616076       0.41832908359113130     
   3.9614200000000026       -66.819314262343013       0.41786075391063138     
   3.9614300000000027       -66.819445088938309       0.41738734064673261     
   3.9614400000000027       -66.819576008361125       0.41690871180076611     
   3.9614500000000028       -66.819707021597665       0.41642470928045022     
   3.9614600000000029       -66.819838129662116       0.41593518262026036     
   3.9614700000000029       -66.819969333597740       0.41543996905061853     
   3.9614800000000030       -66.820100634479076       0.41493889780168386     
   3.9614900000000031       -66.820232033411799       0.41443178964013766     
   3.9615000000000031       -66.820363531536259       0.41391845125787746     
   3.9615100000000032       -66.820495130028007       0.41339868940367702     
   3.9615200000000033       -66.820626830099613       0.41287229541486509     
   3.9615300000000033       -66.820758633004218       0.41233904933216614     
   3.9615400000000034       -66.820890540034398       0.41179871909784921     
   3.9615500000000035       -66.821022552528305       0.41125105457922068     
   3.9615600000000035       -66.821154671869408       0.41069580132288358     
   3.9615700000000036       -66.821286899491184       0.41013267970960149     
   3.9615800000000037       -66.821419236877873       0.40956140826915566     
   3.9615900000000037       -66.821551685569617       0.40898166781190359     
   3.9616000000000038       -66.821684247164427       0.40839312933505373     
   3.9616100000000039       -66.821816923323112       0.40779545226114738     
   3.9616200000000039       -66.821949715772021       0.40718824798484582     
   3.9616300000000040       -66.822082626309864       0.40657113178501830     
   3.9616400000000040       -66.822215656809476       0.40594366617511740     
   3.9616500000000041       -66.822348809225630       0.40530539244920138     
   3.9616600000000042       -66.822482085599631       0.40465582265626004     
   3.9616700000000042       -66.822615488067214       0.40399442599689239     
   3.9616800000000043       -66.822749018864243       0.40332061965553817     
   3.9616900000000044       -66.822882680335809       0.40263379376183178     
   3.9617000000000044       -66.823016474945490       0.40193327612755203     
   3.9617100000000045       -66.823150405285134       0.40121832584019818     
   3.9617200000000046       -66.823284474084787       0.40048815562708456     
   3.9617300000000046       -66.823418684228400       0.39974188347281331     
   3.9617400000000047       -66.823553038766249       0.39897856214893967     
   3.9617500000000048       -66.823687540932241       0.39819712749287645     
   3.9617600000000048       -66.823822194162560       0.39739641883855653     
   3.9617700000000049       -66.823957002117822       0.39657514203970234     
   3.9617800000000050       -66.824091968707592       0.39573184883439477     
   3.9617900000000050       -66.824227098121000       0.39486492158661474     
   3.9618000000000051       -66.824362394859705       0.39397254260092901     
   3.9618100000000052       -66.824497863779428       0.39305263587090034     
   3.9618200000000052       -66.824633510138369       0.39210284420288977     
   3.9618300000000053       -66.824769339655205       0.39112045861521133     
   3.9618400000000054       -66.824905358580210       0.39010234043921249     
   3.9618500000000054       -66.825041573781490       0.38904480979962203     
   3.9618600000000055       -66.825177992853853       0.38794353605259047     
   3.9618700000000056       -66.825314624255370       0.38679332095328151     
   3.9618800000000056       -66.825451477481963       0.38558788784252979     
   3.9618900000000057       -66.825588563299604       0.38431948119344012     
   3.9619000000000058       -66.825725894050422       0.38297838883440871     
   3.9619100000000058       -66.825863484076862       0.38155212960585771     
   3.9619200000000059       -66.826001350326564       0.38002423589757289     
   3.9619300000000059       -66.826139513244826       0.37837218162157854     
   3.9619400000000060       -66.826277998167626       0.37656376319594670     
   3.9619500000000061       -66.826416837644459       0.37454999598798849     
   3.9619600000000061       -66.826556075681452       0.37224963055929222     
   3.9619700000000062       -66.826695776648464       0.36950811828799246     
   3.9619800000000063       -66.826836048853309       0.36594759554498862     
   3.9619900000000063       -66.826977155147262       0.35954968574436785     
   3.9620000000000064       -66.829501945623733        4.7948634604259395E-006
   3.9620100000000065       -66.829681879218427        4.6499449944577736E-006
   3.9620200000000065       -66.829861813696255        4.5166675743206026E-006
   3.9620300000000066       -66.830041749057415        4.3944549004878058E-006
   3.9620400000000067       -66.830221685301581        4.2827857296886167E-006
   3.9620500000000067       -66.830401622428909        4.1728377532616418E-006
   3.9620600000000068       -66.830581560439470        4.0646247001507874E-006
   3.9620700000000069       -66.830761499333008        3.9581588846537841E-006
   3.9620800000000069       -66.830941439109750        3.8614030891300404E-006
   3.9620900000000070       -66.831121379769399        3.7660822116425408E-006
   3.9621000000000071       -66.831301321312466        3.6722075575183291E-006
   3.9621100000000071       -66.831481263738652        3.5797885873378732E-006
   3.9621200000000072       -66.831661207047702        3.4888339701666382E-006
   3.9621300000000073       -66.831841151239956        3.4067166320520905E-006
   3.9621400000000073       -66.832021096315387        3.3257792076598256E-006
   3.9621500000000074       -66.832201042273653        3.2460295897873692E-006
   3.9621600000000075       -66.832380989114981        3.1674754611040377E-006
   3.9621700000000075       -66.832560936839315        3.0901227940175837E-006
   3.9621800000000076       -66.832740885446810        3.0139768657141039E-006
   3.9621900000000077       -66.832920834937241        2.9390421146432053E-006
   3.9622000000000077       -66.833100785310762        2.8653219128482732E-006
   3.9622100000000078       -66.833280736567346        2.7928183774506010E-006
   3.9622200000000078       -66.833460688706722        2.7215331939167697E-006
   3.9622300000000079       -66.833640641728934        2.6514674595172019E-006
   3.9622400000000080       -66.833820595634322        2.5888028506818963E-006
   3.9622500000000080       -66.834000550422530        2.5270989653473444E-006
   3.9622600000000081       -66.834180506093588        2.4663582688007799E-006
   3.9622700000000082       -66.834360462647894        2.4065823328219458E-006
   3.9622800000000082       -66.834540420085034        2.3477719572895239E-006
   3.9622900000000083       -66.834720378404981        2.2899276012437277E-006
   3.9623000000000084       -66.834900337607863        2.2330489888311433E-006
   3.9623100000000084       -66.835080297693452        2.1771349045796029E-006
   3.9623200000000085       -66.835260258661947        2.1221842662437021E-006
   3.9623300000000086       -66.835440220513291        2.0681948519711093E-006
   3.9623400000000086       -66.835620183247556        2.0151643090512059E-006
   3.9623500000000087       -66.835800146864869        1.9630895687535363E-006
   3.9623600000000088       -66.835980111364762        1.9119670839895520E-006
   3.9623700000000088       -66.836160076747660        1.8617927376822034E-006
   3.9623800000000089       -66.836340043013067        1.8125621801997245E-006
   3.9623900000000090       -66.836520010161564        1.7642704615017379E-006
   3.9624000000000090       -66.836699978192513        1.7169118728214510E-006
   3.9624100000000091       -66.836879947106524        1.6704808652641863E-006
   3.9624200000000092       -66.837059916903073        1.6249710645214559E-006
   3.9624300000000092       -66.837239887582712        1.5803758758684931E-006
   3.9624400000000093       -66.837419859144902        1.5410007587017087E-006
   3.9624500000000094       -66.837599831589742        1.5023286212834108E-006
   3.9624600000000094       -66.837779804917460        1.4643557704197008E-006
   3.9624700000000095       -66.837959779127715        1.4270785047750441E-006
   3.9624800000000096       -66.838139754220776        1.3904926417692327E-006
   3.9624900000000096       -66.838319730196559        1.3545938953492727E-006
   3.9625000000000097       -66.838499707054922        1.3193776529085710E-006
   3.9625100000000097       -66.838679684795878        1.2848389506399844E-006
   3.9625200000000098       -66.838859663419811        1.2509726046901666E-006
   3.9625300000000099       -66.839039642926181        1.2177733646664042E-006
   3.9625400000000099       -66.839219623315131        1.1852358362910802E-006
   3.9625500000000100       -66.839399604586802        1.1533542656483320E-006
   3.9625600000000101       -66.839579586741110        1.1221224739769535E-006
   3.9625700000000101       -66.839759569778110        1.0915344779149905E-006
   3.9625800000000102       -66.839939553697434        1.0615836008772324E-006
   3.9625900000000103       -66.840119538499494        1.0322633769247840E-006
   3.9626000000000103       -66.840299524183976        1.0035671888323587E-006
   3.9626100000000104       -66.840479510751067        9.7548811450742789E-007
   3.9626200000000105       -66.840659498200779        9.4801916494802185E-007
   3.9626300000000105       -66.840839486532900        9.2115290417638107E-007
   3.9626400000000106       -66.841019475747643        8.9488243459889816E-007
   3.9626500000000107       -66.841199465845179        8.6920024000569640E-007
   3.9626600000000107       -66.841379456824740        8.4409872758151039E-007
   3.9626700000000108       -66.841559448687136        8.1957037904404706E-007
   3.9626800000000109       -66.841739441431827        7.9560740958347276E-007
   3.9626900000000109       -66.841919435059140        7.7220196074515946E-007
   3.9627000000000110       -66.842099429568648        7.4934626126399451E-007
   3.9627100000000111       -66.842279424960680        7.2703243151709762E-007
   3.9627200000000111       -66.842459421235475        7.0525267877504427E-007
   3.9627300000000112       -66.842639418392395        6.8399865112607949E-007
   3.9627400000000113       -66.842819416431666        6.6326214690863117E-007
   3.9627500000000113       -66.842999415353603        6.4303536621383251E-007
   3.9627600000000114       -66.843179415157792        6.2330992456338663E-007
   3.9627700000000114       -66.843359415844503        6.0407787749738873E-007
   3.9627800000000115       -66.843539417412970        5.8533079435226420E-007
   3.9627900000000116       -66.843719419864584        5.6706045518476833E-007
   3.9628000000000116       -66.843899423198067        5.4925850852723579E-007
   3.9628100000000117       -66.844079427414329        5.3191715469284395E-007
   3.9628200000000118       -66.844259432512771        5.1502779685463906E-007
   3.9628300000000118       -66.844439438493424        4.9858238885628714E-007
   3.9628400000000119       -66.844619445356514        4.8257295278316314E-007
   3.9628500000000120       -66.844799453101544        4.6699099402284599E-007
   3.9628600000000120       -66.844979461729366        4.5182853318041322E-007
   3.9628700000000121       -66.845159471239114        4.3707733661986953E-007
   3.9628800000000122       -66.845339481631200        4.2272943908313226E-007
   3.9628900000000122       -66.845519492905652        4.0877684859275121E-007
   3.9629000000000123       -66.845699505062484        3.9521151862231818E-007
   3.9629100000000124       -66.845879518101270        3.8202563749460222E-007
   3.9629200000000124       -66.846059532022565        3.6921141129594065E-007
   3.9629300000000125       -66.846239546825956        3.5676094449025680E-007
   3.9629400000000126       -66.846419562511386        3.4466642199563563E-007
   3.9629500000000126       -66.846599579079097        3.3420486992656134E-007
   3.9629600000000127       -66.846779596529046        3.2275541713329875E-007
   3.9629700000000128       -66.846959614861007        3.1285600902523453E-007
   3.9629800000000128       -66.847139634075546        3.0202617658699654E-007
