   3.9680000000000000       -66.921710360762461       0.75238465180239789     
   3.9679899999999999       -66.921529788884868       0.75238099493451494     
   3.9679799999999998       -66.921349217884924       0.75237733785667904     
   3.9679699999999998       -66.921168647762954       0.75237368073126698     
   3.9679599999999997       -66.920988078518405       0.75237002356095584     
   3.9679499999999996       -66.920807510151732       0.75236636634554011     
   3.9679399999999996       -66.920626942662778       0.75236270908513669     
   3.9679299999999995       -66.920446376051288       0.75235905177991202     
   3.9679199999999994       -66.920265810317574       0.75235539442964494     
   3.9679099999999994       -66.920085245462047       0.75235173703420777     
   3.9678999999999993       -66.919904681483814       0.75234807959403893     
   3.9678899999999993       -66.919724118383783       0.75234442210866348     
   3.9678799999999992       -66.919543556161287       0.75234076457838217     
   3.9678699999999991       -66.919362994816765       0.75233710700307899     
   3.9678599999999991       -66.919182434349892       0.75233344938280944     
   3.9678499999999990       -66.919001874760966       0.75232979171756653     
   3.9678399999999989       -66.918821316049929       0.75232613400723325     
   3.9678299999999989       -66.918640758216625       0.75232247625200299     
   3.9678199999999988       -66.918460201261396       0.75231881845162862     
   3.9678099999999987       -66.918279645183830       0.75231516060644010     
   3.9677999999999987       -66.918099089984153       0.75231150271619140     
   3.9677899999999986       -66.917918535662949       0.75230784478072554     
   3.9677799999999985       -66.917737982218995       0.75230418680055144     
   3.9677699999999985       -66.917557429653002       0.75230052877538178     
   3.9677599999999984       -66.917376877965268       0.75229687070504614     
   3.9677499999999983       -66.917196327155125       0.75229321258991044     
   3.9677399999999983       -66.917015777222844       0.75228955442978174     
   3.9677299999999982       -66.916835228168964       0.75228589622445574     
   3.9677199999999981       -66.916654679992973       0.75228223797421234     
   3.9677099999999981       -66.916474132694930       0.75227857967894118     
   3.9676999999999980       -66.916293586274520       0.75227492133883977     
   3.9676899999999979       -66.916113040732654       0.75227126295352698     
   3.9676799999999979       -66.915932496068677       0.75226760452327801     
   3.9676699999999978       -66.915751952282761       0.75226394604805069     
   3.9676599999999977       -66.915571409374834       0.75226028752780971     
   3.9676499999999977       -66.915390867344783       0.75225662896269474     
   3.9676399999999976       -66.915210326192891       0.75225297035244243     
   3.9676299999999975       -66.915029785918804       0.75224931169741904     
   3.9676199999999975       -66.914849246523133       0.75224565299720381     
   3.9676099999999974       -66.914668708005223       0.75224199425217197     
   3.9675999999999974       -66.914488170365615       0.75223833546203778     
   3.9675899999999973       -66.914307633604508       0.75223467662672350     
   3.9675799999999972       -66.914127097721291       0.75223101774649515     
   3.9675699999999972       -66.913946562716276       0.75222735882126912     
   3.9675599999999971       -66.913766028588910       0.75222369985130433     
   3.9675499999999970       -66.913585495340328       0.75222004083604721     
   3.9675399999999970       -66.913404962969523       0.75221638177595718     
   3.9675299999999969       -66.913224431477204       0.75221272267070427     
   3.9675199999999968       -66.913043900862974       0.75220906352055172     
   3.9675099999999968       -66.912863371126704       0.75220540432547933     
   3.9674999999999967       -66.912682842268865       0.75220174508532145     
   3.9674899999999966       -66.912502314289299       0.75219808580017222     
   3.9674799999999966       -66.912321787187835       0.75219442647004187     
   3.9674699999999965       -66.912141260964404       0.75219076709501298     
   3.9674599999999964       -66.911960735619502       0.75218710767488661     
   3.9674499999999964       -66.911780211152760       0.75218344820983341     
   3.9674399999999963       -66.911599687564035       0.75217978869990987     
   3.9674299999999962       -66.911419164854152       0.75217612914468646     
   3.9674199999999962       -66.911238643022429       0.75217246954452044     
   3.9674099999999961       -66.911058122068837       0.75216880989953916     
   3.9673999999999960       -66.910877601993292       0.75216515020963692     
   3.9673899999999960       -66.910697082796474       0.75216149047452019     
   3.9673799999999959       -66.910516564478030       0.75215783069442266     
   3.9673699999999958       -66.910336047037859       0.75215417086937997     
   3.9673599999999958       -66.910155530475976       0.75215051099931862     
   3.9673499999999957       -66.909975014792948       0.75214685108408696     
   3.9673399999999956       -66.909794499987598       0.75214319112414607     
   3.9673299999999956       -66.909613986061117       0.75213953111898479     
   3.9673199999999955       -66.909433473012868       0.75213587106891078     
   3.9673099999999955       -66.909252960843133       0.75213221097387217     
   3.9672999999999954       -66.909072449551886       0.75212855083369634     
   3.9672899999999953       -66.908891939138925       0.75212489064869270     
   3.9672799999999953       -66.908711429604082       0.75212123041883550     
   3.9672699999999952       -66.908530920948024       0.75211757014377367     
   3.9672599999999951       -66.908350413170538       0.75211390982371717     
   3.9672499999999951       -66.908169906271397       0.75211024945875848     
   3.9672399999999950       -66.907989400250798       0.75210658904870042     
   3.9672299999999949       -66.907808895108985       0.75210292859353689     
   3.9672199999999949       -66.907628390845247       0.75209926809352645     
   3.9672099999999948       -66.907447887460208       0.75209560754853932     
   3.9671999999999947       -66.907267384953727       0.75209194695850334     
   3.9671899999999947       -66.907086883325974       0.75208828632336588     
   3.9671799999999946       -66.906906382576423       0.75208462564341871     
   3.9671699999999945       -66.906725882705203       0.75208096491866050     
   3.9671599999999945       -66.906545383712896       0.75207730414864538     
   3.9671499999999944       -66.906364885599032       0.75207364333371063     
   3.9671399999999943       -66.906184388364281       0.75206998247356494     
   3.9671299999999943       -66.906003892007931       0.75206632156853515     
   3.9671199999999942       -66.905823396530138       0.75206266061853722     
   3.9671099999999941       -66.905642901930491       0.75205899962377198     
   3.9670999999999941       -66.905462408210326       0.75205533858354878     
   3.9670899999999940       -66.905281915368377       0.75205167749856205     
   3.9670799999999939       -66.905101423405085       0.75204801636858898     
   3.9670699999999939       -66.904920932320650       0.75204435519354329     
   3.9670599999999938       -66.904740442114630       0.75204069397366036     
   3.9670499999999937       -66.904559952787494       0.75203703270866995     
   3.9670399999999937       -66.904379464338930       0.75203337139872140     
   3.9670299999999936       -66.904198976768953       0.75202971004384411     
   3.9670199999999936       -66.904018490078315       0.75202604864369738     
   3.9670099999999935       -66.903838004266007       0.75202238719869952     
   3.9669999999999934       -66.903657519332270       0.75201872570888340     
   3.9669899999999934       -66.903477035277575       0.75201506417384367     
   3.9669799999999933       -66.903296552101693       0.75201140259383692     
   3.9669699999999932       -66.903116069804199       0.75200774096901990     
   3.9669599999999932       -66.902935588385887       0.75200407929899626     
   3.9669499999999931       -66.902755107846033       0.75200041758416436     
   3.9669399999999930       -66.902574628185320       0.75199675582418080     
   3.9669299999999930       -66.902394149403648       0.75199309401909120     
   3.9669199999999929       -66.902213671500547       0.75198943216913372     
   3.9669099999999928       -66.902033194476417       0.75198577027409297     
   3.9668999999999928       -66.901852718331043       0.75198210833412737     
   3.9668899999999927       -66.901672243064112       0.75197844634940536     
   3.9668799999999926       -66.901491768676777       0.75197478431927323     
   3.9668699999999926       -66.901311295168000       0.75197112224431972     
   3.9668599999999925       -66.901130822538036       0.75196746012443327     
   3.9668499999999924       -66.900950350787056       0.75196379795952184     
   3.9668399999999924       -66.900769879914961       0.75196013574960141     
   3.9668299999999923       -66.900589409922134       0.75195647349453221     
   3.9668199999999922       -66.900408940807623       0.75195281119477697     
   3.9668099999999922       -66.900228472572792       0.75194914884963737     
   3.9667999999999921       -66.900048005216291       0.75194548645984149     
   3.9667899999999920       -66.899867538739301       0.75194182402479015     
   3.9667799999999920       -66.899687073141024       0.75193816154489179     
   3.9667699999999919       -66.899506608421675       0.75193449901995990     
   3.9667599999999918       -66.899326144581863       0.75193083644980829     
   3.9667499999999918       -66.899145681620269       0.75192717383510566     
   3.9667399999999917       -66.898965219538056       0.75192351117514489     
   3.9667299999999917       -66.898784758335083       0.75191984847013604     
   3.9667199999999916       -66.898604298010966       0.75191618572025354     
   3.9667099999999915       -66.898423838566003       0.75191252292527533     
   3.9666999999999915       -66.898243380000054       0.75190886008536084     
   3.9666899999999914       -66.898062922313471       0.75190519720035331     
   3.9666799999999913       -66.897882465505546       0.75190153427051343     
   3.9666699999999913       -66.897702009576605       0.75189787129569741     
   3.9666599999999912       -66.897521554527287       0.75189420827565645     
   3.9666499999999911       -66.897341100356854       0.75189054521072674     
   3.9666399999999911       -66.897160647065476       0.75188688210084909     
   3.9666299999999910       -66.896980194653636       0.75188321894582433     
   3.9666199999999909       -66.896799743120738       0.75187955574584509     
   3.9666099999999909       -66.896619292466866       0.75187589250097309     
   3.9665999999999908       -66.896438842692135       0.75187222921107544     
   3.9665899999999907       -66.896258393796941       0.75186856587610584     
   3.9665799999999907       -66.896077945780888       0.75186490249613047     
   3.9665699999999906       -66.895897498643606       0.75186123907136482     
   3.9665599999999905       -66.895717052386573       0.75185757560108601     
   3.9665499999999905       -66.895536607007699       0.75185391208635011     
   3.9665399999999904       -66.895356162508378       0.75185024852644367     
   3.9665299999999903       -66.895175718888467       0.75184658492145795     
   3.9665199999999903       -66.894995276147782       0.75184292127151719     
   3.9665099999999902       -66.894814834286194       0.75183925757669334     
   3.9664999999999901       -66.894634393304457       0.75183559383652743     
   3.9664899999999901       -66.894453953201165       0.75183193005185578     
   3.9664799999999900       -66.894273513977637       0.75182826622191723     
   3.9664699999999899       -66.894093075633592       0.75182460234694048     
   3.9664599999999899       -66.893912638168842       0.75182093842690401     
   3.9664499999999898       -66.893732201583532       0.75181727446187618     
   3.9664399999999898       -66.893551765876964       0.75181361045215989     
   3.9664299999999897       -66.893371331050190       0.75180994639717380     
   3.9664199999999896       -66.893190897103082       0.75180628229708757     
   3.9664099999999896       -66.893010464034447       0.75180261815245186     
   3.9663999999999895       -66.892830031846017       0.75179895396245977     
   3.9663899999999894       -66.892649600536856       0.75179528972748300     
   3.9663799999999894       -66.892469170107091       0.75179162544754208     
   3.9663699999999893       -66.892288740556623       0.75178796112266733     
   3.9663599999999892       -66.892108311885565       0.75178429675281799     
   3.9663499999999892       -66.891927884094272       0.75178063233781500     
   3.9663399999999891       -66.891747457182134       0.75177696787791648     
   3.9663299999999890       -66.891567031150032       0.75177330337277060     
   3.9663199999999890       -66.891386605996658       0.75176963882302505     
   3.9663099999999889       -66.891206181723120       0.75176597422804503     
   3.9662999999999888       -66.891025758329064       0.75176230958807355     
   3.9662899999999888       -66.890845335814362       0.75175864490316691     
   3.9662799999999887       -66.890664914179681       0.75175498017316411     
   3.9662699999999886       -66.890484493423969       0.75175131539831852     
   3.9662599999999886       -66.890304073547867       0.75174765057848181     
   3.9662499999999885       -66.890123654551473       0.75174398571361289     
   3.9662399999999884       -66.889943236434874       0.75174032080355457     
   3.9662299999999884       -66.889762819197927       0.75173665584848870     
   3.9662199999999883       -66.889582402840674       0.75173299084837231     
   3.9662099999999882       -66.889401987362547       0.75172932580351448     
   3.9661999999999882       -66.889221572764242       0.75172566071353841     
   3.9661899999999881       -66.889041159045490       0.75172199557861719     
   3.9661799999999880       -66.888860746205808       0.75171833039889224     
   3.9661699999999880       -66.888680334246857       0.75171466517368335     
   3.9661599999999879       -66.888499923166663       0.75171099990394807     
   3.9661499999999879       -66.888319512966902       0.75170733458882699     
   3.9661399999999878       -66.888139103646864       0.75170366922861342     
   3.9661299999999877       -66.887958695205555       0.75170000382395363     
   3.9661199999999877       -66.887778287644821       0.75169633837385241     
   3.9661099999999876       -66.887597880963639       0.75169267287876462     
   3.9660999999999875       -66.887417475161953       0.75168900733883059     
   3.9660899999999875       -66.887237070240019       0.75168534175391777     
   3.9660799999999874       -66.887056666198077       0.75168167612383507     
   3.9660699999999873       -66.886876263035603       0.75167801044890981     
   3.9660599999999873       -66.886695860753022       0.75167434472888417     
   3.9660499999999872       -66.886515459350093       0.75167067896404749     
   3.9660399999999871       -66.886335058827029       0.75166701315401641     
   3.9660299999999871       -66.886154659183774       0.75166334729910089     
   3.9660199999999870       -66.885974260420767       0.75165968139882933     
   3.9660099999999869       -66.885793862537085       0.75165601545389504     
   3.9659999999999869       -66.885613465533325       0.75165234946392834     
   3.9659899999999868       -66.885433069409316       0.75164868342893587     
   3.9659799999999867       -66.885252674165088       0.75164501734905265     
   3.9659699999999867       -66.885072279800696       0.75164135122412101     
   3.9659599999999866       -66.884891886316538       0.75163768505402617     
   3.9659499999999865       -66.884711493712004       0.75163401883906877     
   3.9659399999999865       -66.884531101987392       0.75163035257913169     
   3.9659299999999864       -66.884350711142901       0.75162668627397888     
   3.9659199999999863       -66.884170321177976       0.75162301992410019     
   3.9659099999999863       -66.883989932093570       0.75161935352886255     
   3.9658999999999862       -66.883809543888603       0.75161568708891779     
   3.9658899999999861       -66.883629156563842       0.75161202060383348     
   3.9658799999999861       -66.883448770118974       0.75160835407374915     
   3.9658699999999860       -66.883268384553716       0.75160468749891163     
   3.9658599999999860       -66.883087999868692       0.75160102087886604     
   3.9658499999999859       -66.882907616063832       0.75159735421378782     
   3.9658399999999858       -66.882727233138851       0.75159368750373712     
   3.9658299999999858       -66.882546851093835       0.75159002074872816     
   3.9658199999999857       -66.882366469928968       0.75158635394868023     
   3.9658099999999856       -66.882186089644023       0.75158268710360421     
   3.9657999999999856       -66.882005710239255       0.75157902021350242     
   3.9657899999999855       -66.881825331714140       0.75157535327861680     
   3.9657799999999854       -66.881644954069472       0.75157168629857563     
   3.9657699999999854       -66.881464577304754       0.75156801927355044     
   3.9657599999999853       -66.881284201420726       0.75156435220318374     
   3.9657499999999852       -66.881103826415654       0.75156068508844387     
   3.9657399999999852       -66.880923452291142       0.75155701792850282     
   3.9657299999999851       -66.880743079047193       0.75155335072326912     
   3.9657199999999850       -66.880562706683037       0.75154968347323869     
   3.9657099999999850       -66.880382335199300       0.75154601617805394     
   3.9656999999999849       -66.880201964595514       0.75154234883796300     
   3.9656899999999848       -66.880021594871991       0.75153868145285541     
   3.9656799999999848       -66.879841226028489       0.75153501402277056     
   3.9656699999999847       -66.879660858065463       0.75153134654758336     
   3.9656599999999846       -66.879480490982345       0.75152767902755502     
   3.9656499999999846       -66.879300124779661       0.75152401146232517     
   3.9656399999999845       -66.879119759456970       0.75152034385224631     
   3.9656299999999844       -66.878939395014612       0.75151667619719920     
   3.9656199999999844       -66.878759031452248       0.75151300849713909     
   3.9656099999999843       -66.878578668769990       0.75150934075223697     
   3.9655999999999842       -66.878398306968919       0.75150567296180204     
   3.9655899999999842       -66.878217946047556       0.75150200512666487     
   3.9655799999999841       -66.878037586006215       0.75149833724670134     
   3.9655699999999841       -66.877857226845336       0.75149466932160058     
   3.9655599999999840       -66.877676868564677       0.75149100135154734     
   3.9655499999999839       -66.877496511165063       0.75148733333613704     
   3.9655399999999839       -66.877316154644816       0.75148366527627231     
   3.9655299999999838       -66.877135799005430       0.75147999717109604     
   3.9655199999999837       -66.876955444246505       0.75147632902080730     
   3.9655099999999837       -66.876775090367701       0.75147266082567976     
   3.9654999999999836       -66.876594737369629       0.75146899258536670     
   3.9654899999999835       -66.876414385251252       0.75146532430038182     
   3.9654799999999835       -66.876234034013663       0.75146165597018777     
   3.9654699999999834       -66.876053683656593       0.75145798759491944     
   3.9654599999999833       -66.875873334179587       0.75145431917484462     
   3.9654499999999833       -66.875692985583541       0.75145065070952732     
   3.9654399999999832       -66.875512637867502       0.75144698219943473     
   3.9654299999999831       -66.875332291032109       0.75144331364416550     
   3.9654199999999831       -66.875151945076951       0.75143964504402350     
   3.9654099999999830       -66.874971600002624       0.75143597639874349     
   3.9653999999999829       -66.874791255808120       0.75143230770874692     
   3.9653899999999829       -66.874610912495044       0.75142863897326961     
   3.9653799999999828       -66.874430570061605       0.75142497019319399     
   3.9653699999999827       -66.874250228509311       0.75142130136786989     
   3.9653599999999827       -66.874069887837464       0.75141763249749893     
   3.9653499999999826       -66.873889548045852       0.75141396358233659     
   3.9653399999999825       -66.873709209134972       0.75141029462209963     
   3.9653299999999825       -66.873528871104270       0.75140662561699034     
   3.9653199999999824       -66.873348533954669       0.75140295656664502     
   3.9653099999999823       -66.873168197685288       0.75139928747136919     
   3.9652999999999823       -66.872987862296682       0.75139561833109969     
   3.9652899999999822       -66.872807527788353       0.75139194914598562     
   3.9652799999999822       -66.872627194160884       0.75138827991574397     
   3.9652699999999821       -66.872446861413977       0.75138461064044504     
   3.9652599999999820       -66.872266529548114       0.75138094132000433     
   3.9652499999999820       -66.872086198562357       0.75137727195484150     
   3.9652399999999819       -66.871905868457475       0.75137360254450147     
   3.9652299999999818       -66.871725539233339       0.75136993308918354     
   3.9652199999999818       -66.871545210889806       0.75136626358882352     
   3.9652099999999817       -66.871364883427134       0.75136259404343841     
   3.9651999999999816       -66.871184556844725       0.75135892445319763     
   3.9651899999999816       -66.871004231143203       0.75135525481790388     
   3.9651799999999815       -66.870823906322144       0.75135158513772626     
   3.9651699999999814       -66.870643582381859       0.75134791541250612     
   3.9651599999999814       -66.870463259323088       0.75134424564192193     
   3.9651499999999813       -66.870282937144239       0.75134057582672076     
   3.9651399999999812       -66.870102615846278       0.75133690596638159     
   3.9651299999999812       -66.869922295429674       0.75133323606087066     
   3.9651199999999811       -66.869741975893007       0.75132956611072954     
   3.9651099999999810       -66.869561657237853       0.75132589611521750     
   3.9650999999999810       -66.869381339463047       0.75132222607494803     
   3.9650899999999809       -66.869201022569314       0.75131855598952901     
   3.9650799999999808       -66.869020706556057       0.75131488585927819     
   3.9650699999999808       -66.868840391423831       0.75131121568388426     
   3.9650599999999807       -66.868660077172663       0.75130754546343936     
   3.9650499999999806       -66.868479763801844       0.75130387519827080     
   3.9650399999999806       -66.868299451312424       0.75130020488772653     
   3.9650299999999805       -66.868119139704106       0.75129653453213641     
   3.9650199999999804       -66.867938828976037       0.75129286413183405     
   3.9650099999999804       -66.867758519129154       0.75128919368637204     
   3.9649999999999803       -66.867578210163217       0.75128552319591602     
   3.9649899999999803       -66.867397902078139       0.75128185266047709     
   3.9649799999999802       -66.867217594873949       0.75127818208004371     
   3.9649699999999801       -66.867037288550833       0.75127451145455770     
   3.9649599999999801       -66.866856983108391       0.75127084078421991     
   3.9649499999999800       -66.866676678547293       0.75126717006862564     
   3.9649399999999799       -66.866496374866912       0.75126349930820691     
   3.9649299999999799       -66.866316072067931       0.75125982850257378     
   3.9649199999999798       -66.866135770149299       0.75125615765223375     
   3.9649099999999797       -66.865955469112038       0.75125248675672796     
   3.9648999999999797       -66.865775168955892       0.75124881581607783     
   3.9648899999999796       -66.865594869680606       0.75124514483065374     
   3.9648799999999795       -66.865414571286635       0.75124147380000927     
   3.9648699999999795       -66.865234273773410       0.75123780272450824     
   3.9648599999999794       -66.865053977140960       0.75123413160417762     
   3.9648499999999793       -66.864873681389952       0.75123046043863073     
   3.9648399999999793       -66.864693386519860       0.75122678922816688     
   3.9648299999999792       -66.864513092531340       0.75122311797248964     
   3.9648199999999791       -66.864332799424005       0.75121944667170182     
   3.9648099999999791       -66.864152507197275       0.75121577532620953     
   3.9647999999999790       -66.863972215851575       0.75121210393571536     
   3.9647899999999789       -66.863791925387204       0.75120843250016411     
   3.9647799999999789       -66.863611635804034       0.75120476101959810     
   3.9647699999999788       -66.863431347101951       0.75120108949401576     
   3.9647599999999787       -66.863251059280941       0.75119741792350936     
   3.9647499999999787       -66.863070772341516       0.75119374630779923     
   3.9647399999999786       -66.862890486282865       0.75119007464724330     
   3.9647299999999785       -66.862710201105855       0.75118640294155659     
   3.9647199999999785       -66.862529916809549       0.75118273119097234     
   3.9647099999999784       -66.862349633394714       0.75117905939533214     
   3.9646999999999784       -66.862169350860981       0.75117538755474589     
   3.9646899999999783       -66.861989069208633       0.75117171566910035     
   3.9646799999999782       -66.861808788437614       0.75116804373834556     
   3.9646699999999782       -66.861628508547383       0.75116437176294670     
   3.9646599999999781       -66.861448229539249       0.75116069974199429     
   3.9646499999999780       -66.861267951412117       0.75115702767629189     
   3.9646399999999780       -66.861087674165759       0.75115335556577756     
   3.9646299999999779       -66.860907397800915       0.75114968341019150     
   3.9646199999999778       -66.860727122317542       0.75114601120951996     
   3.9646099999999778       -66.860546847715739       0.75114233896368354     
   3.9645999999999777       -66.860366573995037       0.75113866667305995     
   3.9645899999999776       -66.860186301156020       0.75113499433716768     
   3.9645799999999776       -66.860006029197280       0.75113132195678467     
   3.9645699999999775       -66.859825758121147       0.75112764953083599     
   3.9645599999999774       -66.859645487925761       0.75112397706023204     
   3.9645499999999774       -66.859465218612257       0.75112030454429946     
   3.9645399999999773       -66.859284950179870       0.75111663198356160     
   3.9645299999999772       -66.859104682628683       0.75111295937790423     
   3.9645199999999772       -66.858924415959464       0.75110928672696264     
   3.9645099999999771       -66.858744150171589       0.75110561403108023     
   3.9644999999999770       -66.858563885264871       0.75110194129033292     
   3.9644899999999770       -66.858383621239682       0.75109826850456474     
   3.9644799999999769       -66.858203358096105       0.75109459567369286     
   3.9644699999999768       -66.858023095833687       0.75109092279795853     
   3.9644599999999768       -66.857842834452939       0.75108724987716136     
   3.9644499999999767       -66.857662573953647       0.75108357691137695     
   3.9644399999999766       -66.857482314336309       0.75107990390041335     
   3.9644299999999766       -66.857302055600172       0.75107623084452257     
   3.9644199999999765       -66.857121797745449       0.75107255774370196     
   3.9644099999999765       -66.856941540772624       0.75106888459772081     
   3.9643999999999764       -66.856761284681156       0.75106521140682425     
   3.9643899999999763       -66.856581029471371       0.75106153817088528     
   3.9643799999999763       -66.856400775142617       0.75105786489018744     
   3.9643699999999762       -66.856220521696045       0.75105419156416586     
   3.9643599999999761       -66.856040269130744       0.75105051819332258     
   3.9643499999999761       -66.855860017447228       0.75104684477739070     
   3.9643399999999760       -66.855679766645437       0.75104317131635900     
   3.9643299999999759       -66.855499516725146       0.75103949781046053     
   3.9643199999999759       -66.855319267686028       0.75103582425976001     
   3.9643099999999758       -66.855139019529275       0.75103215066368989     
   3.9642999999999757       -66.854958772254193       0.75102847702259767     
   3.9642899999999757       -66.854778525860596       0.75102480333657884     
   3.9642799999999756       -66.854598280348696       0.75102112960555767     
   3.9642699999999755       -66.854418035718325       0.75101745582963375     
   3.9642599999999755       -66.854237791970036       0.75101378200859348     
   3.9642499999999754       -66.854057549102947       0.75101010814269620     
   3.9642399999999753       -66.853877307118040       0.75100643423157054     
   3.9642299999999753       -66.853697066014874       0.75100276027549151     
   3.9642199999999752       -66.853516825793108       0.75099908627455481     
   3.9642099999999751       -66.853336586453452       0.75099541222843635     
   3.9641999999999751       -66.853156347995352       0.75099173813735776     
   3.9641899999999750       -66.852976110419164       0.75098806400130114     
   3.9641799999999749       -66.852795873724759       0.75098438982020321     
   3.9641699999999749       -66.852615637912308       0.75098071559403279     
   3.9641599999999748       -66.852435402981087       0.75097704132311149     
   3.9641499999999747       -66.852255168932004       0.75097336700701645     
   3.9641399999999747       -66.852074935765017       0.75096969264588853     
   3.9641299999999746       -66.851894703479843       0.75096601823967701     
   3.9641199999999746       -66.851714472076594       0.75096234378839111     
   3.9641099999999745       -66.851534241554702       0.75095866929244837     
   3.9640999999999744       -66.851354011915078       0.75095499475131400     
   3.9640899999999744       -66.851173783157392       0.75095132016508204     
   3.9640799999999743       -66.850993555281050       0.75094764553413940     
   3.9640699999999742       -66.850813328287344       0.75094397085782949     
   3.9640599999999742       -66.850633102175095       0.75094029613677116     
   3.9640499999999741       -66.850452876945297       0.75093662137041328     
   3.9640399999999740       -66.850272652597127       0.75093294655922127     
   3.9640299999999740       -66.850092429131223       0.75092927170285495     
   3.9640199999999739       -66.849912206546804       0.75092559680169746     
   3.9640099999999738       -66.849731984844652       0.75092192185543949     
   3.9639999999999738       -66.849551764024326       0.75091824686424180     
   3.9639899999999737       -66.849371544086139       0.75091457182794497     
   3.9639799999999736       -66.849191325030006       0.75091089674664868     
   3.9639699999999736       -66.849011106855812       0.75090722162034540     
   3.9639599999999735       -66.848830889563487       0.75090354644912871     
   3.9639499999999734       -66.848650673153585       0.75089987123271795     
   3.9639399999999734       -66.848470457625496       0.75089619597146973     
   3.9639299999999733       -66.848290242979559       0.75089252066514922     
   3.9639199999999732       -66.848110029215860       0.75088884531364630     
   3.9639099999999732       -66.847929816333817       0.75088516991744292     
   3.9638999999999731       -66.847749604334396       0.75088149447591379     
   3.9638899999999730       -66.847569393216389       0.75087781898978656     
   3.9638799999999730       -66.847389182981189       0.75087414345823544     
   3.9638699999999729       -66.847208973627858       0.75087046788188572     
   3.9638599999999728       -66.847028765156637       0.75086679226049291     
   3.9638499999999728       -66.846848557567341       0.75086311659418470     
   3.9638399999999727       -66.846668350860767       0.75085944088261669     
   3.9638299999999727       -66.846488145036091       0.75085576512619678     
   3.9638199999999726       -66.846307940093411       0.75085208932483749     
   3.9638099999999725       -66.846127736033210       0.75084841347833342     
   3.9637999999999725       -66.845947532854950       0.75084473758690329     
   3.9637899999999724       -66.845767330559482       0.75084106165019060     
   3.9637799999999723       -66.845587129145287       0.75083738566902902     
   3.9637699999999723       -66.845406928614295       0.75083370964236540     
   3.9637599999999722       -66.845226728965287       0.75083003357074496     
   3.9637499999999721       -66.845046530198033       0.75082635745436421     
   3.9637399999999721       -66.844866332313558       0.75082268129277507     
   3.9637299999999720       -66.844686135310738       0.75081900508646660     
   3.9637199999999719       -66.844505939190896       0.75081532883485613     
   3.9637099999999719       -66.844325743953434       0.75081165253810134     
   3.9636999999999718       -66.844145549597812       0.75080797619663453     
   3.9636899999999717       -66.843965356124613       0.75080429981013230     
   3.9636799999999717       -66.843785163534235       0.75080062337835851     
   3.9636699999999716       -66.843604971825698       0.75079694690176224     
   3.9636599999999715       -66.843424780999101       0.75079327038039245     
   3.9636499999999715       -66.843244591055452       0.75078959381377486     
   3.9636399999999714       -66.843064401994141       0.75078591720211774     
   3.9636299999999713       -66.842884213815097       0.75078224054555653     
   3.9636199999999713       -66.842704026519030       0.75077856384366415     
   3.9636099999999712       -66.842523840105159       0.75077488709691342     
   3.9635999999999711       -66.842343654573568       0.75077121030517013     
   3.9635899999999711       -66.842163469923847       0.75076753346867742     
   3.9635799999999710       -66.841983286157358       0.75076385658684497     
   3.9635699999999709       -66.841803103272881       0.75076017966025432     
   3.9635599999999709       -66.841622921271423       0.75075650268825989     
   3.9635499999999708       -66.841442740151976       0.75075282567158130     
   3.9635399999999708       -66.841262559915222       0.75074914860974029     
   3.9635299999999707       -66.841082380560550       0.75074547150307536     
   3.9635199999999706       -66.840902202088628       0.75074179435134214     
   3.9635099999999706       -66.840722024499101       0.75073811715463723     
   3.9634999999999705       -66.840541847792394       0.75073443991273381     
   3.9634899999999704       -66.840361671968282       0.75073076262588545     
   3.9634799999999704       -66.840181497026322       0.75072708529414889     
   3.9634699999999703       -66.840001322967368       0.75072340791719716     
   3.9634599999999702       -66.839821149790509       0.75071973049547480     
   3.9634499999999702       -66.839640977496643       0.75071605302856659     
   3.9634399999999701       -66.839460806084915       0.75071237551684245     
   3.9634299999999700       -66.839280635556548       0.75070869795975959     
   3.9634199999999700       -66.839100465910349       0.75070502035785847     
   3.9634099999999699       -66.838920297146728       0.75070134271092914     
   3.9633999999999698       -66.838740129266213       0.75069766501885171     
   3.9633899999999698       -66.838559962267510       0.75069398728214198     
   3.9633799999999697       -66.838379796152140       0.75069030950004623     
   3.9633699999999696       -66.838199630919107       0.75068663167318983     
   3.9633599999999696       -66.838019466568525       0.75068295380144534     
   3.9633499999999695       -66.837839303101418       0.75067927588418237     
   3.9633399999999694       -66.837659140516152       0.75067559792241700     
   3.9633299999999694       -66.837478978814289       0.75067191991529214     
   3.9633199999999693       -66.837298817994963       0.75066824186322734     
   3.9633099999999692       -66.837118658057960       0.75066456376634871     
   3.9632999999999692       -66.836938499004091       0.75066088562432343     
   3.9632899999999691       -66.836758340833072       0.75065720743715847     
   3.9632799999999690       -66.836578183544688       0.75065352920508976     
   3.9632699999999690       -66.836398027139197       0.75064985092798475     
   3.9632599999999689       -66.836217871616242       0.75064617260597377     
   3.9632499999999689       -66.836037716976492       0.75064249423868590     
   3.9632399999999688       -66.835857563219022       0.75063881582669556     
   3.9632299999999687       -66.835677410344971       0.75063513736942811     
   3.9632199999999687       -66.835497258353186       0.75063145886743721     
   3.9632099999999686       -66.835317107244762       0.75062778032014688     
   3.9631999999999685       -66.835136957018591       0.75062410172814464     
   3.9631899999999685       -66.834956807675795       0.75062042309086996     
   3.9631799999999684       -66.834776659215535       0.75061674440876269     
   3.9631699999999683       -66.834596511638594       0.75061306568143815     
   3.9631599999999683       -66.834416364944076       0.75060938690931034     
   3.9631499999999682       -66.834236219132535       0.75060570809217753     
   3.9631399999999681       -66.834056074204042       0.75060202922992714     
   3.9631299999999681       -66.833875930158726       0.75059835032254851     
   3.9631199999999680       -66.833695786996088       0.75059467137030411     
   3.9631099999999679       -66.833515644716755       0.75059099237286375     
   3.9630999999999679       -66.833335503319745       0.75058731333077711     
   3.9630899999999678       -66.833155362806281       0.75058363424330621     
   3.9630799999999677       -66.832975223175495       0.75057995511102416     
   3.9630699999999677       -66.832795084427801       0.75057627593363951     
   3.9630599999999676       -66.832614946562984       0.75057259671137755     
   3.9630499999999675       -66.832434809581414       0.75056891744401255     
   3.9630399999999675       -66.832254673482879       0.75056523813153309     
   3.9630299999999674       -66.832074538267165       0.75056155877420461     
   3.9630199999999673       -66.831894403934768       0.75055787937168905     
   3.9630099999999673       -66.831714270485207       0.75055419992431693     
   3.9629999999999672       -66.831534137918780       0.75055052043188653     
   3.9629899999999672       -66.831354006235756       0.75054684089426404     
   3.9629799999999671       -66.831173875435113       0.75054316131200371     
   3.9629699999999670       -66.830993745518128       0.75053948168445339     
   3.9629599999999670       -66.830813616484093       0.75053580201199599     
   3.9629499999999669       -66.830633488332992       0.75053212229458754     
   3.9629399999999668       -66.830453361065096       0.75052844253216511     
   3.9629299999999668       -66.830273234680391       0.75052476272468782     
   3.9629199999999667       -66.830093109179188       0.75052108287201780     
   3.9629099999999666       -66.829912984561133       0.75051740297429193     
   3.9628999999999666       -66.829732860825985       0.75051372303179475     
   3.9628899999999665       -66.829552737973998       0.75051004304423197     
   3.9628799999999664       -66.829372616005259       0.75050636301161033     
   3.9628699999999664       -66.829192494919837       0.75050268293399991     
   3.9628599999999663       -66.829012374717607       0.75049900281137027     
   3.9628499999999662       -66.828832255398652       0.75049532264370489     
   3.9628399999999662       -66.828652136962802       0.75049164243103395     
   3.9628299999999661       -66.828472019410484       0.75048796217331526     
   3.9628199999999660       -66.828291902741114       0.75048428187070115     
   3.9628099999999660       -66.828111786954821       0.75048060152312246     
   3.9627999999999659       -66.827931672052600       0.75047692113015152     
   3.9627899999999658       -66.827751558033214       0.75047324069241805     
   3.9627799999999658       -66.827571444896918       0.75046956020976241     
   3.9627699999999657       -66.827391332643970       0.75046587968210599     
   3.9627599999999656       -66.827211221274652       0.75046219910934087     
   3.9627499999999656       -66.827031110788738       0.75045851849145606     
   3.9627399999999655       -66.826851001185958       0.75045483782869249     
   3.9627299999999654       -66.826670892466382       0.75045115712099342     
   3.9627199999999654       -66.826490784630593       0.75044747636800491     
   3.9627099999999653       -66.826310677678066       0.75044379557016405     
   3.9626999999999653       -66.826130571608601       0.75044011472744332     
   3.9626899999999652       -66.825950466422768       0.75043643383954961     
   3.9626799999999651       -66.825770362120309       0.75043275290669653     
   3.9626699999999651       -66.825590258701553       0.75042907192874264     
   3.9626599999999650       -66.825410156165830       0.75042539090593674     
   3.9626499999999649       -66.825230054514009       0.75042170983791079     
   3.9626399999999649       -66.825049953745051       0.75041802872511887     
   3.9626299999999648       -66.824869853859994       0.75041434756707381     
   3.9626199999999647       -66.824689754858426       0.75041066636407361     
   3.9626099999999647       -66.824509656740304       0.75040698511608517     
   3.9625999999999646       -66.824329559505898       0.75040330382296416     
   3.9625899999999645       -66.824149463154413       0.75039962248516467     
   3.9625799999999645       -66.823969367686502       0.75039594110227625     
   3.9625699999999644       -66.823789273102733       0.75039225967406287     
   3.9625599999999643       -66.823609179402013       0.75038857820111959     
   3.9625499999999643       -66.823429086585421       0.75038489668287267     
   3.9625399999999642       -66.823248994651934       0.75038121511980227     
   3.9625299999999641       -66.823068903602120       0.75037753351170711     
   3.9625199999999641       -66.822888813435782       0.75037385185865835     
   3.9625099999999640       -66.822708724153088       0.75037017016058460     
   3.9624999999999639       -66.822528635754026       0.75036648841743769     
   3.9624899999999639       -66.822348548238821       0.75036280662917532     
   3.9624799999999638       -66.822168461606751       0.75035912479620714     
   3.9624699999999637       -66.821988375858950       0.75035544291781220     
   3.9624599999999637       -66.821808290994227       0.75035176099474332     
   3.9624499999999636       -66.821628207013731       0.75034807902632850     
   3.9624399999999635       -66.821448123916454       0.75034439701323141     
   3.9624299999999635       -66.821268041703149       0.75034071495493782     
   3.9624199999999634       -66.821087960373276       0.75033703285170805     
   3.9624099999999634       -66.820907879927560       0.75033335070329032     
   3.9623999999999633       -66.820727800365177       0.75032966851004579     
   3.9623899999999632       -66.820547721686694       0.75032598627171077     
   3.9623799999999632       -66.820367643891956       0.75032230398835631     
   3.9623699999999631       -66.820187566981048       0.75031862165993379     
   3.9623599999999630       -66.820007490953600       0.75031493928662307     
   3.9623499999999630       -66.819827415810025       0.75031125686828837     
   3.9623399999999629       -66.819647341550592       0.75030757440477380     
   3.9623299999999628       -66.819467268174449       0.75030389189640967     
   3.9623199999999628       -66.819287195682548       0.75030020934287356     
   3.9623099999999627       -66.819107124073852       0.75029652674463543     
   3.9622999999999626       -66.818927053349611       0.75029284410110364     
   3.9622899999999626       -66.818746983508774       0.75028916141267044     
   3.9622799999999625       -66.818566914552150       0.75028547867916029     
   3.9622699999999624       -66.818386846478987       0.75028179590077893     
   3.9622599999999624       -66.818206779289753       0.75027811307736003     
   3.9622499999999623       -66.818026712984860       0.75027443020872420     
   3.9622399999999622       -66.817846647563499       0.75027074729517684     
   3.9622299999999622       -66.817666583026167       0.75026706433655999     
   3.9622199999999621       -66.817486519372750       0.75026338133295567     
   3.9622099999999620       -66.817306456603447       0.75025969828423200     
   3.9621999999999620       -66.817126394717477       0.75025601519077945     
   3.9621899999999619       -66.816946333716331       0.75025233205195063     
   3.9621799999999618       -66.816766273598247       0.75024864886850640     
   3.9621699999999618       -66.816586214364335       0.75024496563990095     
   3.9621599999999617       -66.816406156014850       0.75024128236612431     
   3.9621499999999616       -66.816226098549222       0.75023759904736986     
   3.9621399999999616       -66.816046041967354       0.75023391568371600     
   3.9621299999999615       -66.815865986270040       0.75023023227483099     
   3.9621199999999615       -66.815685931456287       0.75022654882107986     
   3.9621099999999614       -66.815505877526462       0.75022286532237636     
   3.9620999999999613       -66.815325824480837       0.75021918177861269     
   3.9620899999999613       -66.815145772319340       0.75021549818980493     
   3.9620799999999612       -66.814965721041688       0.75021181455606245     
   3.9620699999999611       -66.814785670648490       0.75020813087712213     
   3.9620599999999611       -66.814605621138838       0.75020444715340862     
   3.9620499999999610       -66.814425572513784       0.75020076338446395     
   3.9620399999999609       -66.814245524772673       0.75019707957058246     
   3.9620299999999609       -66.814065477915463       0.75019339571180932     
   3.9620199999999608       -66.813885431942623       0.75018971180789651     
   3.9620099999999607       -66.813705386853897       0.75018602785894295     
   3.9619999999999607       -66.813525342649157       0.75018234386510052     
   3.9619899999999606       -66.813345299328958       0.75017865982603149     
   3.9619799999999605       -66.813165256892404       0.75017497574220393     
   3.9619699999999605       -66.812985215340603       0.75017129161310647     
   3.9619599999999604       -66.812805174673130       0.75016760743889543     
   3.9619499999999603       -66.812625134889046       0.75016392322007064     
   3.9619399999999603       -66.812445095989631       0.75016023895603479     
   3.9619299999999602       -66.812265057974386       0.75015655464700315     
   3.9619199999999601       -66.812085020843298       0.75015287029301359     
   3.9619099999999601       -66.811904984596680       0.75014918589387347     
   3.9618999999999600       -66.811724949234247       0.75014550144972747     
   3.9618899999999599       -66.811544914756155       0.75014181696053706     
   3.9618799999999599       -66.811364881162234       0.75013813242643312     
   3.9618699999999598       -66.811184848452754       0.75013444784718386     
   3.9618599999999597       -66.811004816627289       0.75013076322316552     
   3.9618499999999597       -66.810824785686606       0.75012707855379779     
   3.9618399999999596       -66.810644755629738       0.75012339383968873     
   3.9618299999999596       -66.810464726457568       0.75011970908033954     
   3.9618199999999595       -66.810284698169383       0.75011602427626112     
   3.9618099999999594       -66.810104670766108       0.75011233942681022     
   3.9617999999999594       -66.809924644246649       0.75010865453264441     
   3.9617899999999593       -66.809744618611418       0.75010496959347728     
   3.9617799999999592       -66.809564593861225       0.75010128460910874     
   3.9617699999999592       -66.809384569995132       0.75009759957973143     
   3.9617599999999591       -66.809204547012911       0.75009391450571028     
   3.9617499999999590       -66.809024524916282       0.75009022938601200     
   3.9617399999999590       -66.808844503703469       0.75008654422164878     
   3.9617299999999589       -66.808664483374955       0.75008285901233718     
   3.9617199999999588       -66.808484463930952       0.75007917375794397     
   3.9617099999999588       -66.808304445371306       0.75007548845865024     
   3.9616999999999587       -66.808124427696669       0.75007180311403354     
   3.9616899999999586       -66.807944410906089       0.75006811772462412     
   3.9616799999999586       -66.807764395000234       0.75006443229009301     
   3.9616699999999585       -66.807584379978735       0.75006074681058299     
   3.9616599999999584       -66.807404365841691       0.75005706128614291     
   3.9616499999999584       -66.807224352589500       0.75005337571650932     
   3.9616399999999583       -66.807044340221609       0.75004969010193490     
   3.9616299999999582       -66.806864328737774       0.75004600444263581     
   3.9616199999999582       -66.806684318139588       0.75004231873774485     
   3.9616099999999581       -66.806504308425289       0.75003863298818674     
   3.9615999999999580       -66.806324299595616       0.75003494719357677     
   3.9615899999999580       -66.806144291650511       0.75003126135399978     
   3.9615799999999579       -66.805964284590502       0.75002757546914456     
   3.9615699999999578       -66.805784278414549       0.75002388953955357     
   3.9615599999999578       -66.805604273123379       0.75002020356488674     
   3.9615499999999577       -66.805424268716763       0.75001651754523724     
   3.9615399999999577       -66.805244265195114       0.75001283148044251     
   3.9615299999999576       -66.805064262557508       0.75000914537087227     
   3.9615199999999575       -66.804884260805338       0.75000545921593298     
   3.9615099999999575       -66.804704259937424       0.75000177301614845     
   3.9614999999999574       -66.804524259953894       0.74999808677155488     
   3.9614899999999573       -66.804344260855913       0.74999440048149879     
   3.9614799999999573       -66.804164262641891       0.74999071414678820     
   3.9614699999999572       -66.803984265312835       0.74998702776699455     
   3.9614599999999571       -66.803804268868561       0.74998334134212474     
   3.9614499999999571       -66.803624273309296       0.74997965487209106     
   3.9614399999999570       -66.803444278634203       0.74997596835739577     
   3.9614299999999569       -66.803264284844232       0.74997228179742548     
   3.9614199999999569       -66.803084291939328       0.74996859519236470     
   3.9614099999999568       -66.802904299918765       0.74996490854242592     
   3.9613999999999567       -66.802724308783425       0.74996122184730318     
   3.9613899999999567       -66.802544318532270       0.74995753510749452     
   3.9613799999999566       -66.802364329166494       0.74995384832236855     
   3.9613699999999565       -66.802184340685230       0.74995016149239102     
   3.9613599999999565       -66.802004353088805       0.74994647461736674     
   3.9613499999999564       -66.801824366377375       0.74994278769728118     
   3.9613399999999563       -66.801644380550684       0.74993910073225944     
   3.9613299999999563       -66.801464395609159       0.74993541372201256     
   3.9613199999999562       -66.801284411552430       0.74993172666685293     
   3.9613099999999561       -66.801104428380270       0.74992803956683973     
   3.9612999999999561       -66.800924446093532       0.74992435242155242     
   3.9612899999999560       -66.800744464691292       0.74992066523140055     
   3.9612799999999559       -66.800564484174473       0.74991697799603629     
   3.9612699999999559       -66.800384504542137       0.74991329071588231     
   3.9612599999999558       -66.800204525794726       0.74990960339069768     
   3.9612499999999558       -66.800024547932409       0.74990591602046608     
   3.9612399999999557       -66.799844570954662       0.74990222860537337     
   3.9612299999999556       -66.799664594862449       0.74989854114500343     
   3.9612199999999556       -66.799484619655459       0.74989485363953656     
   3.9612099999999555       -66.799304645333009       0.74989116608926787     
   3.9611999999999554       -66.799124671895598       0.74988747849390436     
   3.9611899999999554       -66.798944699343110       0.74988379085362877     
   3.9611799999999553       -66.798764727676129       0.74988010316815368     
   3.9611699999999552       -66.798584756894044       0.74987641543765005     
   3.9611599999999552       -66.798404786996969       0.74987272766218815     
   3.9611499999999551       -66.798224817984860       0.74986903984175635     
   3.9611399999999550       -66.798044849858073       0.74986535197619808     
   3.9611299999999550       -66.797864882616167       0.74986166406575094     
   3.9611199999999549       -66.797684916259072       0.74985797611035443     
   3.9611099999999548       -66.797504950787271       0.74985428810984933     
   3.9610999999999548       -66.797324986200721       0.74985060006432736     
   3.9610899999999547       -66.797145022499237       0.74984691197377018     
   3.9610799999999546       -66.796965059683146       0.74984322383815860     
   3.9610699999999546       -66.796785097751737       0.74983953565775152     
   3.9610599999999545       -66.796605136705779       0.74983584743211240     
   3.9610499999999544       -66.796425176544858       0.74983215916157464     
   3.9610399999999544       -66.796245217269686       0.74982847084570325     
   3.9610299999999543       -66.796065258878954       0.74982478248518769     
   3.9610199999999542       -66.795885301374057       0.74982109407936759     
   3.9610099999999542       -66.795705344753685       0.74981740562885646     
   3.9609999999999541       -66.795525389019303       0.74981371713295919     
   3.9609899999999540       -66.795345434169491       0.74981002859237256     
   3.9609799999999540       -66.795165480205611       0.74980634000641688     
   3.9609699999999539       -66.794985527126613       0.74980265137565960     
   3.9609599999999539       -66.794805574932937       0.74979896269985014     
   3.9609499999999538       -66.794625623625009       0.74979527397876000     
   3.9609399999999537       -66.794445673201523       0.74979158521315037     
   3.9609299999999537       -66.794265723663784       0.74978789640228516     
   3.9609199999999536       -66.794085775011467       0.74978420754634634     
   3.9609099999999535       -66.793905827244046       0.74978051864562356     
   3.9608999999999535       -66.793725880362487       0.74977682969955561     
   3.9608899999999534       -66.793545934366151       0.74977314070857615     
   3.9608799999999533       -66.793365989254838       0.74976945167271170     
   3.9608699999999533       -66.793186045029600       0.74976576259154859     
   3.9608599999999532       -66.793006101688917       0.74976207346570556     
   3.9608499999999531       -66.792826159233911       0.74975838429469388     
   3.9608399999999531       -66.792646217664497       0.74975469507861014     
   3.9608299999999530       -66.792466276980463       0.74975100581756715     
   3.9608199999999529       -66.792286337181636       0.74974731651152438     
   3.9608099999999529       -66.792106398268217       0.74974362716052223     
   3.9607999999999528       -66.791926460240660       0.74973993776428094     
   3.9607899999999527       -66.791746523098311       0.74973624832315611     
   3.9607799999999527       -66.791566586841824       0.74973255883684098     
   3.9607699999999526       -66.791386651469736       0.74972886930599303     
   3.9607599999999525       -66.791206716984362       0.74972517972956820     
   3.9607499999999525       -66.791026783383430       0.74972149010865818     
   3.9607399999999524       -66.790846850669340       0.74971780044198688     
   3.9607299999999523       -66.790666918840103       0.74971411073075533     
   3.9607199999999523       -66.790486987896301       0.74971042097440910     
   3.9607099999999522       -66.790307057837822       0.74970673117322184     
   3.9606999999999521       -66.790127128665191       0.74970304132689192     
   3.9606899999999521       -66.789947200377966       0.74969935143566868     
   3.9606799999999520       -66.789767272976491       0.74969566149923139     
   3.9606699999999520       -66.789587346460294       0.74969197151795974     
   3.9606599999999519       -66.789407420829974       0.74968828149160183     
   3.9606499999999518       -66.789227496085289       0.74968459142008592     
   3.9606399999999518       -66.789047572226622       0.74968090130346277     
   3.9606299999999517       -66.788867649252779       0.74967721114216879     
   3.9606199999999516       -66.788687727164756       0.74967352093579154     
   3.9606099999999516       -66.788507805962638       0.74966983068426962     
   3.9605999999999515       -66.788327885646325       0.74966614038762724     
   3.9605899999999514       -66.788147966215604       0.74966245004606291     
   3.9605799999999514       -66.787968047670475       0.74965875965948114     
   3.9605699999999513       -66.787788130010725       0.74965506922802783     
   3.9605599999999512       -66.787608213237306       0.74965137875125609     
   3.9605499999999512       -66.787428297348939       0.74964768822984273     
   3.9605399999999511       -66.787248382346661       0.74964399766319401     
   3.9605299999999510       -66.787068468230501       0.74964030705130424     
   3.9605199999999510       -66.786888554999663       0.74963661639465407     
   3.9605099999999509       -66.786708642654233       0.74963292569314222     
   3.9604999999999508       -66.786528731195347       0.74962923494622979     
   3.9604899999999508       -66.786348820621981       0.74962554415444560     
   3.9604799999999507       -66.786168910934236       0.74962185331767139     
   3.9604699999999506       -66.785989002132325       0.74961816243589297     
   3.9604599999999506       -66.785809094216233       0.74961447150909288     
   3.9604499999999505       -66.785629187186231       0.74961078053719510     
   3.9604399999999504       -66.785449281041608       0.74960708952045330     
   3.9604299999999504       -66.785269375783244       0.74960339845847457     
   3.9604199999999503       -66.785089471410785       0.74959970735146764     
   3.9604099999999502       -66.784909567923776       0.74959601619965610     
   3.9603999999999502       -66.784729665322971       0.74959232500265671     
   3.9603899999999501       -66.784549763608013       0.74958863376065288     
   3.9603799999999501       -66.784369862779243       0.74958494247349572     
   3.9603699999999500       -66.784189962835725       0.74958125114165608     
   3.9603599999999499       -66.784010063778425       0.74957755976468032     
   3.9603499999999499       -66.783830165606702       0.74957386834277562     
   3.9603399999999498       -66.783650268321338       0.74957017687572425     
   3.9603299999999497       -66.783470371922007       0.74956648536355031     
   3.9603199999999497       -66.783290476408382       0.74956279380655799     
   3.9603099999999496       -66.783110581780875       0.74955910220437882     
   3.9602999999999495       -66.782930688039215       0.74955541055733599     
   3.9602899999999495       -66.782750795183730       0.74955171886517080     
   3.9602799999999494       -66.782570903214449       0.74954802712792290     
   3.9602699999999493       -66.782391012130930       0.74954433534572074     
   3.9602599999999493       -66.782211121933528       0.74954064351838257     
   3.9602499999999492       -66.782031232622032       0.74953695164625211     
   3.9602399999999491       -66.781851344196767       0.74953325972895624     
   3.9602299999999491       -66.781671456657648       0.74952956776650115     
   3.9602199999999490       -66.781491570004263       0.74952587575931584     
   3.9602099999999489       -66.781311684237238       0.74952218370694634     
   3.9601999999999489       -66.781131799356487       0.74951849160944939     
   3.9601899999999488       -66.780951915361214       0.74951479946722488     
   3.9601799999999487       -66.780772032252216       0.74951110727997883     
   3.9601699999999487       -66.780592150029946       0.74950741504732221     
   3.9601599999999486       -66.780412268693269       0.74950372276997645     
   3.9601499999999485       -66.780232388242993       0.74950003044743585     
   3.9601399999999485       -66.780052508678892       0.74949633807990457     
   3.9601299999999484       -66.779872630000611       0.74949264566752838     
   3.9601199999999483       -66.779692752208760       0.74948895321003650     
   3.9601099999999483       -66.779512875303240       0.74948526070740329     
   3.9600999999999482       -66.779332999283866       0.74948156815977640     
   3.9600899999999482       -66.779153124150440       0.74947787556730683     
   3.9600799999999481       -66.778973249903515       0.74947418292966494     
   3.9600699999999480       -66.778793376542453       0.74947049024713286     
   3.9600599999999480       -66.778613504068161       0.74946679751939893     
   3.9600499999999479       -66.778433632480059       0.74946310474665057     
   3.9600399999999478       -66.778253761777947       0.74945941192900756     
   3.9600299999999478       -66.778073891962052       0.74945571906634623     
   3.9600199999999477       -66.777894023033042       0.74945202615844808     
   3.9600099999999476       -66.777714154989667       0.74944833320583670     
   3.9599999999999476       -66.777534287832822       0.74944464020803625     
   3.9599899999999475       -66.777354421562578       0.74944094716513165     
   3.9599799999999474       -66.777174556178338       0.74943725407733497     
   3.9599699999999474       -66.776994691680670       0.74943356094443792     
   3.9599599999999473       -66.776814828068964       0.74942986776672960     
   3.9599499999999472       -66.776634965343959       0.74942617454378146     
   3.9599399999999472       -66.776455103505370       0.74942248127578770     
   3.9599299999999471       -66.776275242553467       0.74941878796271688     
   3.9599199999999470       -66.776095382487341       0.74941509460481637     
   3.9599099999999470       -66.775915523307873       0.74941140120182803     
   3.9598999999999469       -66.775735665014778       0.74940770775386589     
   3.9598899999999468       -66.775555807608413       0.74940401426071956     
   3.9598799999999468       -66.775375951087454       0.74940032072306784     
   3.9598699999999467       -66.775196095454007       0.74939662713984145     
   3.9598599999999466       -66.775016240706748       0.74939293351173608     
   3.9598499999999466       -66.774836386846147       0.74938923983854400     
   3.9598399999999465       -66.774656533871990       0.74938554612035613     
   3.9598299999999464       -66.774476681784435       0.74938185235703381     
   3.9598199999999464       -66.774296830583054       0.74937815854890377     
   3.9598099999999463       -66.774116980268317       0.74937446469569069     
   3.9597999999999463       -66.773937130839897       0.74937077079756198     
   3.9597899999999462       -66.773757282298320       0.74936707685423987     
   3.9597799999999461       -66.773577434643101       0.74936338286601234     
   3.9597699999999461       -66.773397587874641       0.74935968883265336     
   3.9597599999999460       -66.773217741992397       0.74935599475446912     
   3.9597499999999459       -66.773037896997053       0.74935230063107816     
   3.9597399999999459       -66.772858052888026       0.74934860646279422     
   3.9597299999999458       -66.772678209666083       0.74934491224929012     
   3.9597199999999457       -66.772498367330613       0.74934121799083597     
   3.9597099999999457       -66.772318525881360       0.74933752368751072     
   3.9596999999999456       -66.772138685319121       0.74933382933898629     
   3.9596899999999455       -66.771958845643510       0.74933013494549305     
   3.9596799999999455       -66.771779006854388       0.74932644050705965     
   3.9596699999999454       -66.771599168952292       0.74932274602334947     
   3.9596599999999453       -66.771419331936826       0.74931905149474576     
   3.9596499999999453       -66.771239495807350       0.74931535692138374     
   3.9596399999999452       -66.771059660565186       0.74931166230277413     
   3.9596299999999451       -66.770879826209580       0.74930796763913865     
   3.9596199999999451       -66.770699992740532       0.74930427293062252     
   3.9596099999999450       -66.770520160158469       0.74930057817697160     
   3.9595999999999449       -66.770340328463149       0.74929688337825739     
   3.9595899999999449       -66.770160497654459       0.74929318853457316     
   3.9595799999999448       -66.769980667732909       0.74928949364572350     
   3.9595699999999447       -66.769800838697321       0.74928579871221557     
   3.9595599999999447       -66.769621010549102       0.74928210373343607     
   3.9595499999999446       -66.769441183287341       0.74927840870978135     
   3.9595399999999445       -66.769261356913020       0.74927471364078235     
   3.9595299999999445       -66.769081531425314       0.74927101852686517     
   3.9595199999999444       -66.768901706824536       0.74926732336793600     
   3.9595099999999444       -66.768721883110061       0.74926362816415726     
   3.9594999999999443       -66.768542060282726       0.74925993291525439     
   3.9594899999999442       -66.768362238342405       0.74925623762131621     
   3.9594799999999442       -66.768182417289154       0.74925254228216132     
   3.9594699999999441       -66.768002597122290       0.74924884689831128     
   3.9594599999999440       -66.767822777842625       0.74924515146927329     
   3.9594499999999440       -66.767642959449688       0.74924145599527892     
   3.9594399999999439       -66.767463141943566       0.74923776047633128     
   3.9594299999999438       -66.767283325324811       0.74923406491211830     
   3.9594199999999438       -66.767103509592260       0.74923036930328146     
   3.9594099999999437       -66.766923694747447       0.74922667364896922     
   3.9593999999999436       -66.766743880789178       0.74922297794990067     
   3.9593899999999436       -66.766564067717923       0.74921928220580736     
   3.9593799999999435       -66.766384255533765       0.74921558641653985     
   3.9593699999999434       -66.766204444236593       0.74921189058236060     
   3.9593599999999434       -66.766024633826461       0.74920819470308064     
   3.9593499999999433       -66.765844824303301       0.74920449877876016     
   3.9593399999999432       -66.765665015667111       0.74920080280950752     
   3.9593299999999432       -66.765485207917763       0.74919710679530349     
   3.9593199999999431       -66.765305401055869       0.74919341073591539     
   3.9593099999999430       -66.765125595080690       0.74918971463160977     
   3.9592999999999430       -66.764945789992993       0.74918601848215838     
   3.9592899999999429       -66.764765985791811       0.74918232228796555     
   3.9592799999999428       -66.764586182478084       0.74917862604846874     
   3.9592699999999428       -66.764406380051796       0.74917492976381805     
   3.9592599999999427       -66.764226578512037       0.74917123343444514     
   3.9592499999999426       -66.764046777859761       0.74916753705990580     
   3.9592399999999426       -66.763866978094171       0.74916384064051866     
   3.9592299999999425       -66.763687179216177       0.74916014417593912     
   3.9592199999999425       -66.763507381224940       0.74915644766648593     
   3.9592099999999424       -66.763327584121441       0.74915275111176027     
   3.9591999999999423       -66.763147787904572       0.74914905451226776     
   3.9591899999999423       -66.762967992574701       0.74914535786778125     
   3.9591799999999422       -66.762788198132597       0.74914166117811287     
   3.9591699999999421       -66.762608404577747       0.74913796444332414     
   3.9591599999999421       -66.762428611910082       0.74913426766354496     
   3.9591499999999420       -66.762248820129486       0.74913057083881840     
   3.9591399999999419       -66.762069029236073       0.74912687396914057     
   3.9591299999999419       -66.761889239229802       0.74912317705443987     
   3.9591199999999418       -66.761709450110970       0.74911948009461449     
   3.9591099999999417       -66.761529661879138       0.74911578308995086     
   3.9590999999999417       -66.761349874534972       0.74911208604008961     
   3.9590899999999416       -66.761170088078217       0.74910838894510634     
   3.9590799999999415       -66.760990302508489       0.74910469180524675     
   3.9590699999999415       -66.760810517826513       0.74910099462012658     
   3.9590599999999414       -66.760630734031253       0.74909729739031528     
   3.9590499999999413       -66.760450951123246       0.74909360011555837     
   3.9590399999999413       -66.760271169102992       0.74908990279551724     
   3.9590299999999412       -66.760091387969894       0.74908620543059135     
   3.9590199999999411       -66.759911607724533       0.74908250802047149     
   3.9590099999999411       -66.759731828366156       0.74907881056543923     
   3.9589999999999410       -66.759552049895476       0.74907511306533869     
   3.9589899999999409       -66.759372272312177       0.74907141552017942     
   3.9589799999999409       -66.759192495616261       0.74906771793000937     
   3.9589699999999408       -66.759012719807643       0.74906402029486563     
   3.9589599999999407       -66.758832944886407       0.74906032261476063     
   3.9589499999999407       -66.758653170852625       0.74905662488961144     
   3.9589399999999406       -66.758473397706638       0.74905292711925142     
   3.9589299999999406       -66.758293625447848       0.74904922930402007     
   3.9589199999999405       -66.758113854076299       0.74904553144391084     
   3.9589099999999404       -66.757934083592446       0.74904183353868270     
   3.9588999999999404       -66.757754313996486       0.74903813558821097     
   3.9588899999999403       -66.757574545287596       0.74903443759291688     
   3.9588799999999402       -66.757394777466217       0.74903073955262744     
   3.9588699999999402       -66.757215010532519       0.74902704146721610     
   3.9588599999999401       -66.757035244486190       0.74902334333689102     
   3.9588499999999400       -66.756855479327754       0.74901964516140263     
   3.9588399999999400       -66.756675715056872       0.74901594694084694     
   3.9588299999999399       -66.756495951673557       0.74901224867530847     
   3.9588199999999398       -66.756316189177639       0.74900855036484770     
   3.9588099999999398       -66.756136427569416       0.74900485200929789     
   3.9587999999999397       -66.755956666848675       0.74900115360874431     
   3.9587899999999396       -66.755776907015701       0.74899745516309302     
   3.9587799999999396       -66.755597148070422       0.74899375667248036     
   3.9587699999999395       -66.755417390012454       0.74899005813695219     
   3.9587599999999394       -66.755237632842451       0.74898635955624127     
   3.9587499999999394       -66.755057876560059       0.74898266093054744     
   3.9587399999999393       -66.754878121165220       0.74897896225983362     
   3.9587299999999392       -66.754698366658062       0.74897526354417521     
   3.9587199999999392       -66.754518613038741       0.74897156478337668     
   3.9587099999999391       -66.754338860307072       0.74896786597754772     
   3.9586999999999390       -66.754159108462972       0.74896416712681846     
   3.9586899999999390       -66.753979357506694       0.74896046823101914     
   3.9586799999999389       -66.753799607438552       0.74895676929002908     
   3.9586699999999388       -66.753619858257537       0.74895307030429459     
   3.9586599999999388       -66.753440109964927       0.74894937127323480     
   3.9586499999999387       -66.753260362559544       0.74894567219736974     
   3.9586399999999387       -66.753080616041998       0.74894197307652277     
   3.9586299999999386       -66.752900870412518       0.74893827391047763     
   3.9586199999999385       -66.752721125670689       0.74893457469946512     
   3.9586099999999385       -66.752541381816897       0.74893087544335646     
   3.9585999999999384       -66.752361638850459       0.74892717614244086     
   3.9585899999999383       -66.752181896772314       0.74892347679623572     
   3.9585799999999383       -66.752002155581636       0.74891977740524662     
   3.9585699999999382       -66.751822415279165       0.74891607796904980     
   3.9585599999999381       -66.751642675864503       0.74891237848787551     
   3.9585499999999381       -66.751462937337394       0.74890867896181035     
   3.9585399999999380       -66.751283199698619       0.74890497939047262     
   3.9585299999999379       -66.751103462947384       0.74890127977433363     
   3.9585199999999379       -66.750923727084327       0.74889758011306007     
   3.9585099999999378       -66.750743992109022       0.74889388040683491     
   3.9584999999999377       -66.750564258021541       0.74889018065564261     
   3.9584899999999377       -66.750384524822621       0.74888648085911258     
   3.9584799999999376       -66.750204792510928       0.74888278101785544     
   3.9584699999999375       -66.750025061087470       0.74887908113151624     
   3.9584599999999375       -66.749845330551921       0.74887538120014874     
   3.9584499999999374       -66.749665600904464       0.74887168122372627     
   3.9584399999999373       -66.749485872144930       0.74886798120231390     
   3.9584299999999373       -66.749306144273561       0.74886428113578907     
   3.9584199999999372       -66.749126417290299       0.74886058102422093     
   3.9584099999999371       -66.748946691194675       0.74885688086780144     
   3.9583999999999371       -66.748766965987301       0.74885318066625894     
   3.9583899999999370       -66.748587241668289       0.74884948041954724     
   3.9583799999999369       -66.748407518237201       0.74884578012783842     
   3.9583699999999369       -66.748227795693694       0.74884207979139239     
   3.9583599999999368       -66.748048074038579       0.74883837940973763     
   3.9583499999999368       -66.747868353271684       0.74883467898303946     
   3.9583399999999367       -66.747688633392883       0.74883097851130198     
   3.9583299999999366       -66.747508914402218       0.74882727799454407     
   3.9583199999999366       -66.747329196299603       0.74882357743280548     
   3.9583099999999365       -66.747149479084911       0.74881987682606466     
   3.9582999999999364       -66.746969762758553       0.74881617617428342     
   3.9582899999999364       -66.746790047320516       0.74881247547736385     
   3.9582799999999363       -66.746610332770416       0.74880877473558094     
   3.9582699999999362       -66.746430619108665       0.74880507394866636     
   3.9582599999999362       -66.746250906335234       0.74880137311667905     
   3.9582499999999361       -66.746071194449726       0.74879767223983018     
   3.9582399999999360       -66.745891483452212       0.74879397131798342     
   3.9582299999999360       -66.745711773343473       0.74879027035087908     
   3.9582199999999359       -66.745532064122656       0.74878656933896171     
   3.9582099999999358       -66.745352355790402       0.74878286828180141     
   3.9581999999999358       -66.745172648346085       0.74877916717976412     
   3.9581899999999357       -66.744992941790102       0.74877546603273071     
   3.9581799999999356       -66.744813236122255       0.74877176484070918     
   3.9581699999999356       -66.744633531342998       0.74876806360351933     
   3.9581599999999355       -66.744453827451821       0.74876436232138577     
   3.9581499999999354       -66.744274124448907       0.74876066099425576     
   3.9581399999999354       -66.744094422334442       0.74875695962208233     
   3.9581299999999353       -66.743914721108510       0.74875325820475158     
   3.9581199999999352       -66.743735020770742       0.74874955674247845     
   3.9581099999999352       -66.743555321321338       0.74874585523518034     
   3.9580999999999351       -66.743375622760212       0.74874215368293717     
   3.9580899999999350       -66.743195925087676       0.74873845208553569     
   3.9580799999999350       -66.743016228303432       0.74873475044312199     
   3.9580699999999349       -66.742836532407466       0.74873104875577079     
   3.9580599999999349       -66.742656837399949       0.74872734702342125     
   3.9580499999999348       -66.742477143280894       0.74872364524598645     
   3.9580399999999347       -66.742297450050103       0.74871994342362402     
   3.9580299999999347       -66.742117757708044       0.74871624155605954     
   3.9580199999999346       -66.741938066254306       0.74871253964355144     
