   3.9609999999999999       -66.805583240123298       0.43659607821025398     
   3.9610099999999999       -66.805710377893902       0.43626434492708865     
   3.9610200000000000       -66.805837581796581       0.43593045488031179     
   3.9610300000000001       -66.805964852243520       0.43559436927779166     
   3.9610400000000001       -66.806092189653725       0.43525604696656783     
   3.9610500000000002       -66.806219594453054       0.43491546023795125     
   3.9610600000000002       -66.806347067073972       0.43457256596901606     
   3.9610700000000003       -66.806474607956190       0.43422731992241093     
   3.9610800000000004       -66.806602217547805       0.43387969122319797     
   3.9610900000000004       -66.806729896303239       0.43352962860085881     
   3.9611000000000005       -66.806857644685920       0.43317709882889371     
   3.9611100000000006       -66.806985463166299       0.43282204819891684     
   3.9611200000000006       -66.807113352224249       0.43246443615844216     
   3.9611300000000007       -66.807241312347429       0.43210422079578309     
   3.9611400000000008       -66.807369344032864       0.43174134436432432     
   3.9611500000000008       -66.807497447785835       0.43137576211867201     
   3.9611600000000009       -66.807625624122196       0.43100742295378430     
   3.9611700000000010       -66.807753873566554       0.43063627419644618     
   3.9611800000000010       -66.807882196653466       0.43026226151163810     
   3.9611900000000011       -66.808010593927975       0.42988532884076919     
   3.9612000000000012       -66.808139065945994       0.42950541831860822     
   3.9612100000000012       -66.808267613274566       0.42912247018996363     
   3.9612200000000013       -66.808396236489941       0.42873642275070756     
   3.9612300000000014       -66.808524936183474       0.42834721219803829     
   3.9612400000000014       -66.808653712955604       0.42795476773738228     
   3.9612500000000015       -66.808782567420764       0.42755903083821573     
   3.9612600000000016       -66.808911500205554       0.42715992124661956     
   3.9612700000000016       -66.809040511950343       0.42675737554721688     
   3.9612800000000017       -66.809169603309627       0.42635130837025442     
   3.9612900000000018       -66.809298774950236       0.42594164613459368     
   3.9613000000000018       -66.809428027557118       0.42552830749841714     
   3.9613100000000019       -66.809557361827785       0.42511121295869131     
   3.9613200000000020       -66.809686778477271       0.42469026525873727     
   3.9613300000000020       -66.809816278235758       0.42426537346875604     
   3.9613400000000021       -66.809945861852142       0.42383645282896604     
   3.9613500000000021       -66.810075530091780       0.42340340028525919     
   3.9613600000000022       -66.810205283739663       0.42296610880552549     
   3.9613700000000023       -66.810335123599813       0.42252448174379015     
   3.9613800000000023       -66.810465050496290       0.42207839863131036     
   3.9613900000000024       -66.810595065273134       0.42162775375952649     
   3.9614000000000025       -66.810725168798186       0.42117241696231145     
   3.9614100000000025       -66.810855361959909       0.42071226746749169     
   3.9614200000000026       -66.810985645672631       0.42024716912734134     
   3.9614300000000027       -66.811116020873826       0.41977699452100597     
   3.9614400000000027       -66.811246488527388       0.41930159530649469     
   3.9614500000000028       -66.811377049625278       0.41882081631410656     
   3.9614600000000029       -66.811507705186770       0.41833450505869735     
   3.9614700000000029       -66.811638456261036       0.41784249647134364     
   3.9614800000000030       -66.811769303929296       0.41734461730146638     
   3.9614900000000031       -66.811900249304458       0.41684068554762876     
   3.9615000000000031       -66.812031293534801       0.41633050487519441     
   3.9615100000000032       -66.812162437804588       0.41581387870790781     
   3.9615200000000033       -66.812293683336179       0.41529059470663343     
   3.9615300000000033       -66.812425031392678       0.41476042888563885     
   3.9615400000000034       -66.812556483278939       0.41422313976894082     
   3.9615500000000035       -66.812688040345137       0.41367848700243176     
   3.9615600000000035       -66.812819703988339       0.41312619594984179     
   3.9615700000000036       -66.812951475656888       0.41256598581500009     
   3.9615800000000037       -66.813083356852303       0.41199756347474142     
   3.9615900000000037       -66.813215349131781       0.41142061206788982     
   3.9616000000000038       -66.813347454113710       0.41083479425425090     
   3.9616100000000039       -66.813479673480245       0.41023974537139374     
   3.9616200000000039       -66.813612008982190       0.40963508607924926     
   3.9616300000000040       -66.813744462443481       0.40902040028642622     
   3.9616400000000040       -66.813877035766637       0.40839525214628286     
   3.9616500000000041       -66.814009730938082       0.40775916825115927     
   3.9616600000000042       -66.814142550034575       0.40711162914132193     
   3.9616700000000042       -66.814275495230021       0.40645209999346249     
   3.9616800000000043       -66.814408568804240       0.40577997169014174     
   3.9616900000000044       -66.814541773150367       0.40509460998407104     
   3.9617000000000044       -66.814675110784520       0.40439530994678946     
   3.9617100000000045       -66.814808584357735       0.40368130869641589     
   3.9617200000000046       -66.814942196667801       0.40295177728487497     
   3.9617300000000046       -66.815075950672266       0.40220579133722473     
   3.9617400000000047       -66.815209849505052       0.40144234944779195     
   3.9617500000000048       -66.815343896494738       0.40066033996050160     
   3.9617600000000048       -66.815478095184659       0.39985852991435022     
   3.9617700000000049       -66.815612449356053       0.39903554079648523     
   3.9617800000000050       -66.815746963058132       0.39818983499568650     
   3.9617900000000050       -66.815881640638551       0.39731968717080951     
   3.9618000000000051       -66.816016486782885       0.39642312888235914     
   3.9618100000000052       -66.816151506559848       0.39549793412641704     
   3.9618200000000052       -66.816286705475633       0.39454153847695217     
   3.9618300000000053       -66.816422089542186       0.39355098224498980     
   3.9618400000000054       -66.816557665355006       0.39252280251641475     
   3.9618500000000054       -66.816693440197682       0.39145293493465411     
   3.9618600000000055       -66.816829422167075       0.39033652345420117     
   3.9618700000000056       -66.816965620336575       0.38916769813836644     
   3.9618800000000056       -66.817102044966916       0.38793926547853713     
   3.9618900000000057       -66.817238707789883       0.38664223039508289     
   3.9619000000000058       -66.817375622393357       0.38526511315023715     
   3.9619100000000058       -66.817512804768185       0.38379286797447881     
   3.9619200000000059       -66.817650274105731       0.38220508985808382     
   3.9619300000000059       -66.817788054031524       0.38047291205798128     
   3.9619400000000060       -66.817926174620453       0.37855312394896384     
   3.9619500000000061       -66.818064676005505       0.37637561287941557     
   3.9619600000000061       -66.818203615671834       0.37381181740871500     
   3.9619700000000062       -66.818343086561512       0.37056943952359261     
   3.9619800000000063       -66.818483286495265       0.36550833632948726     
   3.9619900000000063       -66.821331390624977        4.0506552082912135E-006
   3.9620000000000064       -66.821511378601883        3.9154689960666884E-006
   3.9620100000000065       -66.821691367462250        3.7922722671742313E-006
   3.9620200000000065       -66.821871357206604        3.6803604649785862E-006
   3.9620300000000066       -66.822051347834474        3.5707946666185819E-006
   3.9620400000000067       -66.822231339345848        3.4635627221835108E-006
   3.9620500000000067       -66.822411331741222        3.3666049628067185E-006
   3.9620600000000068       -66.822591325020227        3.2715524609372437E-006
   3.9620700000000069       -66.822771319182621        3.1783977016974774E-006
   3.9620800000000069       -66.822951314228661        3.0871321120192383E-006
   3.9620900000000070       -66.823131310158331        3.0050926488704257E-006
   3.9621000000000071       -66.823311306971746        2.9245704466311175E-006
   3.9621100000000071       -66.823491304668735        2.8455610917947163E-006
   3.9621200000000072       -66.823671303249128        2.7680587704933166E-006
   3.9621300000000073       -66.823851302713024        2.6920572490466790E-006
   3.9621400000000073       -66.824031303060380        2.6175490791165621E-006
   3.9621500000000074       -66.824211304291254        2.5445260956787528E-006
   3.9621600000000075       -66.824391306405914        2.4729799236548424E-006
   3.9621700000000075       -66.824571309403979        2.4091866286379826E-006
   3.9621800000000076       -66.824751313285361        2.3465555720747489E-006
   3.9621900000000077       -66.824931318050488        2.2850819285658019E-006
   3.9622000000000077       -66.825111323699005        2.2247602851077630E-006
   3.9622100000000078       -66.825291330230996        2.1655848164344369E-006
   3.9622200000000078       -66.825471337646235        2.1075491750307171E-006
   3.9622300000000079       -66.825651345945161        2.0506462743430376E-006
   3.9622400000000080       -66.825831355127733        1.9948687322024483E-006
   3.9622500000000080       -66.826011365193452        1.9402086111804571E-006
   3.9622600000000081       -66.826191376142617        1.8866575579590261E-006
   3.9622700000000082       -66.826371387975186        1.8342065498296496E-006
   3.9622800000000082       -66.826551400691230        1.7828464666062398E-006
   3.9622900000000083       -66.826731414290464        1.7325674404785236E-006
   3.9623000000000084       -66.826911428773371        1.6833594706315107E-006
   3.9623100000000084       -66.827091444139569        1.6352121878782100E-006
   3.9623200000000085       -66.827271460388985        1.5881147670260276E-006
   3.9623300000000086       -66.827451477521578        1.5420563190075380E-006
   3.9623400000000086       -66.827631495537716        1.4970253022402364E-006
   3.9623500000000087       -66.827811514437357        1.4573510582020315E-006
   3.9623600000000088       -66.827991534219805        1.4184653759722703E-006
   3.9623700000000088       -66.828171554885870        1.3803613213199857E-006
   3.9623800000000089       -66.828351576435139        1.3430317273114649E-006
   3.9623900000000090       -66.828531598867698        1.3064695170890890E-006
   3.9624000000000090       -66.828711622183633        1.2706672839849868E-006
   3.9624100000000091       -66.828891646382459        1.2356169640052410E-006
   3.9624200000000092       -66.829071671465073        1.2013106263826974E-006
   3.9624300000000092       -66.829251697430692        1.1677403322825815E-006
   3.9624400000000093       -66.829431724279274        1.1348977551062234E-006
   3.9624500000000094       -66.829611752010948        1.1027743106091965E-006
   3.9624600000000094       -66.829791780626479        1.0713614422286355E-006
   3.9624700000000095       -66.829971810124519        1.0406502906068482E-006
   3.9624800000000096       -66.830151840506218        1.0106322476666207E-006
   3.9624900000000096       -66.830331871771122        9.8129821705465292E-007
   3.9625000000000097       -66.830511903918918        9.5263878511590383E-007
   3.9625100000000097       -66.830691936949918        9.2464497155238712E-007
   3.9625200000000098       -66.830871970863996        8.9730749823028566E-007
   3.9625300000000099       -66.831052005661192        8.7061681256865120E-007
   3.9625400000000099       -66.831232041341593        8.4456338618939719E-007
   3.9625500000000100       -66.831412077904943        8.1913779907220408E-007
   3.9625600000000101       -66.831592115351711        7.9433023151646387E-007
   3.9625700000000101       -66.831772153681456        7.7013141552839670E-007
   3.9625800000000102       -66.831952192894065        7.4653131987290067E-007
   3.9625900000000103       -66.832132232989920        7.2352032483754180E-007
   3.9626000000000103       -66.832312273968441        7.0108853685487327E-007
   3.9626100000000104       -66.832492315830493        6.7922642665863009E-007
   3.9626200000000105       -66.832672358575579        6.5792386664635194E-007
   3.9626300000000105       -66.832852402203258        6.3717142754586098E-007
   3.9626400000000106       -66.833032446714142        6.1695912356718452E-007
   3.9626500000000107       -66.833212492107890        5.9727722641807668E-007
   3.9626600000000107       -66.833392538385041        5.7811597627595768E-007
   3.9626700000000108       -66.833572585544871        5.5946589205824182E-007
   3.9626800000000109       -66.833752633587480        5.4131695266986435E-007
   3.9626900000000109       -66.833932682513492        5.2365957251924533E-007
   3.9627000000000110       -66.834112732322026        5.0648422729911624E-007
   3.9627100000000111       -66.834292783013751        4.8978151112599733E-007
   3.9627200000000111       -66.834472834588368        4.7354175543764160E-007
   3.9627300000000112       -66.834652887045792        4.5775554835536525E-007
   3.9627400000000113       -66.834832940386278        4.4241348488386717E-007
   3.9627500000000113       -66.835012994609244        4.2750644883386241E-007
   3.9627600000000114       -66.835193049715599        4.1302518812476780E-007
   3.9627700000000114       -66.835373105704733        3.9896057857369271E-007
   3.9627800000000115       -66.835553162576588        3.8530329408518565E-007
   3.9627900000000116       -66.835733220331207        3.7204456604378322E-007
   3.9628000000000116       -66.835913278968931        3.5917570147721750E-007
   3.9628100000000117       -66.836093338489235        3.4668756761687308E-007
   3.9628200000000118       -66.836273398892601        3.3589637456662064E-007
   3.9628300000000118       -66.836453460178504        3.2409739965840362E-007
   3.9628400000000119       -66.836633522347057        3.1390560232639569E-007
   3.9628500000000120       -66.836813585398659        3.0276658639453541E-007
   3.9628600000000120       -66.836993649332896        2.9314884934332025E-007
   3.9628700000000121       -66.837173714150140        2.8264164875224651E-007
   3.9628800000000122       -66.837353779849906        2.7357312245198290E-007
   3.9628900000000122       -66.837533846432379        2.6475183726818824E-007
   3.9629000000000123       -66.837713913897829        2.5617283679520614E-007
   3.9629100000000124       -66.837893982245504        2.4783074858980569E-007
   3.9629200000000124       -66.838074051476312        2.3972103628070823E-007
   3.9629300000000125       -66.838254121589912        2.3183840536233902E-007
   3.9629400000000126       -66.838434192585837        2.2417809305193734E-007
   3.9629500000000126       -66.838614264464539        2.1673530229785834E-007
   3.9629600000000127       -66.838794337226219        2.0950495175734810E-007
   3.9629700000000128       -66.838974410870179        2.0248240166035694E-007
   3.9629800000000128       -66.839154485396818        1.9566307603765173E-007
