   3.9620000000000002       -66.902388708496161       0.36291811668664481     
   3.9620100000000003       -66.902529804993662       0.36187419463489290     
   3.9620200000000003       -66.902671093963136       0.36079961625474893     
   3.9620300000000004       -66.902812580880891       0.35969204991364490     
   3.9620400000000005       -66.902954271645740       0.35854885163552314     
   3.9620500000000005       -66.903096172631052       0.35736703533482689     
   3.9620600000000006       -66.903238290753109       0.35614317640386445     
   3.9620700000000006       -66.903380633549176       0.35487332682446149     
   3.9620800000000007       -66.903523209274553       0.35355292524076837     
   3.9620900000000008       -66.903666027021146       0.35217659480899394     
   3.9621000000000008       -66.903809096865487       0.35073799961121765     
   3.9621100000000009       -66.903952430055611       0.34922952806449548     
   3.9621200000000010       -66.904096039249950       0.34764195033088230     
   3.9621300000000010       -66.904239938835588       0.34596386374779781     
   3.9621400000000011       -66.904384145345148       0.34418094778355757     
   3.9621500000000012       -66.904528678042738       0.34227475894424852     
   3.9621600000000012       -66.904673559746513       0.34022094023409116     
   3.9621700000000013       -66.904818818053059       0.33798613742937639     
   3.9621800000000014       -66.904964487238018       0.33552261617449181     
   3.9621900000000014       -66.905110611419502       0.33275785335356378     
   3.9622000000000015       -66.905257250312147       0.32957179799029962     
   3.9622100000000016       -66.905404491185763       0.32573770415183317     
   3.9622200000000016       -66.905552479963333       0.32071131622690335     
   3.9622300000000017       -66.905701557224504       0.31190350835726927     
   3.9622400000000018       -66.906025931549067       0.13115146901251681     
   3.9622500000000018       -66.906199686657402       0.12836736662351575     
   3.9622600000000019       -66.906373675625403       0.12565115178712047     
   3.9622700000000020       -66.906547888756222       0.12299384493042149     
   3.9622800000000020       -66.906722317301984       0.12038772770877504     
   3.9622900000000021       -66.906896953321422       0.11782603989431777     
   3.9623000000000022       -66.907071789564796       0.11530282938797061     
   3.9623100000000022       -66.907246819381569       0.11281274207351522     
   3.9623200000000023       -66.907422036643695       0.11035093689830489     
   3.9623300000000024       -66.907597435681453       0.10791295915434769     
   3.9623400000000024       -66.907773011229850       0.10549469159298157     
   3.9623500000000025       -66.907948758385444       0.10309223748185108     
   3.9623600000000025       -66.908124672565634       0.10070190166174824     
   3.9623700000000026       -66.908300749476780        9.8320124233326076E-002
   3.9623800000000027       -66.908476985085827        9.5943425569772575E-002
   3.9623900000000027       -66.908653375595520        9.3568367940244812E-002
   3.9624000000000028       -66.908829917422281        9.1191504527985037E-002
   3.9624100000000029       -66.909006607178668        8.8809349338622987E-002
   3.9624200000000029       -66.909183441654150        8.6418316859309785E-002
   3.9624300000000030       -66.909360417803612        8.4014686703759153E-002
   3.9624400000000031       -66.909537532731079        8.1594512404683225E-002
   3.9624500000000031       -66.909714783680386        7.9153614492822058E-002
   3.9624600000000032       -66.909892168023873        7.6687449009789743E-002
   3.9624700000000033       -66.910069683251905        7.4191045615219497E-002
   3.9624800000000033       -66.910247326966186        7.1658888836803117E-002
   3.9624900000000034       -66.910425096870952        6.9084771173714740E-002
   3.9625000000000035       -66.910602990766094        6.6461612871830056E-002
   3.9625100000000035       -66.910781006541171        6.3781225953353074E-002
   3.9625200000000036       -66.910959142169830        6.1033975894879022E-002
   3.9625300000000037       -66.911137395704145        5.8208339339205516E-002
   3.9625400000000037       -66.911315765269350        5.5290276917284574E-002
   3.9625500000000038       -66.911494249061292        5.2262314497993088E-002
   3.9625600000000039       -66.911672845339396        4.9102128828380977E-002
   3.9625700000000039       -66.911851552425432        4.5780371615992944E-002
   3.9625800000000040       -66.912030368699291        4.2256994086308453E-002
   3.9625900000000041       -66.912209292595747        3.8474697199452658E-002
   3.9626000000000041       -66.912388322601132        3.4346274069859607E-002
   3.9626100000000042       -66.912567457250361        2.9726566427733969E-002
   3.9626200000000043       -66.912746695125449        2.4338345236556719E-002
   3.9626300000000043       -66.912926034845725        1.7501415726903186E-002
   3.9626400000000044       -66.913105474871202        6.0019394337712155E-003
   3.9626500000000044       -66.913284970827888        4.7181541442786745E-004
   3.9626600000000045       -66.913464467660518        2.2962396470194157E-004
   3.9626700000000046       -66.913643965345614        1.5170337688334237E-004
   3.9626800000000046       -66.913823463902588        1.1326916158393985E-004
   3.9626900000000047       -66.914002963335406        9.0366873654194421E-005
   3.9627000000000048       -66.914182463645133        7.5164996544252460E-005
   3.9627100000000048       -66.914361964832295        6.4348464101637859E-005
   3.9627200000000049       -66.914541466897049        5.6246910391595982E-005
   3.9627300000000050       -66.914720969839692        4.9959379477900377E-005
   3.9627400000000050       -66.914900473660310        4.4930990312552765E-005
   3.9627500000000051       -66.915079978358818        4.0826103923974344E-005
   3.9627600000000052       -66.915259483935316        3.7413305057132362E-005
   3.9627700000000052       -66.915438990389632        3.4514832272088590E-005
   3.9627800000000053       -66.915618497722079        3.2040892254799523E-005
   3.9627900000000054       -66.915798005932388        2.9902772687921225E-005
   3.9628000000000054       -66.915977515020927        2.8023183165008330E-005
   3.9628100000000055       -66.916157024987257        2.6372456832420472E-005
   3.9628200000000056       -66.916336535831732        2.4902444723788147E-005
   3.9628300000000056       -66.916516047553799        2.3584416851241130E-005
   3.9628400000000057       -66.916695560154253        2.2399086523424334E-005
   3.9628500000000058       -66.916875073632397        2.1327241796450142E-005
   3.9628600000000058       -66.917054587988758        2.0359001022300188E-005
   3.9628700000000059       -66.917234103222754        1.9466217598888374E-005
   3.9628800000000060       -66.917413619334937        1.8657917658056650E-005
   3.9628900000000060       -66.917593136325024        1.7906009291005869E-005
   3.9629000000000061       -66.917772654192902        1.7219632504339444E-005
   3.9629100000000061       -66.917952172938641        1.6580049098398792E-005
   3.9629200000000062       -66.918131692562312        1.5987220184217794E-005
   3.9629300000000063       -66.918311213063944        1.5431845298063962E-005
   3.9629400000000063       -66.918490734443381        1.4913900359643980E-005
   3.9629500000000064       -66.918670256700693        1.4433237948955716E-005
   3.9629600000000065       -66.918849779835924        1.3980536913482666E-005
   3.9629700000000065       -66.919029303848774        1.3555779119878153E-005
   3.9629800000000066       -66.919208828739585        1.3158873598687984E-005
   3.9629900000000067       -66.919388354508428        1.2780583714825747E-005
   3.9630000000000067       -66.919567881155032        1.2420976901165540E-005
   3.9630100000000068       -66.919747408679370        1.2089151447162530E-005
   3.9630200000000069       -66.919926937081442        1.1766657530702199E-005
   3.9630300000000069       -66.920106466361261        1.1462769041292731E-005
   3.9630400000000070       -66.920285996519013        1.1177391865476357E-005
   3.9630500000000071       -66.920465527554455        1.0901327206713773E-005
   3.9630600000000071       -66.920645059467560        1.0643749419614323E-005
   3.9630700000000072       -66.920824592258484        1.0395419927533567E-005
   3.9630800000000073       -66.921004125927055        1.0156387030058056E-005
   3.9630900000000073       -66.921183660473218        9.9357621337799653E-006
   3.9631000000000074       -66.921363195897229        9.7151841412420250E-006
   3.9631100000000075       -66.921542732199001        9.5039408514926062E-006
   3.9631200000000075       -66.921722269378364        9.3020128835163973E-006
   3.9631300000000076       -66.921901807435447        9.1093700305873906E-006
   3.9631400000000077       -66.922081346370135        8.9169061000908077E-006
   3.9631500000000077       -66.922260886182656        8.7338301004713514E-006
   3.9631600000000078       -66.922440426872782        8.5600768677066928E-006
   3.9631700000000079       -66.922619968440586        8.3865376202159805E-006
   3.9631800000000079       -66.922799510886065        8.2223625816150534E-006
   3.9631900000000080       -66.922979054208895        8.0584495859200213E-006
   3.9632000000000080       -66.923158598409501        7.9039061152326919E-006
   3.9632100000000081       -66.923338143487825        7.7496454330786922E-006
   3.9632200000000082       -66.923517689443557        7.5957677475961089E-006
   3.9632300000000082       -66.923697236277036        7.4513040144719156E-006
   3.9632400000000083       -66.923876783987822        7.3072083202063709E-006
   3.9632500000000084       -66.924056332576313        7.1635669263899375E-006
   3.9632600000000084       -66.924235882042296        7.0293191960502099E-006
   3.9632700000000085       -66.924415432385999        6.8954829379741511E-006
   3.9632800000000086       -66.924594983607008        6.7621309098135169E-006
   3.9632900000000086       -66.924774535705666        6.6293341759819197E-006
   3.9633000000000087       -66.924954088681559        6.4971621681249774E-006
   3.9633100000000088       -66.925133642535172        6.3743603459324545E-006
   3.9633200000000088       -66.925313197266277        6.2520984254928651E-006
   3.9633300000000089       -66.925492752874746        6.1304350701026538E-006
   3.9633400000000090       -66.925672309360678        6.0094276375840154E-006
   3.9633500000000090       -66.925851866724145        5.8891311448168908E-006
   3.9633600000000091       -66.926031424965132        5.7780523668634247E-006
   3.9633700000000092       -66.926210984083497        5.6675696250933312E-006
   3.9633800000000092       -66.926390544078870        5.5577293451107108E-006
   3.9633900000000093       -66.926570104952035        5.4485767588078699E-006
   3.9634000000000094       -66.926749666702591        5.3401554126105326E-006
   3.9634100000000094       -66.926929229330497        5.2325076476122945E-006
   3.9634200000000095       -66.927108792835966        5.1256740639290159E-006
   3.9634300000000096       -66.927288357218643        5.0196940817315294E-006
   3.9634400000000096       -66.927467922478385        4.9226070514644489E-006
   3.9634500000000097       -66.927647488615847        4.8262197983225024E-006
   3.9634600000000098       -66.927827055630701        4.7305650826186723E-006
   3.9634700000000098       -66.928006623522762        4.6356744522283817E-006
   3.9634800000000099       -66.928186192292088        4.5415786897873289E-006
   3.9634900000000099       -66.928365761938736        4.4483068076435943E-006
   3.9635000000000100       -66.928545332462690        4.3558871995289889E-006
   3.9635100000000101       -66.928724903863767        4.2643465038387047E-006
   3.9635200000000101       -66.928904476142364        4.1737106478330803E-006
   3.9635300000000102       -66.929084049298012        4.0840041006055356E-006
   3.9635400000000103       -66.929263623330939        4.0025691486385755E-006
   3.9635500000000103       -66.929443198241231        3.9218804682346802E-006
   3.9635600000000104       -66.929622774028530        3.8419587352252664E-006
   3.9635700000000105       -66.929802350693464        3.7628237639086848E-006
   3.9635800000000105       -66.929981928235335        3.6844941294263598E-006
   3.9635900000000106       -66.930161506654414        3.6069881289938857E-006
   3.9636000000000107       -66.930341085950801        3.5303221797751880E-006
   3.9636100000000107       -66.930520666123925        3.4545130490245177E-006
   3.9636200000000108       -66.930700247174585        3.3795755163268382E-006
   3.9636300000000109       -66.930879829102437        3.3055240931852601E-006
   3.9636400000000109       -66.931059411907512        3.2323717442661604E-006
   3.9636500000000110       -66.931238995589567        3.1601310854038425E-006
   3.9636600000000111       -66.931418580148659        3.0888138583910298E-006
   3.9636700000000111       -66.931598165584944        3.0184308004906533E-006
   3.9636800000000112       -66.931777751898565        2.9552352710885779E-006
   3.9636900000000113       -66.931957339088882        2.8927745554518935E-006
   3.9637000000000113       -66.932136927156407        2.8310579386718140E-006
   3.9637100000000114       -66.932316516101054        2.7700945866756164E-006
   3.9637200000000115       -66.932496105922752        2.7098927075641654E-006
   3.9637300000000115       -66.932675696621544        2.6504599996979294E-006
   3.9637400000000116       -66.932855288197587        2.5918033833930800E-006
   3.9637500000000117       -66.933034880650197        2.5339295433024489E-006
   3.9637600000000117       -66.933214473980129        2.4768442335639427E-006
   3.9637700000000118       -66.933394068186914        2.4205525646821733E-006
   3.9637800000000118       -66.933573663271062        2.3650593815223906E-006
   3.9637900000000119       -66.933753259232063        2.3103685875547342E-006
   3.9638000000000120       -66.933932856069589        2.2564834682992085E-006
   3.9638100000000120       -66.934112453784508        2.2034068573410317E-006
   3.9638200000000121       -66.934292052376136        2.1511414043384747E-006
   3.9638300000000122       -66.934471651845030        2.0996886661202772E-006
   3.9638400000000122       -66.934651252190747        2.0490499134477127E-006
   3.9638500000000123       -66.934830853413288        1.9992255565851971E-006
   3.9638600000000124       -66.935010455512966        1.9502162361314155E-006
   3.9638700000000124       -66.935190058489241        1.9020212208194682E-006
   3.9638800000000125       -66.935369662342580        1.8546400774403320E-006
   3.9638900000000126       -66.935549267072602        1.8080714505597228E-006
   3.9639000000000126       -66.935728872679690        1.7623136857232897E-006
   3.9639100000000127       -66.935908479163714        1.7173646362778072E-006
   3.9639200000000128       -66.936088086524620        1.6732216357636294E-006
   3.9639300000000128       -66.936267694762279        1.6341633265840965E-006
   3.9639400000000129       -66.936447303876548        1.5957247000801071E-006
   3.9639500000000130       -66.936626913867613        1.5579052303760221E-006
   3.9639600000000130       -66.936806524735871        1.5207036595151398E-006
   3.9639700000000131       -66.936986136480670        1.4841187471562971E-006
   3.9639800000000132       -66.937165749102505        1.4481490000495256E-006
   3.9639900000000132       -66.937345362601064        1.4127922693211541E-006
   3.9640000000000133       -66.937524976976434        1.3780467328731543E-006
   3.9640100000000134       -66.937704592228101        1.3439098400791494E-006
   3.9640200000000134       -66.937884208356778        1.3103788883602381E-006
   3.9640300000000135       -66.938063825362320        1.2774507455552235E-006
   3.9640400000000136       -66.938243443244602        1.2451221237756254E-006
   3.9640500000000136       -66.938423062003437        1.2133895335164624E-006
   3.9640600000000137       -66.938602681638955        1.1822492649304905E-006
   3.9640700000000137       -66.938782302151438        1.1516972342473508E-006
   3.9640800000000138       -66.938961923540376        1.1217294176487276E-006
   3.9640900000000139       -66.939141545806166        1.0923414366370565E-006
   3.9641000000000139       -66.939321168948453        1.0635289608984522E-006
   3.9641100000000140       -66.939500792967266        1.0352868318186381E-006
   3.9641200000000141       -66.939680417862974        1.0076100154983909E-006
   3.9641300000000141       -66.939860043635235        9.8049394329594963E-007
   3.9641400000000142       -66.940039670284250        9.5393293501426046E-007
   3.9641500000000143       -66.940219297809620        9.2792169289109461E-007
   3.9641600000000143       -66.940398926211842        9.0245461895991730E-007
   3.9641700000000144       -66.940578555490546        8.7752583236936721E-007
   3.9641800000000145       -66.940758185645890        8.5312942081176380E-007
   3.9641900000000145       -66.940937816677859        8.2925943956091430E-007
   3.9642000000000146       -66.941117448586041        8.0590984471070237E-007
   3.9642100000000147       -66.941297081371033        7.8307446075657572E-007
   3.9642200000000147       -66.941476715032536        7.6074685077346749E-007
   3.9642300000000148       -66.941656349570707        7.3892070336552729E-007
   3.9642400000000149       -66.941835984985104        7.1758954045542112E-007
   3.9642500000000149       -66.942015621275971        6.9674648413749673E-007
   3.9642600000000150       -66.942195258443491        6.7638514988921372E-007
   3.9642700000000151       -66.942374896487578        6.5649864700034755E-007
   3.9642800000000151       -66.942554535408291        6.3708011022178823E-007
   3.9642900000000152       -66.942734175204919        6.1812282351840031E-007
   3.9643000000000153       -66.942913815878555        5.9961989122096304E-007
   3.9643100000000153       -66.943093457428304        5.8156460032895063E-007
   3.9643200000000154       -66.943273099854622        5.6394978339054569E-007
   3.9643300000000155       -66.943452743157408        5.4676827376809456E-007
   3.9643400000000155       -66.943632387336748        5.3001319015126092E-007
   3.9643500000000156       -66.943812032392131        5.1367758306201472E-007
   3.9643600000000156       -66.943991678323968        4.9775431191593589E-007
   3.9643700000000157       -66.944171325132331        4.8223639496451176E-007
   3.9643800000000158       -66.944350972816991        4.6711695119346547E-007
   3.9643900000000158       -66.944530621378249        4.5238864883797209E-007
   3.9644000000000159       -66.944710270815634        4.3804455263085629E-007
   3.9644100000000160       -66.944889921129587        4.2407753834498391E-007
   3.9644200000000160       -66.945069572319326        4.1048051217333165E-007
   3.9644300000000161       -66.945249224385762        3.9724687983522244E-007
   3.9644400000000162       -66.945428877328339        3.8436967423708762E-007
   3.9644500000000162       -66.945608531147528        3.7184187218208820E-007
   3.9644600000000163       -66.945788185843085        3.5965657733486961E-007
   3.9644700000000164       -66.945967841414486        3.4780679884309035E-007
   3.9644800000000164       -66.946147497862569        3.3628601732912006E-007
   3.9644900000000165       -66.946327155186580        3.2631271107419479E-007
   3.9645000000000166       -66.946506813387046        3.1538843507187647E-007
   3.9645100000000166       -66.946686472463441        3.0593522567142389E-007
   3.9645200000000167       -66.946866132416332        2.9558491461874797E-007
   3.9645300000000168       -66.947045793245337        2.8663211700437802E-007
   3.9645400000000168       -66.947225454950427        2.7683373023575558E-007
   3.9645500000000169       -66.947405117532114        2.6836155223956365E-007
   3.9645600000000170       -66.947584780989416        2.6010627111420587E-007
   3.9645700000000170       -66.947764445323187        2.5206424673444400E-007
   3.9645800000000171       -66.947944110532788        2.4423093332911111E-007
   3.9645900000000172       -66.948123776619397        2.3660265961270946E-007
   3.9646000000000172       -66.948303443581480        2.2917517224681680E-007
   3.9646100000000173       -66.948483111420018        2.2194463415263024E-007
   3.9646200000000174       -66.948662780134157        2.1490732105000632E-007
   3.9646300000000174       -66.948842449724808        2.0805924701624198E-007
   3.9646400000000175       -66.949022120191302        2.0139663388836956E-007
   3.9646500000000175       -66.949201791534108        1.9491572948264016E-007
   3.9646600000000176       -66.949381463753170        1.8861280263552752E-007
   3.9646700000000177       -66.949561136847990        1.8248393833057244E-007
   3.9646800000000177       -66.949740810818938        1.7652515434581537E-007
   3.9646900000000178       -66.949920485666112        1.7073329017236460E-007
   3.9647000000000179       -66.950100161388946        1.6510473188624530E-007
   3.9647100000000179       -66.950279837988006        1.5963575202467459E-007
   3.9647200000000180       -66.950459515463123        1.5432281430527439E-007
   3.9647300000000181       -66.950639193814368        1.4916228800269474E-007
   3.9647400000000181       -66.950818873041257        1.4415095458038726E-007
   3.9647500000000182       -66.950998553144487        1.3928541601574787E-007
   3.9647600000000183       -66.951178234123589        1.3456199628632723E-007
   3.9647700000000183       -66.951357915978605        1.2997769949230076E-007
   3.9647800000000184       -66.951537598709336        1.2552915951147270E-007
   3.9647900000000185       -66.951717282316281        1.2121325306443018E-007
   3.9648000000000185       -66.951896966799268        1.1702661003217447E-007
   3.9648100000000186       -66.952076652158013        1.1296624606120058E-007
   3.9648200000000187       -66.952256338392772        1.0902897643975488E-007
   3.9648300000000187       -66.952436025503289        1.0521187121526054E-007
   3.9648400000000188       -66.952615713489763        1.0151189311358166E-007
   3.9648500000000189       -66.952795402352066        9.7926066144893298E-008
   3.9648600000000189       -66.952975092090284        9.4451569380519615E-008
   3.9648700000000190       -66.953154782704445        9.1085258446810258E-008
   3.9648800000000191       -66.953334474194222        8.7824781817384220E-008
   3.9648900000000191       -66.953514166560112        8.4667168757472197E-008
   3.9649000000000192       -66.953693859801632        8.1609681087021116E-008
   3.9649100000000193       -66.953873553919024        7.8649959878163145E-008
   3.9649200000000193       -66.954053248912388        7.5785117440811220E-008
   3.9649300000000194       -66.954232944781239        7.3012505671006992E-008
   3.9649400000000194       -66.954412641526019        7.0330044676936154E-008
   3.9649500000000195       -66.954592339146288        6.7735031435608065E-008
   3.9649600000000196       -66.954772037642911        6.5225239061679943E-008
   3.9649700000000196       -66.954951737014994        6.2798027444799231E-008
   3.9649800000000197       -66.955131437262722        6.0451213442410293E-008
   3.9649900000000198       -66.955311138386108        5.8182920407527185E-008
   3.9650000000000198       -66.955490840385522        5.5990613034850867E-008
   3.9650100000000199       -66.955670543260496        5.3872081610487989E-008
   3.9650200000000200       -66.955850247011441        5.1825411295780555E-008
   3.9650300000000200       -66.956029951637476        4.9848252488734111E-008
   3.9650400000000201       -66.956209657139723        4.7938830904925567E-008
   3.9650500000000202       -66.956389363517303        4.6094827658530825E-008
   3.9650600000000202       -66.956569070770684        4.4314567497020598E-008
   3.9650700000000203       -66.956748778899751        4.2595987477985396E-008
   3.9650800000000204       -66.956928487904236        4.0937427299899319E-008
   3.9650900000000204       -66.957108197784521        3.9337010315776411E-008
   3.9651000000000205       -66.957287908540522        3.7792987480263683E-008
   3.9651100000000206       -66.957467620171954        3.6303398139499642E-008
   3.9651200000000206       -66.957647332679386        3.4866981746262127E-008
   3.9651300000000207       -66.957827046061979        3.3482020267427970E-008
   3.9651400000000208       -66.958006760320345        3.2146753407384189E-008
   3.9651500000000208       -66.958186475454198        3.0859680736720442E-008
   3.9651600000000209       -66.958366191463710        2.9619028267073116E-008
   3.9651700000000210       -66.958545908348711        2.8423762824895487E-008
   3.9651800000000210       -66.958725626108858        2.7272199683755122E-008
   3.9651900000000211       -66.958905344744892        2.6162968532380166E-008
   3.9652000000000212       -66.959085064256783        2.5095026797335624E-008
   3.9652100000000212       -66.959264784643565        2.4066628023788894E-008
   3.9652200000000213       -66.959444505906220        2.3076614841244236E-008
   3.9652300000000213       -66.959624228044078        2.2123560169025797E-008
   3.9652400000000214       -66.959803951057879        2.1206438235073694E-008
   3.9652500000000215       -66.959983674946670        2.0324044669450814E-008
   3.9652600000000215       -66.960163399711206        1.9475101087351732E-008
   3.9652700000000216       -66.960343125350548        1.8658554405230159E-008
   3.9652800000000217       -66.960522851866202        1.7873267014560195E-008
   3.9652900000000217       -66.960702579256747        1.7118367538297246E-008
   3.9653000000000218       -66.960882307522766        1.6392668037804963E-008
   3.9653100000000219       -66.961062036664032        1.5695018025970359E-008
   3.9653200000000219       -66.961241766680743        1.5024614145412823E-008
   3.9653300000000220       -66.961421497573099        1.4380308647569487E-008
   3.9653400000000221       -66.961601229340886        1.3761474330446314E-008
   3.9653500000000221       -66.961780961983848        1.3167071211128700E-008
   3.9653600000000222       -66.961960695502242        1.2596266548333309E-008
   3.9653700000000223       -66.962140429895655        1.2048065582230075E-008
   3.9653800000000223       -66.962320165164826        1.1522094907808386E-008
   3.9653900000000224       -66.962499901309187        1.1017271687544886E-008
   3.9654000000000225       -66.962679638328680        1.0532822540080625E-008
   3.9654100000000225       -66.962859376223562        1.0068078445020964E-008
   3.9654200000000226       -66.963039114993435        9.6220026761055042E-009
   3.9654300000000227       -66.963218854638711        9.1939712139795428E-009
   3.9654400000000227       -66.963398595159390        8.7837286333325437E-009
   3.9654500000000228       -66.963578336555159        8.3903336130693642E-009
   3.9654600000000229       -66.963758078826771        8.0131500694117595E-009
   3.9654700000000229       -66.963937821973204        7.6516732949727384E-009
   3.9654800000000230       -66.964117565994712        7.3053558017714222E-009
   3.9654900000000231       -66.964297310891368        6.9734569230206489E-009
   3.9655000000000231       -66.964477056663384        6.6555810492493111E-009
   3.9655100000000232       -66.964656803310703        6.3510328107696523E-009
   3.9655200000000232       -66.964836550833141        6.0595668482932297E-009
   3.9655300000000233       -66.965016299230555        5.7803245893476669E-009
   3.9655400000000234       -66.965196048503032        5.5130750335289731E-009
   3.9655500000000234       -66.965375798650769        5.2572356838235619E-009
   3.9655600000000235       -66.965555549674207        5.0124960478588792E-009
   3.9655700000000236       -66.965735301572096        4.7783531205899026E-009
   3.9655800000000236       -66.965915054345388        4.5544308324707572E-009
   3.9655900000000237       -66.966094807993713        4.3402302492741756E-009
   3.9656000000000238       -66.966274562517370        4.1352351913085767E-009
   3.9656100000000238       -66.966454317915947        3.9394164227009769E-009
   3.9656200000000239       -66.966634074189685        3.7523723387759373E-009
   3.9656300000000240       -66.966813831338527        3.5734934270929366E-009
   3.9656400000000240       -66.966993589362005        3.4023054003758566E-009
   3.9656500000000241       -66.967173348260715        3.2388234316726994E-009
   3.9656600000000242       -66.967353108034644        3.0828162985348704E-009
   3.9656700000000242       -66.967532868683421        2.9337285933905832E-009
   3.9656800000000243       -66.967712630206918        2.7914147289938760E-009
   3.9656900000000244       -66.967892392605762        2.6555300921179046E-009
   3.9657000000000244       -66.968072155879454        2.5259672131738853E-009
   3.9657100000000245       -66.968251920028493        2.4022358176741441E-009
   3.9657200000000246       -66.968431685052465        2.2839660533217434E-009
   3.9657300000000246       -66.968611450951187        2.1713217150202504E-009
   3.9657400000000247       -66.968791217724529        2.0638373972777422E-009
   3.9657500000000248       -66.968970985373176        1.9609615412955841E-009
   3.9657600000000248       -66.969150753896557        1.8631782783273820E-009
   3.9657700000000249       -66.969330523294929        1.7697860214364407E-009
   3.9657800000000250       -66.969510293568220        1.6808100837077216E-009
   3.9657900000000250       -66.969690064716659        1.5962339598255919E-009
   3.9658000000000251       -66.969869836739790        1.5156074913610003E-009
   3.9658100000000251       -66.970049609637883        1.4387715463470840E-009
   3.9658200000000252       -66.970229383410683        1.3654863166105240E-009
   3.9658300000000253       -66.970409158058288        1.2956795636398510E-009
   3.9658400000000253       -66.970588933580729        1.2294398092175622E-009
   3.9658500000000254       -66.970768709978103        1.1662515397858897E-009
   3.9658600000000255       -66.970948487250226        1.1061085380958957E-009
   3.9658700000000255       -66.971128265397283        1.0487032723697591E-009
   3.9658800000000256       -66.971308044418990        9.9411804714103868E-010
   3.9658900000000257       -66.971487824315588        9.4223591891780712E-010
   3.9659000000000257       -66.971667605086935        8.9276245655393416E-010
   3.9659100000000258       -66.971847386733316        8.4565932034763591E-010
   3.9659200000000259       -66.972027169254062        8.0101614230443374E-010
   3.9659300000000259       -66.972206952649969        7.5865506469578270E-010
   3.9659400000000260       -66.972386736920200        7.1830245455354691E-010
   3.9659500000000261       -66.972566522065136        6.8003558340024028E-010
   3.9659600000000261       -66.972746308085206        6.4365490715090345E-010
   3.9659700000000262       -66.972926094979641        6.0920031981955469E-010
   3.9659800000000263       -66.973105882748897        5.7623276520738876E-010
   3.9659900000000263       -66.973285671392759        5.4507827880930415E-010
   3.9660000000000264       -66.973465460911413        5.1547262754543987E-010
   3.9660100000000265       -66.973645251304731        4.8722973803686876E-010
   3.9660200000000265       -66.973825042572642        4.6050792808690250E-010
   3.9660300000000266       -66.974004834715103        4.3514443900013095E-010
   3.9660400000000267       -66.974184627732697        4.1127146133135284E-010
   3.9660500000000267       -66.974364421624358        3.8853690635202537E-010
   3.9660600000000268       -66.974544216390669        3.6689865960208107E-010
   3.9660700000000269       -66.974724012031743        3.4615406837209167E-010
   3.9660800000000269       -66.974903808547410        3.2669185875041268E-010
   3.9660900000000270       -66.975083605937698        3.0823099628207729E-010
   3.9661000000000270       -66.975263404202252        2.9072277918373857E-010
   3.9661100000000271       -66.975443203341669        2.7385804735047259E-010
   3.9661200000000272       -66.975623003355551        2.5779778312085000E-010
   3.9661300000000272       -66.975802804243727        2.4275559340480868E-010
   3.9661400000000273       -66.975982606006895        2.2840477657363559E-010
   3.9661500000000274       -66.976162408644242        2.1505345652409838E-010
   3.9661600000000274       -66.976342212156212        2.0244443158882555E-010
   3.9661700000000275       -66.976522016542674        1.9066807392202159E-010
   3.9661800000000276       -66.976701821803758        1.7937984431171117E-010
   3.9661900000000276       -66.976881627939036        1.6856775234922830E-010
   3.9662000000000277       -66.977061434948794        1.5839130007577751E-010
   3.9662100000000278       -66.977241242833401        1.4882902317954935E-010
   3.9662200000000278       -66.977421051592131        1.3988765701355987E-010
   3.9662300000000279       -66.977600861225184        1.3117447868656504E-010
   3.9662400000000280       -66.977780671732901        1.2312106889567076E-010
   3.9662500000000280       -66.977960483114927        1.1544824355761800E-010
   3.9662600000000281       -66.978140295371574        1.0809952932788747E-010
   3.9662700000000282       -66.978320108502359        1.0115752679951129E-010
   3.9662800000000282       -66.978499922507766        9.4567242925336359E-011
   3.9662900000000283       -66.978679737387139        8.8296777297121779E-011
   3.9663000000000284       -66.978859553141163        8.2518214483684460E-011
   3.9663100000000284       -66.979039369769652        7.6876801221222494E-011
   3.9663200000000285       -66.979219187271994        7.1472975686030324E-011
   3.9663300000000286       -66.979399005649228        6.6472605197986923E-011
   3.9663400000000286       -66.979578824900400        6.1791534851825717E-011
   3.9663500000000287       -66.979758645025839        5.7353751377794047E-011
   3.9663600000000288       -66.979938466026141        5.3212989570283753E-011
   3.9663700000000288       -66.980118287900041        4.9311073742804488E-011
   3.9663800000000289       -66.980298110648505        4.5769684338855164E-011
   3.9663900000000289       -66.980477934271079        4.2364630322329809E-011
   3.9664000000000290       -66.980657758768416        3.9428756556011045E-011
   3.9664100000000291       -66.980837584139437        3.6445069184765089E-011
   3.9664200000000291       -66.981017410385135        3.3778239464747152E-011
   3.9664300000000292       -66.981197237504873        3.1203706285509725E-011
   3.9664400000000293       -66.981377065498265        2.8780237452489626E-011
   3.9664500000000293       -66.981556894366832        2.6447880922357097E-011
   3.9664600000000294       -66.981736724109112        2.4167334800040408E-011
   3.9664700000000295       -66.981916554725743        2.2072862056650895E-011
   3.9664800000000295       -66.982096386216313        2.0379179825151066E-011
   3.9664900000000296       -66.982276218581191        1.8452720832821495E-011
   3.9665000000000297       -66.982456051819995        1.6732541278467277E-011
   3.9665100000000297       -66.982635885933291        1.4919991168464246E-011
   3.9665200000000298       -66.982815720920286        1.3310907931440852E-011
   3.9665300000000299       -66.982995556781646        1.1797821978613380E-011
   3.9665400000000299       -66.983175393517215        1.0303535802336228E-011
   3.9665500000000300       -66.983355231127362        8.9369252738909690E-012
   3.9665600000000301       -66.983535069610483        7.7033194637958023E-012
   3.9665700000000301       -66.983714908968324        6.5085714595625177E-012
   3.9665800000000302       -66.983894749200061        5.5317232276289969E-012
   3.9665900000000303       -66.984074590305937        4.5793739171055376E-012
   3.9666000000000303       -66.984254432286008        3.7810495475317412E-012
   3.9666100000000304       -66.984434275139691        3.0232853257909178E-012
   3.9666200000000305       -66.984614118867768        2.2544188738038429E-012
   3.9666300000000305       -66.984793963469841        1.3836339481561784E-012
   3.9666400000000306       -66.984973808945853        6.8226905606631283E-013
   3.9666500000000307       -66.985153655295605        6.5059069243034173E-014
   3.9666600000000307       -66.985333502519850        4.8487140228796000E-013
   3.9666700000000308       -66.985513350617794        1.0132635471412261E-012
   3.9666800000000308       -66.985693199589576        1.6190012293767115E-012
   3.9666900000000309       -66.985873049435597        2.1695238198541724E-012
   3.9667000000000310       -66.986052900155443        2.5696481979290789E-012
   3.9667100000000310       -66.986232751749029        3.0776862539975505E-012
   3.9667200000000311       -66.986412604217023        3.4976466167790932E-012
   3.9667300000000312       -66.986592457558430        3.5755102582394707E-012
   3.9667400000000312       -66.986772311774033        3.7664686184749980E-012
   3.9667500000000313       -66.986952166863347        4.0947245594225024E-012
   3.9667600000000314       -66.987132022826444        4.3520002416623056E-012
   3.9667700000000314       -66.987311879663665        4.5852951065702046E-012
   3.9667800000000315       -66.987491737374498        4.9061495606868748E-012
   3.9667900000000316       -66.987671595959299        5.1366318605990573E-012
   3.9668000000000316       -66.987851455417953        5.2862899243185284E-012
   3.9668100000000317       -66.988031315750376        5.4762860912660472E-012
   3.9668200000000318       -66.988211176956824        5.7400010670486763E-012
   3.9668300000000318       -66.988391039036955        5.9769966753719928E-012
   3.9668400000000319       -66.988570901990698        6.2384912051053716E-012
   3.9668500000000320       -66.988750765818324        6.3964389340753769E-012
   3.9668600000000320       -66.988930630519988        6.7164052097723470E-012
   3.9668700000000321       -66.989110496094995        7.0070615976192130E-012
   3.9668800000000322       -66.989290362543827        7.0826307781620317E-012
   3.9668900000000322       -66.989470229866640        7.5148776090827596E-012
   3.9669000000000323       -66.989650098063294        7.8497948881780157E-012
   3.9669100000000324       -66.989829967133332        7.9900530636223266E-012
   3.9669200000000324       -66.990009837077395        8.0930077454392322E-012
   3.9669300000000325       -66.990189707894913        8.4303675151886637E-012
   3.9669400000000326       -66.990369579586115        8.6539664323481702E-012
   3.9669500000000326       -66.990549452151058        8.6617379935205463E-012
   3.9669600000000327       -66.990729325589726        8.4989792981104983E-012
   3.9669700000000327       -66.990909199902077        8.5593754306501069E-012
   3.9669800000000328       -66.991089075088055        8.4915778112796634E-012
