   3.7999999999999998       -65.935732985346903       0.79513926477316055     
   3.8009999999999997       -65.940579357291313       0.79439771373724399     
   3.8019999999999996       -65.945442955944870       0.79365132781253622     
   3.8029999999999995       -65.950323891132598       0.79290005286651988     
   3.8039999999999994       -65.955222273894606       0.79214383340658101     
   3.8049999999999993       -65.960138216508611       0.79138261297704016     
   3.8059999999999992       -65.965071832510731       0.79061633413525800     
   3.8069999999999991       -65.970023236715491       0.78984493842997139     
   3.8079999999999989       -65.974992545240042       0.78906836443477324     
   3.8089999999999988       -65.979979875524890       0.78828655536531034     
   3.8099999999999987       -65.984985346359622       0.78749944776375880     
   3.8109999999999986       -65.990009077904304       0.78670697888781238     
   3.8119999999999985       -65.995051191715120       0.78590908485580302     
   3.8129999999999984       -66.000111810768388       0.78510570061880369     
   3.8139999999999983       -66.005191059487956       0.78429675992936954     
   3.8149999999999982       -66.010289063769548       0.78348219531311913     
   3.8159999999999981       -66.015405951009299       0.78266193803673445     
   3.8169999999999980       -66.020541850129277       0.78183591807623687     
   3.8179999999999978       -66.025696891607566       0.78100406408237433     
   3.8189999999999977       -66.030871207507701       0.78016630334674775     
   3.8199999999999976       -66.036064931504740       0.77932255978109055     
   3.8209999999999975       -66.041278198921901       0.77847276168847357     
   3.8219999999999974       -66.046511146754924       0.77761683020565397     
   3.8229999999999973       -66.051763913709578       0.77675468681958326     
   3.8239999999999972       -66.057036640232866       0.77588625146732892     
   3.8249999999999971       -66.062329468546409       0.77501144249510834     
   3.8259999999999970       -66.067642542680076       0.77413017661454420     
   3.8269999999999968       -66.072976008512271       0.77324236885520614     
   3.8279999999999967       -66.078330013800112       0.77234793252190725     
   3.8289999999999966       -66.083704708222612       0.77144677914304971     
   3.8299999999999965       -66.089100243417292       0.77053881842156369     
   3.8309999999999964       -66.094516773019308       0.76962395606940837     
   3.8319999999999963       -66.099954452703287       0.76870210205438738     
   3.8329999999999962       -66.105413440225320       0.76777315831571247     
   3.8339999999999961       -66.110893895465892       0.76683702671796306     
   3.8349999999999960       -66.116395980474849       0.76589360702021381     
   3.8359999999999959       -66.121919859518940       0.76494279681422006     
   3.8369999999999957       -66.127465699124059       0.76398449146380243     
   3.8379999999999956       -66.133033668128789       0.76301858403286260     
   3.8389999999999955       -66.138623937731765       0.76204496521928655     
   3.8399999999999954       -66.144236681543944       0.76106352113974129     
   3.8409999999999953       -66.149872075641468       0.76007414164853182     
   3.8419999999999952       -66.155530298620988       0.75907670791273929     
   3.8429999999999951       -66.161211531655240       0.75807110040846926     
   3.8439999999999950       -66.166915958551130       0.75705719685421669     
   3.8449999999999949       -66.172643765809781       0.75603487212345666     
   3.8459999999999948       -66.178395142688302       0.75500399815220842     
   3.8469999999999946       -66.184170281263292       0.75396444384526562     
   3.8479999999999945       -66.189969376497984       0.75291607497608004     
   3.8489999999999944       -66.195792626307622       0.75185875172205929     
   3.8499999999999943       -66.201640231631160       0.75079233780442500     
   3.8509999999999942       -66.207512396503603       0.74971668679262782     
   3.8519999999999941       -66.213409328130211       0.74863165086184480     
   3.8529999999999940       -66.219331236965019       0.74753707849546014     
   3.8539999999999939       -66.225278336789856       0.74643281435732156     
   3.8549999999999938       -66.231250844796520       0.74531869916110993     
   3.8559999999999937       -66.237248981672082       0.74419456714208054     
   3.8569999999999935       -66.243272971688668       0.74306025524432939     
   3.8579999999999934       -66.249323042795140       0.74191558928186174     
   3.8589999999999933       -66.255399426708280       0.74076039271246008     
   3.8599999999999932       -66.261502359016689       0.73959448428112984     
   3.8609999999999931       -66.267632079276993       0.73841767785224077     
   3.8619999999999930       -66.273788831121124       0.73722978222465330     
   3.8629999999999929       -66.279972862368098       0.73603059835348883     
   3.8639999999999928       -66.286184425133072       0.73481992924840511     
   3.8649999999999927       -66.292423775948805       0.73359756497883044     
   3.8659999999999926       -66.298691175884528       0.73236329208756201     
   3.8669999999999924       -66.304986890673874       0.73111689100610067     
   3.8679999999999923       -66.311311190846695       0.72985813334730310     
   3.8689999999999922       -66.317664351864977       0.72858679124966319     
   3.8699999999999921       -66.324046654265217       0.72730262307955751     
   3.8709999999999920       -66.330458383806288       0.72600538227721056     
   3.8719999999999919       -66.336899831623683       0.72469481483424725     
   3.8729999999999918       -66.343371294388277       0.72337065898328479     
   3.8739999999999917       -66.349873074472157       0.72203264212716378     
   3.8749999999999916       -66.356405480125986       0.72068049115741994     
   3.8759999999999915       -66.362968825655187       0.71931391652527787     
   3.8769999999999913       -66.369563431611041       0.71793262196820518     
   3.8779999999999912       -66.376189624986054       0.71653629904193827     
   3.8789999999999911       -66.382847739421067       0.71512463677704174     
   3.8799999999999910       -66.389538115416968       0.71369730652636287     
   3.8809999999999909       -66.396261100560096       0.71225397102259491     
   3.8819999999999908       -66.403017049756983       0.71079428154800828     
   3.8829999999999907       -66.409806325476438       0.70931787451182471     
   3.8839999999999906       -66.416629298008175       0.70782438206934561     
   3.8849999999999905       -66.423486345728321       0.70631341523599112     
   3.8859999999999904       -66.430377855383469       0.70478457379180082     
   3.8869999999999902       -66.437304222381215       0.70323744004659339     
   3.8879999999999901       -66.444265851101775       0.70167158968475096     
   3.8889999999999900       -66.451263155220232       0.70008657418606834     
   3.8899999999999899       -66.458296558046712       0.69848192803977849     
   3.8909999999999898       -66.465366492884556       0.69685717618559873     
   3.8919999999999897       -66.472473403405772       0.69521181718945624     
   3.8929999999999896       -66.479617744044845       0.69354533251424100     
   3.8939999999999895       -66.486799980417885       0.69185717977281813     
   3.8949999999999894       -66.494020589758321       0.69014680388664740     
   3.8959999999999892       -66.501280061381195       0.68841361806575130     
   3.8969999999999891       -66.508578897170125       0.68665701073292806     
   3.8979999999999890       -66.515917612093787       0.68487635383883649     
   3.8989999999999889       -66.523296734749422       0.68307098035280378     
   3.8999999999999888       -66.530716807939541       0.68124020557183351     
   3.9009999999999887       -66.538178389282606       0.67938330626572874     
   3.9019999999999886       -66.545682051856986       0.67749952610152597     
   3.9029999999999885       -66.553228384891256       0.67558808328840414     
   3.9039999999999884       -66.560817994486513       0.67364814778598825     
   3.9049999999999883       -66.568451504394787       0.67167886181536751     
   3.9059999999999881       -66.576129556835852       0.66967931791790158     
   3.9069999999999880       -66.583852813380773       0.66764856336141543     
   3.9079999999999879       -66.591621955879631       0.66558560791198518     
   3.9089999999999878       -66.599437687459755       0.66348939789141292     
   3.9099999999999877       -66.607300733591273       0.66135883822644070     
   3.9109999999999876       -66.615211843224955       0.65919276288924833     
   3.9119999999999875       -66.623171790012620       0.65698995653939751     
   3.9129999999999874       -66.631181373611412       0.65474912362864346     
   3.9139999999999873       -66.639241421092990       0.65246890676199976     
   3.9149999999999872       -66.647352788448288       0.65014787029236387     
   3.9159999999999870       -66.655516362216076       0.64778448556889912     
   3.9169999999999869       -66.663733061233089       0.64537714295446158     
   3.9179999999999868       -66.672003838528980       0.64292413449430685     
   3.9189999999999867       -66.680329683371440       0.64042363656860068     
   3.9199999999999866       -66.688711623486839       0.63787371970051499     
   3.9209999999999865       -66.697150727466649       0.63527232542393142     
   3.9219999999999864       -66.705648107385755       0.63261726146443509     
   3.9229999999999863       -66.714204921656446       0.62990617607310684     
   3.9239999999999862       -66.722822378141245       0.62713656348767766     
   3.9249999999999861       -66.731501737558645       0.62430573473526707     
   3.9259999999999859       -66.740244317219179       0.62141080304712148     
   3.9269999999999858       -66.749051495129820       0.61844866359457218     
   3.9279999999999857       -66.757924714511120       0.61541597054292263     
   3.9289999999999856       -66.766865488791353       0.61230911096675633     
   3.9299999999999855       -66.775875407133029       0.60912417152512355     
   3.9309999999999854       -66.784956140571254       0.60585691849922796     
   3.9319999999999853       -66.794109448846243       0.60250273789982101     
   3.9329999999999852       -66.803337188039364       0.59905660029334384     
   3.9339999999999851       -66.812641319137242       0.59551301963040415     
   3.9349999999999850       -66.822023917654732       0.59186596735398866     
   3.9359999999999848       -66.831487184512795       0.58810882628942640     
   3.9369999999999847       -66.841033458363569       0.58423429615312228     
   3.9379999999999846       -66.850665229627893       0.58023428363157337     
   3.9389999999999845       -66.860385156550464       0.57609980297807717     
   3.9399999999999844       -66.870196083656751       0.57182083550960450     
   3.9409999999999843       -66.880101063078939       0.56738614108686491     
   3.9419999999999842       -66.890103379348375       0.56278306259690669     
   3.9429999999999841       -66.900206578381074       0.55799728230069867     
   3.9439999999999840       -66.910414501606056       0.55301249824997989     
   3.9449999999999839       -66.920731326440261       0.54781003592932653     
   3.9459999999999837       -66.931161614662557       0.54236837179334263     
   3.9469999999999836       -66.941710370755331       0.53666249835337032     
   3.9479999999999835       -66.952383112922021       0.53066312119617576     
   3.9489999999999834       -66.963185960478214       0.52433561763245584     
   3.9499999999999833       -66.974125742645128       0.51763864318799080     
   3.9509999999999832       -66.985210135804834       0.51052223249634610     
   3.9519999999999831       -66.996447839225027       0.50292523733964922     
   3.9529999999999830       -67.007848803843586       0.49477164636275850     
   3.9539999999999829       -67.019424535868509       0.48596534941324293     
   3.9549999999999828       -67.031188508560433       0.47638232013843512     
   3.9559999999999826       -67.043156735106066       0.46585862964380031     
   3.9569999999999825       -67.055348589443227       0.45417133276632110     
   3.9579999999999824       -67.067788023858128       0.44100660231718763     
   3.9589999999999823       -67.080505450436945       0.42590355345350933     
   3.9599999999999822       -67.093540790128529       0.40814909310739972     
   3.9609999999999821       -67.106948683327133       0.38656691358794198     
   3.9619999999999820       -67.120807828447639       0.35907006950503101     
   3.9629999999999819       -67.135237445066252       0.32177013549342104     
   3.9639999999999818       -67.150414480120062       0.26863061081664458     
   3.9649999999999817       -67.166509035017043       0.19958752253400788     
   3.9659999999999815       -67.183473877279212       0.12423361536692901     
   3.9669999999999814       -67.201094007637877        5.8806874759342875E-005
   3.9679999999999813       -67.218946193079276        4.2481729936779305E-006
   3.9689999999999812       -67.236806981063566        2.1975769707675377E-006
   3.9699999999999811       -67.254676361857392        1.4814020778223618E-006
   3.9709999999999810       -67.272554325717820        1.1090333493039377E-006
   3.9719999999999809       -67.290440862904759        8.7206242678957346E-007
   3.9729999999999808       -67.308335963675461        6.7001773174091284E-007
   3.9739999999999807       -67.326239618287076        5.0696598844860808E-007
   3.9749999999999805       -67.344151816997751        3.7476064866185749E-007
   3.9759999999999804       -67.362072550064795        2.6692318696082867E-007
   3.9769999999999803       -67.380001807746893        1.8684184014775931E-007
   3.9779999999999802       -67.397939580300971        1.2626726982508293E-007
   3.9789999999999801       -67.415885857985600        8.4358194059793348E-008
   3.9799999999999800       -67.433840631059368        5.4520609360508843E-008
   3.9809999999999799       -67.451803889780749        3.4086828026858029E-008
   3.9819999999999798       -67.469775624408641        2.0616221026633259E-008
   3.9829999999999797       -67.487755825202441        1.2061902291785978E-008
   3.9839999999999796       -67.505744482422216        6.8261927962017426E-009
   3.9849999999999794       -67.523741586328455        3.7363237688955069E-009
   3.9859999999999793       -67.541747127182404        1.9772591712078715E-009
   3.9869999999999792       -67.559761095245506        1.0107220986081227E-009
   3.9879999999999791       -67.577783480780781        4.9779276996749411E-010
   3.9889999999999790       -67.595814274051151        2.3543352452766914E-010
   3.9899999999999789       -67.613853465320673        1.0573305194346479E-010
   3.9909999999999788       -67.631901044854303        4.6658898966711604E-011
   3.9919999999999787       -67.649957002918313        1.8153996824329017E-011
   3.9929999999999786       -67.668021329778938        4.4434826188914185E-012
   3.9939999999999785       -67.686094015704796        1.7511177693071052E-012
   3.9949999999999783       -67.704175050964835        4.4581375628164705E-012
   3.9959999999999782       -67.722264425829607        4.9923768822660959E-012
   3.9969999999999781       -67.740362130569792        5.0937772518485263E-012
   3.9979999999999780       -67.758468155459710        4.8926788546547568E-012
   3.9989999999999779       -67.776582490771943        4.6444329863485718E-012
   3.9999999999999778       -67.794705126783313        4.3955209842276117E-012
   4.0009999999999781       -67.812836053769303        4.2950828079331887E-012
   4.0019999999999785       -67.830975262009858        4.2285434413239882E-012
   4.0029999999999788       -67.849122741783660        3.9737102497383603E-012
   4.0039999999999791       -67.867278483373980        3.6450842344493140E-012
   4.0049999999999795       -67.885442477062966        3.4422834952844519E-012
   4.0059999999999798       -67.903614713135553        2.8173019472887972E-012
   4.0069999999999801       -67.921795181879361        2.9414248814418897E-012
   4.0079999999999805       -67.939983873581838        2.8953876333540998E-012
   4.0089999999999808       -67.958180778534754        2.7224148861175004E-012
   4.0099999999999811       -67.976385887029096        2.6157594608851773E-012
   4.0109999999999815       -67.994599189360912        2.3605561949580078E-012
   4.0119999999999818       -68.012820675825523        2.2823224791560883E-012
   4.0129999999999821       -68.031050336721805        2.3367974222310295E-012
   4.0139999999999825       -68.049288162350194        2.4106642608027564E-012
   4.0149999999999828       -68.067534143013432        2.1519822960650950E-012
   4.0159999999999831       -68.085788269017442        1.3852622752589621E-012
   4.0169999999999835       -68.104050530668673        8.9979875402453524E-013
   4.0179999999999838       -68.122320918277268        8.4761827186715288E-013
   4.0189999999999841       -68.140599422153869        7.7019871961662523E-013
   4.0199999999999845       -68.158886032615200        1.0325814277697039E-012
   4.0209999999999848       -68.177180739977857        8.6767630117871397E-013
   4.0219999999999851       -68.195483534560211        9.0557191375258605E-013
   4.0229999999999855       -68.213794406685281        1.6246263593681457E-013
   4.0239999999999858       -68.232113346676641        1.8725761682010973E-014
   4.0249999999999861       -68.250440344863136        1.7082631605565743E-013
   4.0259999999999865       -68.268775391574195        1.3522516439934407E-013
   4.0269999999999868       -68.287118477142712        1.5772568436508058E-013
   4.0279999999999871       -68.305469591904625        9.6367358537463588E-014
   4.0289999999999875       -68.323828726198926        3.0323891545928444E-013
   4.0299999999999878       -68.342195870366695        4.6118664442929003E-013
   4.0309999999999881       -68.360571014752196        7.0817425997423322E-013
   4.0319999999999885       -68.378954149703773        5.7287508070658077E-013
   4.0329999999999888       -68.397345265571616        5.8168285003527365E-013
   4.0339999999999892       -68.415744352709353        6.6842827569265261E-013
   4.0349999999999895       -68.434151401473940        4.7576757348603372E-013
   4.0359999999999898       -68.452566402224804        5.6650980203206324E-013
   4.0369999999999902       -68.470989345326188        4.1078251911130792E-013
   4.0379999999999905       -68.489420221144215        1.9399296983616901E-013
   4.0389999999999908       -68.507859020049736        2.0080233772053665E-013
   4.0399999999999912       -68.526305732414698        1.2086627994752538E-013
   4.0409999999999915       -68.544760348616023        2.3262873109312448E-013
   4.0419999999999918       -68.563222859034610        4.9493742437789479E-013
   4.0429999999999922       -68.581693254053803        3.5904612616377563E-013
   4.0439999999999925       -68.600171524060713        4.5289697917875554E-013
   4.0449999999999928       -68.618657659446626        5.5814612191322033E-013
   4.0459999999999932       -68.637151650605773        7.7219712106095051E-013
   4.0469999999999935       -68.655653487936632        8.5931262105987116E-013
   4.0479999999999938       -68.674163161841363        6.6605979990678555E-013
   4.0489999999999942       -68.692680662724925        6.5399537637252558E-013
   4.0499999999999945       -68.711205980997448        6.0307314697638503E-013
   4.0509999999999948       -68.729739107072390        5.5370522981471970E-013
   4.0519999999999952       -68.748280031367287        5.4193686575369305E-013
   4.0529999999999955       -68.766828744302870        4.8909024978153559E-013
   4.0539999999999958       -68.785385236303441        5.5807210704491205E-013
   4.0549999999999962       -68.803949497800176        3.9176069795606355E-013
   4.0559999999999965       -68.822521519224239        6.1299113932970306E-013
   4.0569999999999968       -68.841101291015534        3.8872608835542149E-013
   4.0579999999999972       -68.859688803613693        7.3126689888643647E-013
   4.0589999999999975       -68.878284047465499        8.0165503864767140E-013
   4.0599999999999978       -68.896887013022038        6.6887236490250268E-013
   4.0609999999999982       -68.915497690735322        7.9565983431469555E-013
   4.0619999999999985       -68.934116071065091        8.4458366226651072E-013
   4.0629999999999988       -68.952742144473461        7.5783823660913185E-013
   4.0639999999999992       -68.971375901428786        9.7684823193352100E-013
   4.0649999999999995       -68.990017332402587        1.1290968160437842E-012
   4.0659999999999998       -69.008666427871319        1.1547799753467796E-012
   4.0670000000000002       -69.027323178315200        1.0796548840138105E-012
   4.0680000000000005       -69.045987574219893        9.4021087212089083E-013
   4.0690000000000008       -69.064659606075367        8.5087492607271997E-013
   4.0700000000000012       -69.083339264375226        8.2563585597957478E-013
   4.0710000000000015       -69.102026539619061        8.2933659939499194E-013
   4.0720000000000018       -69.120721422311505        1.0499749218221648E-012
   4.0730000000000022       -69.139423902960289        1.0501229515587813E-012
   4.0740000000000025       -69.158133972079540        8.9210120772046742E-013
   4.0750000000000028       -69.176851620186056        8.6071890355772973E-013
   4.0760000000000032       -69.195576837804012        9.0823644901168643E-013
   4.0770000000000035       -69.214309615460238        9.8239934705664678E-013
   4.0780000000000038       -69.233049943688471        1.0291767438275201E-012
   4.0790000000000042       -69.251797813025888        9.9853458834786579E-013
   4.0800000000000045       -69.270553214015834        9.6700425444851135E-013
   4.0810000000000048       -69.289316137206370        8.9469172811125952E-013
   4.0820000000000052       -69.308086573149879        9.9083704204379797E-013
   4.0830000000000055       -69.326864512404342        8.6723221196886391E-013
   4.0840000000000058       -69.345649945532202        9.7603406838212935E-013
   4.0850000000000062       -69.364442863102610        1.0962342145148796E-012
   4.0860000000000065       -69.383243255688086        1.1537437671904627E-012
   4.0870000000000068       -69.402051113867614        1.0716612782365094E-012
   4.0880000000000072       -69.420866428225651        9.7596005351382088E-013
   4.0890000000000075       -69.439689189351142        7.6620191672797467E-013
   4.0900000000000079       -69.458519387838621        5.8020255266910681E-013
   4.0910000000000082       -69.477357014287350        5.3083463550744148E-013
   4.0920000000000085       -69.496202059303400        5.4585965377403533E-013
   4.0930000000000089       -69.515054513497120        7.1675998469800106E-013
   4.0940000000000092       -69.533914367484911        7.7945057815516827E-013
   4.0950000000000095       -69.552781611888904        9.0497979480611923E-013
   4.0960000000000099       -69.571656237335873        8.3555384833289281E-013
   4.0970000000000102       -69.590538234458762        6.7294318265946152E-013
   4.0980000000000105       -69.609427593896200        6.4326322046781570E-013
