   3.7999999999999998       -67.993349622993179       0.64517972932431755     
   3.8009999999999997       -68.001429733726638       0.64404131744080761     
   3.8019999999999996       -68.009534064915258       0.64289637052391524     
   3.8029999999999995       -68.017662741077714       0.64174482639153674     
   3.8039999999999994       -68.025815887745779       0.64058662211543915     
   3.8049999999999993       -68.033993631483256       0.63942169390188619     
   3.8059999999999992       -68.042196099891427       0.63824997707765285     
   3.8069999999999991       -68.050423421625538       0.63707140344477231     
   3.8079999999999989       -68.058675726403834       0.63588591160440999     
   3.8089999999999988       -68.066953145019014       0.63469343168498349     
   3.8099999999999987       -68.075255809352271       0.63349389533275302     
   3.8109999999999986       -68.083583852384194       0.63228723323311975     
   3.8119999999999985       -68.091937408207258       0.63107337509212702     
   3.8129999999999984       -68.100316612038952       0.62985224961869724     
   3.8139999999999983       -68.108721600233665       0.62862378450674583     
   3.8149999999999982       -68.117152510295583       0.62738790366722175     
   3.8159999999999981       -68.125609480893445       0.62614453801181658     
   3.8169999999999980       -68.134092651869963       0.62489360950613126     
   3.8179999999999978       -68.142602164259756       0.62363504159189009     
   3.8189999999999977       -68.151138160299794       0.62236875659704238     
   3.8199999999999976       -68.159700783442034       0.62109467571815047     
   3.8209999999999975       -68.168290178371208       0.61981271899510293     
   3.8219999999999974       -68.176906491015686       0.61852280249066360     
   3.8229999999999973       -68.185549868563655       0.61722484926648591     
   3.8239999999999972       -68.194220459475702       0.61591877315444143     
   3.8249999999999971       -68.202918413498125       0.61460448935356959     
   3.8259999999999970       -68.211643881682775       0.61328191179210612     
   3.8269999999999968       -68.220397016397271       0.61195095310510650     
   3.8279999999999967       -68.229177971340206       0.61061152461056145     
   3.8289999999999966       -68.237986901560276       0.60926353331262817     
   3.8299999999999965       -68.246823963467520       0.60790689352508742     
   3.8309999999999964       -68.255689314850841       0.60654150969657883     
   3.8319999999999963       -68.264583114892787       0.60516728760982907     
   3.8329999999999962       -68.273505524186717       0.60378413159450683     
   3.8339999999999961       -68.282456704751993       0.60239194450046119     
   3.8349999999999960       -68.291436820050691       0.60099062463678932     
   3.8359999999999959       -68.300446035005095       0.59958007762139154     
   3.8369999999999957       -68.309484516011707       0.59816019887507510     
   3.8379999999999956       -68.318552430959841       0.59673088502341909     
   3.8389999999999955       -68.327649949249789       0.59529203105600514     
   3.8399999999999954       -68.336777241808974       0.59384353029448556     
   3.8409999999999953       -68.345934481107861       0.59238527116027029     
   3.8419999999999952       -68.355121841178274       0.59091714967120756     
   3.8429999999999951       -68.364339497635427       0.58943905098177829     
   3.8439999999999950       -68.373587627687968       0.58795086139595931     
   3.8449999999999949       -68.382866410162620       0.58645246536906692     
   3.8459999999999948       -68.392176025521408       0.58494374225673296     
   3.8469999999999946       -68.401516655876705       0.58342457886207322     
   3.8479999999999945       -68.410888485011910       0.58189485090853332     
   3.8489999999999944       -68.420291698403602       0.58035443507284823     
   3.8499999999999943       -68.429726483235271       0.57880320598645552     
   3.8509999999999942       -68.439193028417620       0.57724103286647710     
   3.8519999999999941       -68.448691524611846       0.57566779246720567     
   3.8529999999999940       -68.458222164244575       0.57408334995952315     
   3.8539999999999939       -68.467785141528040       0.57248757134045858     
   3.8549999999999938       -68.477380652484740       0.57088031709277531     
   3.8559999999999937       -68.487008894959899       0.56926145477750867     
   3.8569999999999935       -68.496670068647319       0.56763084045052314     
   3.8579999999999934       -68.506364375103558       0.56598833070390231     
   3.8589999999999933       -68.516092017779812       0.56433377642376292     
   3.8599999999999932       -68.525853202029609       0.56266703530441353     
   3.8609999999999931       -68.535648135132604       0.56098795338981855     
   3.8619999999999930       -68.545477026321237       0.55929637700607093     
   3.8629999999999929       -68.555340086796932       0.55759214650020417     
   3.8639999999999928       -68.565237529748615       0.55587510893490699     
   3.8649999999999927       -68.575169570379018       0.55414509934595968     
   3.8659999999999926       -68.585136425921604       0.55240195284707971     
   3.8669999999999924       -68.595138315663846       0.55064549819058539     
   3.8679999999999923       -68.605175460967473       0.54887557094435568     
   3.8689999999999922       -68.615248085289394       0.54709199403797182     
   3.8699999999999921       -68.625356414203154       0.54529459031084537     
   3.8709999999999920       -68.635500675419834       0.54348317574437466     
   3.8719999999999919       -68.645681098809561       0.54165757344905585     
   3.8729999999999918       -68.655897916421196       0.53981759301959187     
   3.8739999999999917       -68.666151362507549       0.53796304029144870     
   3.8749999999999916       -68.676441673539216       0.53609372777662934     
   3.8759999999999915       -68.686769088230889       0.53420945443610512     
   3.8769999999999913       -68.697133847561517       0.53231001515445098     
   3.8779999999999912       -68.707536194793136       0.53039521118361466     
   3.8789999999999911       -68.717976375492668       0.52846483000030842     
   3.8799999999999910       -68.728454637550215       0.52651865466167025     
   3.8809999999999909       -68.738971231202058       0.52455647442308462     
   3.8819999999999908       -68.749526409048286       0.52257806435626364     
   3.8829999999999907       -68.760120426072746       0.52058319472862913     
   3.8839999999999906       -68.770753539661527       0.51857164198970562     
   3.8849999999999905       -68.781426009622450       0.51654316779428089     
   3.8859999999999904       -68.792138098204575       0.51449752856838915     
   3.8869999999999902       -68.802890070114614       0.51243448705695560     
   3.8879999999999901       -68.813682192533349       0.51035378673278953     
   3.8889999999999900       -68.824514735135153       0.50825517998339087     
   3.8899999999999899       -68.835387970104264       0.50613840389656806     
   3.8909999999999898       -68.846302172146906       0.50400318955811607     
   3.8919999999999897       -68.857257618511483       0.50184927392174505     
   3.8929999999999896       -68.868254589000159       0.49967637361176004     
   3.8939999999999895       -68.879293365982065       0.49748421398102871     
   3.8949999999999894       -68.890374234405911       0.49527250014673846     
   3.8959999999999892       -68.901497481813848       0.49304094530415449     
   3.8969999999999891       -68.912663398349807       0.49078924231970156     
   3.8979999999999890       -68.923872276772400       0.48851709162043089     
   3.8989999999999889       -68.935124412459203       0.48622417303219140     
   3.8999999999999888       -68.946420103418404       0.48391017354728977     
   3.9009999999999887       -68.957759650290697       0.48157475910438891     
   3.9019999999999886       -68.969143356358344       0.47921760253368545     
   3.9029999999999885       -68.980571527544285       0.47683835497019061     
   3.9039999999999884       -68.992044472416680       0.47443667429005859     
   3.9049999999999883       -69.003562502185886       0.47201219583820619     
   3.9059999999999881       -69.015125930706560       0.46956456166895522     
   3.9069999999999880       -69.026735074469613       0.46709339025934771     
   3.9079999999999879       -69.038390252599470       0.46459830689898979     
   3.9089999999999878       -69.050091786843964       0.46207891201713264     
   3.9099999999999877       -69.061840001564633       0.45953480899563731     
   3.9109999999999876       -69.073635223723514       0.45696559126148917     
   3.9119999999999875       -69.085477782867571       0.45437083061624234     
   3.9129999999999874       -69.097368011111470       0.45175010062305582     
   3.9139999999999873       -69.109306243114929       0.44910296403811123     
   3.9149999999999872       -69.121292816058599       0.44642896068844889     
   3.9159999999999870       -69.133328069618884       0.44372763119205955     
   3.9169999999999869       -69.145412345934815       0.44099850020535231     
   3.9179999999999868       -69.157545989571915       0.43824108409495149     
   3.9189999999999867       -69.169729347488556       0.43545487446413683     
   3.9199999999999866       -69.181962768988626       0.43263936188606761     
   3.9209999999999865       -69.194246605677833       0.42979401904503817     
   3.9219999999999864       -69.206581211409812       0.42691830430597150     
   3.9229999999999863       -69.218966942233095       0.42401166111608019     
   3.9239999999999862       -69.231404156327713       0.42107352152215510     
   3.9249999999999861       -69.243893213941234       0.41810328885432191     
   3.9259999999999859       -69.256434477313562       0.41510036202654982     
   3.9269999999999858       -69.269028310604398       0.41206411802089499     
   3.9279999999999857       -69.281675079803279       0.40899391527356538     
   3.9289999999999856       -69.294375152645600       0.40588909277959107     
   3.9299999999999855       -69.307128898513085       0.40274896914812408     
   3.9309999999999854       -69.319936688330429       0.39957283717628633     
   3.9319999999999853       -69.332798894454470       0.39635998023695790     
   3.9329999999999852       -69.345715890555567       0.39310964502915430     
   3.9339999999999851       -69.358688051491114       0.38982105758117797     
   3.9349999999999850       -69.371715753171813       0.38649341756214345     
   3.9359999999999848       -69.384799372415927       0.38312589217444953     
   3.9369999999999847       -69.397939286796699       0.37971763270851761     
   3.9379999999999846       -69.411135874482810       0.37626774135856716     
   3.9389999999999845       -69.424389514063790       0.37277530469962317     
   3.9399999999999844       -69.437700584367732       0.36923935659757084     
   3.9409999999999843       -69.451069464269438       0.36565891075549023     
   3.9419999999999842       -69.464496532487459       0.36203292322347114     
   3.9429999999999841       -69.477982167363166       0.35836032501601961     
   3.9439999999999840       -69.491526746640275       0.35463998301636224     
   3.9449999999999839       -69.505130647220383       0.35087072874356157     
   3.9459999999999837       -69.518794244911291       0.34705133609578959     
   3.9469999999999836       -69.532517914163861       0.34318052196693466     
   3.9479999999999835       -69.546302027787718       0.33925694172668880     
   3.9489999999999834       -69.560146956662962       0.33527918419750558     
   3.9499999999999833       -69.574053069427748       0.33124576606704242     
   3.9509999999999832       -69.588020732160260       0.32715512072491171     
   3.9519999999999831       -69.602050308038088       0.32300561069588524     
   3.9529999999999830       -69.616142156983997       0.31879548604483371     
   3.9539999999999829       -69.630296635300070       0.31452290929182231     
   3.9549999999999828       -69.644514095278765       0.31018593099895431     
   3.9559999999999826       -69.658794884802361       0.30578246402496612     
   3.9569999999999825       -69.673139346925140       0.30131029493011074     
   3.9579999999999824       -69.687547819435721       0.29676706988987506     
   3.9589999999999823       -69.702020634404889       0.29215024836825648     
   3.9599999999999822       -69.716558117713745       0.28745712365907267     
   3.9609999999999821       -69.731160588565828       0.28268476145067400     
   3.9619999999999820       -69.745828358983076       0.27783000440171990     
   3.9629999999999819       -69.760561733281222       0.27288944330129489     
   3.9639999999999818       -69.775361007530407       0.26785935240933489     
   3.9649999999999817       -69.790226468997759       0.26273568529017766     
   3.9659999999999815       -69.805158395567915       0.25751400225915061     
   3.9669999999999814       -69.820157055158973       0.25218943572534436     
   3.9679999999999813       -69.835222705108862       0.24675660853918066     
   3.9689999999999812       -69.850355591555441       0.24120955464515428     
   3.9699999999999811       -69.865555948796271       0.23554163421987187     
   3.9709999999999810       -69.880823998636956       0.22974541782303970     
   3.9719999999999809       -69.896159949726254       0.22381252756333594     
   3.9729999999999808       -69.911563996876652       0.21773347709685828     
   3.9739999999999807       -69.927036320377468       0.21149744015632846     
   3.9749999999999805       -69.942577085295312       0.20509199430668876     
   3.9759999999999804       -69.958186440767562       0.19850272444364495     
   3.9769999999999803       -69.973864519293386       0.19171279273702813     
   3.9779999999999802       -69.989611436011998       0.18470231557228775     
   3.9789999999999801       -70.005427287987487       0.17744753544778522     
   3.9799999999999800       -70.021312153489575       0.16991970507997201     
   3.9809999999999799       -70.037266091277772       0.16208348596618402     
   3.9819999999999798       -70.053289139891149       0.15389468551735386     
   3.9829999999999797       -70.069381316943918       0.14529681431630045     
   3.9839999999999796       -70.085542618439561       0.13621580594032223     
   3.9849999999999794       -70.101773018092373       0.12655137596003155     
   3.9859999999999793       -70.118072466668252       0.11616204090763531     
   3.9869999999999792       -70.134440891353748       0.10483701817149556     
   3.9879999999999791       -70.150878195144841        9.2237465646218153E-002
   3.9889999999999790       -70.167384256265834        7.7752396351680006E-002
   3.9899999999999789       -70.183958927628666        6.0040241913482194E-002
   3.9909999999999788       -70.200602036323616        3.4452854754115192E-002
   3.9919999999999787       -70.217305581228771        1.2066645299624312E-005
   3.9929999999999786       -70.234023661203523        4.0441213421763917E-006
   3.9939999999999785       -70.250748807370925        2.4239611112382895E-006
   3.9949999999999783       -70.267481015210919        1.7282236079256090E-006
   3.9959999999999782       -70.284220280203257        1.3466390048251971E-006
   3.9969999999999781       -70.300966597822125        1.0903704070752696E-006
   3.9979999999999780       -70.317719963540114        8.8169395895398850E-007
   3.9989999999999779       -70.334480372826476        7.0497406889913350E-007
   3.9999999999999778       -70.351247821148419        5.5382790879280697E-007
   4.0009999999999781       -70.368022303969141        4.2870125878854043E-007
   4.0019999999999785       -70.384803816749852        3.2306453090491516E-007
   4.0029999999999788       -70.401592354948320        2.4090739891846624E-007
   4.0039999999999791       -70.418387914020684        1.7514122211773989E-007
   4.0049999999999795       -70.435190489419696        1.2413898449932978E-007
   4.0059999999999798       -70.452000076594899        8.5784859956324525E-008
   4.0069999999999801       -70.468816670994897        5.9076095793031413E-008
   4.0079999999999805       -70.485640268063378        3.9719348032818402E-008
   4.0089999999999808       -70.502470863240433        2.6072613919699467E-008
   4.0099999999999811       -70.519308451969636        1.6707313828708454E-008
   4.0109999999999815       -70.536153029684925        1.0452427294064629E-008
   4.0119999999999818       -70.553004591821491        6.3827745311328954E-009
   4.0129999999999821       -70.569863133810003        3.8045027868823427E-009
   4.0139999999999825       -70.586728651080278        2.2119364118111662E-009
   4.0149999999999828       -70.603601139058171        1.2540125974661958E-009
   4.0159999999999831       -70.620480593168068        6.9218889879133861E-010
   4.0169999999999835       -70.637367008831447        3.7099412431018663E-010
   4.0179999999999838       -70.654260381465718        1.9288718770364235E-010
   4.0189999999999841       -70.671160706488152        9.5749112342483997E-011
   4.0199999999999845       -70.688067979313217        4.4637108824000883E-011
   4.0209999999999848       -70.704982195350951        1.8400762395269037E-011
   4.0219999999999851       -70.721903350010749        5.7941799506503839E-012
   4.0229999999999855       -70.738831438700643        7.2208905521620181E-013
   4.0239999999999858       -70.755766456821888        3.4539038296088620E-012
   4.0249999999999861       -70.772708399778224        5.2865119689234535E-012
   4.0259999999999865       -70.789657262967850        5.4764341210026641E-012
   4.0269999999999868       -70.806613041788708        5.7057321830219126E-012
   4.0279999999999871       -70.823575731633724        5.4512690657778267E-012
   4.0289999999999875       -70.840545327897843        4.6694500118367915E-012
   4.0299999999999878       -70.857521825968732        4.5034346622211769E-012
   4.0309999999999881       -70.874505221235992        4.3879714676601606E-012
   4.0319999999999885       -70.891495509082347        4.1967170479513998E-012
   4.0329999999999888       -70.908492684893659        4.5231226171911958E-012
   4.0339999999999892       -70.925496744047550        4.3123282722490330E-012
   4.0349999999999895       -70.942507681926131        4.5368153678282397E-012
   4.0359999999999898       -70.959525493903101        4.3484475279835051E-012
   4.0369999999999902       -70.976550175354504        4.4016642182972037E-012
   4.0379999999999905       -70.993581721651410        4.2209199098882282E-012
   4.0389999999999908       -71.010620128163779        4.0731862327447743E-012
   4.0399999999999912       -71.027665390259202        4.3840486796398181E-012
   4.0409999999999915       -71.044717503303147        4.3192116550017090E-012
   4.0419999999999918       -71.061776462660561        4.2415700581462561E-012
   4.0429999999999922       -71.078842263691058        3.7102913334289651E-012
   4.0439999999999925       -71.095914901753616        3.4497589969835949E-012
   4.0449999999999928       -71.112994372206003        3.7136960173711486E-012
   4.0459999999999932       -71.130080670404439        3.5720315594289787E-012
   4.0469999999999935       -71.147173791699416        3.5909053508476063E-012
   4.0479999999999938       -71.164273731445093        3.8238301414139642E-012
   4.0489999999999942       -71.181380484988239        3.9614237815991755E-012
   4.0499999999999945       -71.198494047676689        3.7702433767587235E-012
   4.0509999999999948       -71.215614414856034        3.7443381728508029E-012
   4.0519999999999952       -71.232741581867387        4.0519439655402794E-012
   4.0529999999999955       -71.249875544053637        4.1263289081901649E-012
   4.0539999999999958       -71.267016296754619        3.8670548245060372E-012
   4.0549999999999962       -71.284163835306842        3.8857065713197398E-012
   4.0559999999999965       -71.301318155043703        4.1734023644342715E-012
   4.0569999999999968       -71.318479251302762        3.5313973967276979E-012
   4.0579999999999972       -71.335647119411831        3.7008174302854968E-012
   4.0589999999999975       -71.352821754703527        3.5986769120199824E-012
   4.0599999999999978       -71.370003152504026        3.7202093257822826E-012
   4.0609999999999982       -71.387191308140885        3.4861002973229915E-012
   4.0619999999999985       -71.404386216936985        3.0944876291035448E-012
   4.0629999999999988       -71.421587874215845        2.6731209838241434E-012
   4.0639999999999992       -71.438796275298216        2.7415847370093616E-012
   4.0649999999999995       -71.456011415502346        2.4025226252888388E-012
   4.0659999999999998       -71.473233290146425        2.1634546006528885E-012
   4.0670000000000002       -71.490461894544808        2.2194838559623045E-012
   4.0680000000000005       -71.507697224013654        1.7140363202846249E-012
   4.0690000000000008       -71.524939273861648        2.2924625161143317E-012
   4.0700000000000012       -71.542188039402959        1.7654766537589239E-012
   4.0710000000000015       -71.559443515943400        1.2734258092450546E-012
   4.0720000000000018       -71.576705698791670        1.8944105543520586E-012
   4.0730000000000022       -71.593974583253200        1.8531102578360028E-012
   4.0740000000000025       -71.611250164632281        1.8536283619141614E-012
   4.0750000000000028       -71.628532438227907        1.9927763143338475E-012
   4.0760000000000032       -71.645821399345976        1.8910058704098751E-012
   4.0770000000000035       -71.663117043281446        2.1177874269066401E-012
   4.0780000000000038       -71.680419365334174        1.9830063517171461E-012
   4.0790000000000042       -71.697728360798109        1.9230543083873877E-012
   4.0800000000000045       -71.715044024970368        1.4466946159548872E-012
   4.0810000000000048       -71.732366353141899        1.6500874740662159E-012
   4.0820000000000052       -71.749695340604404        1.9462209621678994E-012
   4.0830000000000055       -71.767030982648222        1.6573409311604337E-012
   4.0840000000000058       -71.784373274560863        1.6516417863006911E-012
   4.0850000000000062       -71.801722211631315        1.7702136053306579E-012
   4.0860000000000065       -71.819077789142838        1.5777749477289642E-012
   4.0870000000000068       -71.836440002381337        1.4981349494291862E-012
   4.0880000000000072       -71.853808846629732        1.6506055781443745E-012
   4.0890000000000075       -71.871184317167433        1.7451965798424378E-012
   4.0900000000000079       -71.888566409275825        1.2763123891090800E-012
   4.0910000000000082       -71.905955118233763        9.9224332454165664E-013
   4.0920000000000085       -71.923350439317900        1.5185630530822891E-012
   4.0930000000000089       -71.940752367803782        1.4321877017664519E-012
   4.0940000000000092       -71.958160898966440        1.7562247952203809E-012
   4.0950000000000095       -71.975576028078578        1.5816977357493063E-012
   4.0960000000000099       -71.992997750413778        1.3267905292953703E-012
   4.0970000000000102       -72.010426061240537        1.2860823517257813E-012
   4.0980000000000105       -72.027860955828828        1.4634959910608814E-012
