   3.7999999999999998       -70.513282728833360       0.50144199456568739     
   3.8009999999999997       -70.523822743804331       0.50012407326575903     
   3.8019999999999996       -70.534386046612738       0.49880009275686260     
   3.8029999999999995       -70.544972709486515       0.49747000388090279     
   3.8039999999999994       -70.555582804891671       0.49613376571508433     
   3.8049999999999993       -70.566216405537205       0.49479132619651062     
   3.8059999999999992       -70.576873584366723       0.49344263608202860     
   3.8069999999999991       -70.587554414563897       0.49208764549747969     
   3.8079999999999989       -70.598258969549676       0.49072630026786196     
   3.8089999999999988       -70.608987322982728       0.48935855627732888     
   3.8099999999999987       -70.619739548758517       0.48798435827010883     
   3.8109999999999986       -70.630515721007370       0.48660365372441522     
   3.8119999999999985       -70.641315914093397       0.48521638942473871     
   3.8129999999999984       -70.652140202620515       0.48382250772817503     
   3.8139999999999983       -70.662988661421011       0.48242196114872282     
   3.8149999999999982       -70.673861365564946       0.48101469083554810     
   3.8159999999999981       -70.684758390349728       0.47960064065048719     
   3.8169999999999980       -70.695679811309006       0.47817975368427174     
   3.8179999999999978       -70.706625704204015       0.47675196838987383     
   3.8189999999999977       -70.717596145025567       0.47531723369198819     
   3.8199999999999976       -70.728591209993965       0.47387548669382756     
   3.8209999999999975       -70.739610975557198       0.47242666724663679     
   3.8219999999999974       -70.750655518387376       0.47097071056369993     
   3.8229999999999973       -70.761724915385130       0.46950756204647148     
   3.8239999999999972       -70.772819243670469       0.46803715541689983     
   3.8249999999999971       -70.783938580588952       0.46655942699756991     
   3.8259999999999970       -70.795083003707845       0.46507430840050684     
   3.8269999999999968       -70.806252590811098       0.46358174132070046     
   3.8279999999999967       -70.817447419904141       0.46208165572213616     
   3.8289999999999966       -70.828667569204597       0.46057398407475070     
   3.8299999999999965       -70.839913117151156       0.45905865399365187     
   3.8309999999999964       -70.851184142390053       0.45753560323675702     
   3.8319999999999963       -70.862480723782880       0.45600475759990400     
   3.8329999999999962       -70.873802940399514       0.45446604532901930     
   3.8339999999999961       -70.885150871518121       0.45291938959950273     
   3.8349999999999960       -70.896524596620111       0.45136472396422506     
   3.8359999999999959       -70.907924195394600       0.44980196958607171     
   3.8369999999999957       -70.919349747730351       0.44823105007003944     
   3.8379999999999956       -70.930801333715834       0.44665188364845004     
   3.8389999999999955       -70.942279033635543       0.44506439935842429     
   3.8399999999999954       -70.953782927970906       0.44346851320278796     
   3.8409999999999953       -70.965313097394500       0.44186413961855359     
   3.8419999999999952       -70.976869622766898       0.44025120347804458     
   3.8429999999999951       -70.988452585139228       0.43862961678806944     
   3.8439999999999950       -71.000062065744572       0.43699928983214792     
   3.8449999999999949       -71.011698145996590       0.43536014309762860     
   3.8459999999999948       -71.023360907490940       0.43371208421956448     
   3.8469999999999946       -71.035050431996680       0.43205501893729131     
   3.8479999999999945       -71.046766801455462       0.43038886309455965     
   3.8489999999999944       -71.058510097976253       0.42871351954387676     
   3.8499999999999943       -71.070280403839590       0.42702888905087200     
   3.8509999999999942       -71.082077801482583       0.42533488251658874     
   3.8519999999999941       -71.093902373504378       0.42363139755550833     
   3.8529999999999940       -71.105754202657849       0.42191832948778352     
   3.8539999999999939       -71.117633371848029       0.42019558392920620     
   3.8549999999999938       -71.129539964129080       0.41846305275214873     
   3.8559999999999937       -71.141474062694911       0.41672062530067383     
   3.8569999999999935       -71.153435750882437       0.41496820151567793     
   3.8579999999999934       -71.165425112162652       0.41320566280126614     
   3.8589999999999933       -71.177442230136663       0.41143290442706265     
   3.8599999999999932       -71.189487188533604       0.40964980772398746     
   3.8609999999999931       -71.201560071202124       0.40785625106158713     
   3.8619999999999930       -71.213660962108477       0.40605212325826723     
   3.8629999999999929       -71.225789945331059       0.40423729393888203     
   3.8639999999999928       -71.237947105055667       0.40241164668079343     
   3.8649999999999927       -71.250132525569313       0.40057504614398942     
   3.8659999999999926       -71.262346291252996       0.39872737041046119     
   3.8669999999999924       -71.274588486583227       0.39686848294246330     
   3.8679999999999923       -71.286859196118442       0.39499824348544621     
   3.8689999999999922       -71.299158504497228       0.39311652222009935     
   3.8699999999999921       -71.311486496429268       0.39122316863682166     
   3.8709999999999920       -71.323843256692925       0.38931804661015801     
   3.8719999999999919       -71.336228870128508       0.38740099909766057     
   3.8729999999999918       -71.348643421628907       0.38547188329342458     
   3.8739999999999917       -71.361086996136478       0.38353053508946783     
   3.8749999999999916       -71.373559678628567       0.38157680458161952     
   3.8759999999999915       -71.386061554124637       0.37961052000462053     
   3.8769999999999913       -71.398592707663525       0.37763151942574386     
   3.8779999999999912       -71.411153224305991       0.37563963619289797     
   3.8789999999999911       -71.423743189125418       0.37363468671765654     
   3.8799999999999910       -71.436362687194773       0.37161650033336557     
   3.8809999999999909       -71.449011803585378       0.36958488408335616     
   3.8819999999999908       -71.461690623353277       0.36753965379912129     
   3.8829999999999907       -71.474399231538612       0.36548061997324210     
   3.8839999999999906       -71.487137713145273       0.36340757490471237     
   3.8849999999999905       -71.499906153139719       0.36132031884037286     
   3.8859999999999904       -71.512704636443388       0.35921864621199956     
   3.8869999999999902       -71.525533247918716       0.35710233245563688     
   3.8879999999999901       -71.538392072358562       0.35497116034661103     
   3.8889999999999900       -71.551281194484659       0.35282490625376789     
   3.8899999999999899       -71.564200698924680       0.35066332631137476     
   3.8909999999999898       -71.577150670214394       0.34848618358006239     
   3.8919999999999897       -71.590131192781314       0.34629322923336731     
   3.8929999999999896       -71.603142350931179       0.34408421156003949     
   3.8939999999999895       -71.616184228843878       0.34185885692501733     
   3.8949999999999894       -71.629256910553593       0.33961689762980979     
   3.8959999999999892       -71.642360479947826       0.33735805256572360     
   3.8969999999999891       -71.655495020742649       0.33508203158323080     
   3.8979999999999890       -71.668660616480693       0.33278853504913775     
   3.8989999999999889       -71.681857350515216       0.33047725338404943     
   3.8999999999999888       -71.695085305995875       0.32814786656315553     
   3.9009999999999887       -71.708344565856450       0.32580004359159975     
   3.9019999999999886       -71.721635212804486       0.32343344193535656     
   3.9029999999999885       -71.734957329299903       0.32104770692681917     
   3.9039999999999884       -71.748310997552295       0.31864247111416505     
   3.9049999999999883       -71.761696299493252       0.31621735358317826     
   3.9059999999999881       -71.775113316775148       0.31377195921211981     
   3.9069999999999880       -71.788562130744424       0.31130587789373454     
   3.9079999999999879       -71.802042822432114       0.30881867872657026     
   3.9089999999999878       -71.815555472539430       0.30630992875808644     
   3.9099999999999877       -71.829100161416676       0.30377916278881650     
   3.9109999999999876       -71.842676969050601       0.30122590165227736     
   3.9119999999999875       -71.856285975047200       0.29864964107809006     
   3.9129999999999874       -71.869927258612037       0.29604987101789754     
   3.9139999999999873       -71.883600898534212       0.29342603873426082     
   3.9149999999999872       -71.897306973171155       0.29077758779009522     
   3.9159999999999870       -71.911045560424299       0.28810391617371428     
   3.9169999999999869       -71.924816737725848       0.28540441513565790     
   3.9179999999999868       -71.938620582016455       0.28267842643502378     
   3.9189999999999867       -71.952457169726472       0.27992527659761590     
   3.9199999999999866       -71.966326576755620       0.27714425385940777     
   3.9209999999999865       -71.980228878453929       0.27433461110307761     
   3.9219999999999864       -71.994164149600508       0.27149556330453178     
   3.9229999999999863       -72.008132464379941       0.26862628472201411     
   3.9239999999999862       -72.022133896362718       0.26572590582402750     
   3.9249999999999861       -72.036168518483919       0.26279350990946332     
   3.9259999999999859       -72.050236403018104       0.25982812939193384     
   3.9269999999999858       -72.064337621558394       0.25682873619149543     
   3.9279999999999857       -72.078472244991545       0.25379425892606655     
   3.9289999999999856       -72.092640343475011       0.25072354004020903     
   3.9299999999999855       -72.106841986411226       0.24761536809559612     
   3.9309999999999854       -72.121077242423937       0.24446844981275448     
   3.9319999999999853       -72.135346179332515       0.24128140864243786     
   3.9329999999999852       -72.149648864124444       0.23805277701982427     
   3.9339999999999851       -72.163985362933403       0.23478098765119401     
   3.9349999999999850       -72.178355741006200       0.23146435795678430     
   3.9359999999999848       -72.192760062679014       0.22810109603959194     
   3.9369999999999847       -72.207198391350559       0.22468927115785897     
   3.9379999999999846       -72.221670789450698       0.22122680521818228     
   3.9389999999999845       -72.236177318414391       0.21771145083801499     
   3.9399999999999844       -72.250718038648259       0.21414079515647219     
   3.9409999999999843       -72.265293009507459       0.21051219909177796     
   3.9419999999999842       -72.279902289257379       0.20682280618104210     
   3.9429999999999841       -72.294545935048504       0.20306950867779669     
   3.9439999999999840       -72.309224002881948       0.19924890218830024     
   3.9449999999999839       -72.323936547579763       0.19535724642955954     
   3.9459999999999837       -72.338683622749841       0.19139043606176367     
   3.9469999999999836       -72.353465280755785       0.18734392235985106     
   3.9479999999999835       -72.368281572679663       0.18321267061189658     
   3.9489999999999834       -72.383132548292451       0.17899105102053517     
   3.9499999999999833       -72.398018256017224       0.17467278407373635     
   3.9509999999999832       -72.412938742892578       0.17025078049971179     
   3.9519999999999831       -72.427894054540559       0.16571701906768518     
   3.9529999999999830       -72.442884235128446       0.16106235175229711     
   3.9539999999999829       -72.457909327330952       0.15627629156236891     
   3.9549999999999828       -72.472969372298380       0.15134668561385758     
   3.9559999999999826       -72.488064409611809       0.14625937485502502     
   3.9569999999999825       -72.503194477253501       0.14099763639734220     
   3.9579999999999824       -72.518359611560030       0.13554153205981556     
   3.9589999999999823       -72.533559847190119       0.12986697110982201     
   3.9599999999999822       -72.548795217083395       0.12394437020306219     
   3.9609999999999821       -72.564065752416909       0.11773676047219898     
   3.9619999999999820       -72.579371482572185       0.11119690169948553     
   3.9629999999999819       -72.594712435088596       0.10426281585586998     
   3.9639999999999818       -72.610088635625289        9.6850446651614977E-002
   3.9649999999999817       -72.625500107921297        8.8840774944691406E-002
   3.9659999999999815       -72.640946873749158        8.0055457714153080E-002
   3.9669999999999814       -72.656428952878954        7.0204712464684071E-002
   3.9679999999999813       -72.671946363031822        5.8756134527545356E-002
   3.9689999999999812       -72.687499119841874        4.4494467208668197E-002
   3.9699999999999811       -72.703087236806311        2.2614135363773324E-002
   3.9709999999999810       -72.718704497133032        1.1943084833136256E-005
   3.9719999999999809       -72.734329565387441        4.7052590764392237E-006
   3.9729999999999808       -72.749960656726330        2.9274501579893788E-006
   3.9739999999999807       -72.765597768898473        2.1196635562326094E-006
   3.9749999999999805       -72.781240899648353        1.6610512360385836E-006
   3.9759999999999804       -72.796890046717593        1.3633092637762208E-006
   3.9769999999999803       -72.812545207849595        1.1368650963590927E-006
   3.9779999999999802       -72.828206380778695        9.4594973150859596E-007
   3.9789999999999801       -72.843873563244316        7.7575679772549455E-007
   3.9799999999999800       -72.859546752978062        6.2838975593374846E-007
   3.9809999999999799       -72.875225947709424        5.0387915399389505E-007
   3.9819999999999798       -72.890911145167962        3.9578129055565608E-007
   3.9829999999999797       -72.906602343079072        3.0874498058164335E-007
   3.9839999999999796       -72.922299539167398        2.3618485337865516E-007
   3.9849999999999794       -72.938002731152878        1.7718021005919127E-007
   3.9859999999999793       -72.953711916755040        1.3034326370083468E-007
   3.9869999999999792       -72.969427093689433        9.4032059398211728E-008
   3.9879999999999791       -72.985148259669202        6.7813792026250042E-008
   3.9889999999999790       -73.000875412408305        4.8011629005806356E-008
   3.9899999999999789       -73.016608549613991        3.3370237129126679E-008
   3.9909999999999788       -73.032347668992756        2.2769466941537548E-008
   3.9919999999999787       -73.048092768249916        1.5250774828186781E-008
   3.9929999999999786       -73.063843845087973        1.0026996455358983E-008
   3.9939999999999785       -73.079600897205481        6.4705183433488855E-009
   3.9949999999999783       -73.095363922301516        4.0984112030055071E-009
   3.9959999999999782       -73.111132918068563        2.5470619317384071E-009
   3.9969999999999781       -73.126907882201380        1.5532558572672883E-009
   3.9979999999999780       -73.142688812389096        9.2789742556220745E-010
   3.9989999999999779       -73.158475706321042        5.4196525045568933E-010
   3.9999999999999778       -73.174268561683050        3.0864596064124800E-010
   4.0009999999999781       -73.190067376156108        1.7122277669775107E-010
   4.0019999999999785       -73.205872147419683        9.2139333200217763E-011
   4.0029999999999788       -73.221682873160276        4.6037174072921516E-011
   4.0039999999999791       -73.237499551047208        2.0883332100633350E-011
   4.0049999999999795       -73.253322178758339        8.0164763716084053E-012
   4.0059999999999798       -73.269150753962592        1.4589070692257640E-012
   4.0069999999999801       -73.284985274331561        2.2712202489098368E-012
   4.0079999999999805       -73.300825737532264        4.1046055443416662E-012
   4.0089999999999808       -73.316672141230455        5.7675716054935338E-012
   4.0099999999999811       -73.332524483087795        6.6093056953301738E-012
   4.0109999999999815       -73.348382760766626        7.3221798994419860E-012
   4.0119999999999818       -73.364246971921347        6.7961192229404332E-012
   4.0129999999999821       -73.380117114210734        6.6416501927809195E-012
   4.0139999999999825       -73.395993185289228        6.2564768181042991E-012
   4.0149999999999828       -73.411875182806980        6.1155155014110578E-012
   4.0159999999999831       -73.427763104412364        6.2238362611803195E-012
   4.0169999999999835       -73.443656947752942        5.5152919268645446E-012
   4.0179999999999838       -73.459556710476747        5.3590835472997851E-012
   4.0189999999999841       -73.475462390223598        5.2556477688388741E-012
   4.0199999999999845       -73.491373984635317        5.2290024162478703E-012
   4.0209999999999848       -73.507291491346436        5.3112329349384408E-012
   4.0219999999999851       -73.523214907997144        5.3609709264416478E-012
   4.0229999999999855       -73.539144232218192        5.7341168850181629E-012
   4.0239999999999858       -73.555079461643203        5.4283244566022404E-012
   4.0249999999999861       -73.571020593904052        6.0855394797461786E-012
   4.0259999999999865       -73.586967626622211        5.8899921976755349E-012
   4.0269999999999868       -73.602920557425321        5.9996822325085004E-012
   4.0279999999999871       -73.618879383938463        6.8275755419714796E-012
   4.0289999999999875       -73.634844103780011        6.8957432356834642E-012
   4.0299999999999878       -73.650814714569805        5.9533859323816314E-012
   4.0309999999999881       -73.666791213922707        5.3687794950481776E-012
   4.0319999999999885       -73.682773599454066        5.8026916605058432E-012
   4.0329999999999888       -73.698761868776089        5.5357570379518011E-012
   4.0339999999999892       -73.714756019499788        6.0236260424062493E-012
   4.0349999999999895       -73.730756049229925        6.5375112730710798E-012
   4.0359999999999898       -73.746761955577369        5.7255681677285492E-012
   4.0369999999999902       -73.762773736139920        5.2472840887200318E-012
   4.0379999999999905       -73.778791388521029        6.5791816439286777E-012
   4.0389999999999908       -73.794814910324448        6.4771891553997802E-012
   4.0399999999999912       -73.810844299142445        6.4250826881107059E-012
   4.0409999999999915       -73.826879552572663        5.2415849438602891E-012
   4.0419999999999918       -73.842920668208379        4.8190340606879545E-012
   4.0429999999999922       -73.858967643637058        5.2426211520166061E-012
   4.0439999999999925       -73.875020476451994        5.4843537119116564E-012
   4.0449999999999928       -73.891079164239571        5.8688609527735025E-012
   4.0459999999999932       -73.907143704581827        5.7489568661139856E-012
   4.0469999999999935       -73.923214095065063        5.0145813427585990E-012
   4.0479999999999938       -73.939290333267962        4.4101019132843549E-012
   4.0489999999999942       -73.955372416767560        4.7803982994309990E-012
   4.0499999999999945       -73.971460343146447        4.3680614680852159E-012
   4.0509999999999948       -73.987554109970205        4.4229064855016986E-012
   4.0519999999999952       -74.003653714818583        4.7823226860070162E-012
   4.0529999999999955       -74.019759155263174        4.8142230942479119E-012
   4.0539999999999958       -74.035870428864655        4.2614800577212009E-012
   4.0549999999999962       -74.051987533196638        4.2936765254353304E-012
   4.0559999999999965       -74.068110465820439        3.1589545794001119E-012
   4.0569999999999968       -74.084239224299637        3.6827578024182612E-012
   4.0579999999999972       -74.100373806192039        3.7318296601066931E-012
   4.0589999999999975       -74.116514209058451        3.5410933444760908E-012
   4.0599999999999978       -74.132660430456255        3.3613112293551239E-012
   4.0609999999999982       -74.148812467939806        3.2898868814375723E-012
   4.0619999999999985       -74.164970319059947        2.8287002370082823E-012
   4.0629999999999988       -74.181133981366614        2.8998285254526004E-012
   4.0639999999999992       -74.197303452409940        2.9948636163605138E-012
   4.0649999999999995       -74.213478729735471        3.2758980713272954E-012
   4.0659999999999998       -74.229659810890595        3.4683367289289890E-012
   4.0670000000000002       -74.245846693414819        2.6854074519633286E-012
   4.0680000000000005       -74.262039374847333        2.4820886087203084E-012
   4.0690000000000008       -74.278237852731380        3.0409748793166122E-012
   4.0700000000000012       -74.294442124602483        2.6791902030254278E-012
   4.0710000000000015       -74.310652187992730        2.8700745483926462E-012
   4.0720000000000018       -74.326868040438953        2.7983541410018611E-012
   4.0730000000000022       -74.343089679468378        2.6310805386250044E-012
   4.0740000000000025       -74.359317102614469        3.1158039111763478E-012
   4.0750000000000028       -74.375550307401141        2.8370639171271250E-012
   4.0760000000000032       -74.391789291355011        2.4521866019237373E-012
   4.0770000000000035       -74.408034051998783        2.4159193164526491E-012
   4.0780000000000038       -74.424284586854071        2.1857330760136997E-012
   4.0790000000000042       -74.440540893440428        2.6152413568070187E-012
   4.0800000000000045       -74.456802969278641        2.4472276057470785E-012
   4.0810000000000048       -74.473070811879381        2.2931286499291068E-012
   4.0820000000000052       -74.489344418759146        2.4165854502674242E-012
   4.0830000000000055       -74.505623787429741        2.0512480602974392E-012
   4.0840000000000058       -74.521908915402420        2.0426623355736715E-012
   4.0850000000000062       -74.538199800184259        2.3191818835736435E-012
   4.0860000000000065       -74.554496439283270        1.9742725972567618E-012
   4.0870000000000068       -74.570798830202108        2.0078753474687496E-012
   4.0880000000000072       -74.587106970444182        2.1007640071957212E-012
   4.0890000000000075       -74.603420857513640        1.7760607799270172E-012
   4.0900000000000079       -74.619740488905393        2.0621282459387658E-012
   4.0910000000000082       -74.636065862119025        1.9693876159484111E-012
   4.0920000000000085       -74.652396974648724        1.7984872850244453E-012
   4.0930000000000089       -74.668733823988944        1.7091513389762743E-012
   4.0940000000000092       -74.685076407632977        1.9843386193466963E-012
   4.0950000000000095       -74.701424723069834        1.8297955743188745E-012
   4.0960000000000099       -74.717778767786371        2.0960270556239871E-012
   4.0970000000000102       -74.734138539270177        1.8408978045651261E-012
   4.0980000000000105       -74.750504035006813        1.8554047187535616E-012
